mac
3
end
job
40
end
fam
5
end
proc_times
[[  0  18  27  77   3   1  37  50  81   1  17  88  25  43  43  15  88  67
    8  36  33  21  63  20  24  78  30  55  25   1  72  10  25  79  90  24
   17  13  42  86  32]
 [  0  80  69  45  19  58  46  22   1  70  58  35  66 100  92  32  56  52
    4  20  75  36  49  75  60  86  43  47  62  12  52  37  60  23 100  99
   48  48  41   4  82]
 [  0  17  65  62  80  25  19  20 100   1  18  39  68  21  69  38  55  97
   31  57  38  51   2  71  73  42  57  77  72  90  28  69  90  35  71  96
    5   9  96  98   4]]
end
weight
[[ 0 84 73 69 57 45 99 35 21 86 67 46 30 93 74 80 41 41 48 16 14 94 94 90
   9 33 41 68 66 69 58 21 10 98 37 69 42 72 77 58 26]]
end
setup_times
[[[ 0 57 43 35 43 37]
  [ 0  0 55 59 43 33]
  [ 0 33  0 36 49 30]
  [ 0 48 56  0 30 35]
  [ 0 40 30 44  0 55]
  [ 0 58 30 44 41  0]]

 [[ 0 58 36 49 56 33]
  [ 0  0 34 36 51 32]
  [ 0 37  0 53 59 37]
  [ 0 50 52  0 36 30]
  [ 0 42 40 36  0 34]
  [ 0 40 51 52 41  0]]

 [[ 0 49 49 46 46 37]
  [ 0  0 37 34 48 53]
  [ 0 51  0 33 48 41]
  [ 0 54 31  0 35 41]
  [ 0 49 31 55  0 49]
  [ 0 55 42 59 35  0]]]
end
fixed_cost
[[2828 2759 2836]]
end
unit_cost
[[54 60 63]]
end
job2fam
[[1 0 0 0 0 0 0 0 0 0 0 0 0 0 0 0 0 0 0 0 0 0 0 0 0 0 0 0 0 0 0 0 0 0 0 0
  0 0 0 0 0]
 [0 0 0 1 0 0 0 0 0 0 1 0 0 0 0 0 0 0 0 0 0 0 0 0 0 0 0 0 1 0 0 0 1 1 0 0
  0 0 0 0 0]
 [0 1 0 0 0 0 0 0 1 1 0 1 1 0 1 0 0 0 0 0 1 0 0 0 0 0 0 0 0 0 0 0 0 0 0 0
  0 0 0 0 0]
 [0 0 0 0 0 0 0 0 0 0 0 0 0 0 0 1 0 1 0 0 0 0 1 1 0 0 0 0 0 1 1 1 0 0 0 1
  0 0 0 1 1]
 [0 0 1 0 1 0 1 0 0 0 0 0 0 0 0 0 1 0 1 1 0 1 0 0 0 0 0 0 0 0 0 0 0 0 1 0
  1 1 0 0 0]
 [0 0 0 0 0 1 0 1 0 0 0 0 0 1 0 0 0 0 0 0 0 0 0 0 1 1 1 1 0 0 0 0 0 0 0 0
  0 0 1 0 0]]
end
