mac
3
end
job
40
end
fam
5
end
proc_times
[[ 0 73 96  8  7 81 48 45 28 15 39 59 49  6 29 70 83 87 36 93 91 23 52  1
  22 81 56 79 86 46 19 63 45 50 26 51 40  6 60 28 27]
 [ 0 47 34 73 54  2 50 43 91 67 73 82 26 31  5  5 29 19 47 64 51 72 82 86
  13  7 69 76 27 73 79 72 15 32  3 35 84 56 56 71 50]
 [ 0 23 75 86 20 68 25 13 43 92 40 97 46 40 13  1 59 32 78 41 35 21 85 48
  69 90 31 89 62 87 49 33 13 12  1 93 23 35 11 76 81]]
end
weight
[[ 0 13 84 38 28 53 62 51 20 35 91 67 69 87 49 18 99 62 47 62 46 37 92 25
  88 49 33 47 39 57  7 21 45 74 86  7 73 55 14 89  2]]
end
setup_times
[[[ 0 42 46 31 54 39]
  [ 0  0 40 52 30 58]
  [ 0 48  0 38 31 42]
  [ 0 45 43  0 47 58]
  [ 0 40 55 40  0 54]
  [ 0 48 53 43 41  0]]

 [[ 0 56 33 54 57 57]
  [ 0  0 38 45 33 43]
  [ 0 38  0 50 50 47]
  [ 0 56 58  0 58 42]
  [ 0 53 48 30  0 36]
  [ 0 52 37 48 38  0]]

 [[ 0 31 33 47 50 36]
  [ 0  0 39 35 47 42]
  [ 0 37  0 40 44 47]
  [ 0 46 36  0 44 48]
  [ 0 35 59 47  0 33]
  [ 0 38 42 43 40  0]]]
end
fixed_cost
[[2328 2338 2336]]
end
unit_cost
[[49 45 51]]
end
job2fam
[[1 0 0 0 0 0 0 0 0 0 0 0 0 0 0 0 0 0 0 0 0 0 0 0 0 0 0 0 0 0 0 0 0 0 0 0
  0 0 0 0 0]
 [0 0 0 1 0 0 0 0 0 0 1 0 0 0 0 0 0 0 0 0 0 0 0 0 0 0 0 0 1 0 0 0 1 1 0 0
  0 0 0 0 0]
 [0 1 0 0 0 0 0 0 1 1 0 1 1 0 1 0 0 0 0 0 1 0 0 0 0 0 0 0 0 0 0 0 0 0 0 0
  0 0 0 0 0]
 [0 0 0 0 0 0 0 0 0 0 0 0 0 0 0 1 0 1 0 0 0 0 1 1 0 0 0 0 0 1 1 1 0 0 0 1
  0 0 0 1 1]
 [0 0 1 0 1 0 1 0 0 0 0 0 0 0 0 0 1 0 1 1 0 1 0 0 0 0 0 0 0 0 0 0 0 0 1 0
  1 1 0 0 0]
 [0 0 0 0 0 1 0 1 0 0 0 0 0 1 0 0 0 0 0 0 0 0 0 0 1 1 1 1 0 0 0 0 0 0 0 0
  0 0 1 0 0]]
end
