mac
3
end
job
50
end
fam
3
end
proc_times
[[  0  53  21   6   5  18   7  50  35  39  43  64  34 100  79  55  52  15
   82  86  45  95   6   4   1  56  30  44  98   6  76  15  62  49  35  71
   83  40  26  36   7  62  55  70  11  10  88  22  10  64  11]
 [  0  72  94  62  64  98  95  75  34  65  68  71  70  78  39  31  27  55
   15  98   5  88  19  44  63  75  98   7  34  15  10  98  27  90  95  45
    3  36  58   3 100  91  60  16  70  53  35  55  62  81   6]
 [  0  38  39  97  34  73  25  75  65  29  51  68   3  13  31  42  19  61
   19   4  34  30  13  16  33  27  28  93  16  23  74  40  12  79  90  19
   65  86  22   9  62  56  43  21  70 100  43  32  74  41   3]]
end
weight
[[ 0 93 72 71 13 91 85 62 23 10 85 28  5 79  6 88 78 91 65 32 81  7 34 43
  81 79 77 79 86 80 68 47 44  1 79 93 40 33 72 52 95 86 76 54 98 10 71 76
  98 98 59]]
end
setup_times
[[[ 0 36 51 52]
  [ 0  0 59 38]
  [ 0 38  0 45]
  [ 0 55 45  0]]

 [[ 0 42 53 50]
  [ 0  0 32 34]
  [ 0 33  0 31]
  [ 0 34 41  0]]

 [[ 0 30 49 39]
  [ 0  0 38 45]
  [ 0 59  0 50]
  [ 0 35 45  0]]]
end
fixed_cost
[[2993 2976 2973]]
end
unit_cost
[[67 60 64]]
end
job2fam
[[1 0 0 0 0 0 0 0 0 0 0 0 0 0 0 0 0 0 0 0 0 0 0 0 0 0 0 0 0 0 0 0 0 0 0 0
  0 0 0 0 0 0 0 0 0 0 0 0 0 0 0]
 [0 1 0 0 1 1 1 1 1 0 1 0 0 1 0 0 1 0 0 1 1 0 0 1 1 0 0 1 0 0 0 0 1 0 1 0
  1 0 0 0 0 0 0 0 1 0 0 0 0 0 0]
 [0 0 0 1 0 0 0 0 0 1 0 0 0 0 1 1 0 0 1 0 0 0 1 0 0 1 1 0 1 0 1 0 0 1 0 1
  0 1 1 1 0 0 0 0 0 0 1 1 0 0 1]
 [0 0 1 0 0 0 0 0 0 0 0 1 1 0 0 0 0 1 0 0 0 1 0 0 0 0 0 0 0 1 0 1 0 0 0 0
  0 0 0 0 1 1 1 1 0 1 0 0 1 1 0]]
end
