mac
3
end
job
50
end
fam
5
end
proc_times
[[  0   9  12  96  54  84  83  68   9  79   6  60  72  47  12  95  14  92
   36  40  38  94  93  18   3  27  53  89  87  77  42  94  44  83   9  69
   90   5  72  59  44  89  68  76  76  15   4  44  47  75  71]
 [  0  37  55  58  78  40  98  35  94  70  48  23  37  64  76  86  42  99
   67  95  31  92   3  96  13   1  21  58  14  93  36  30   1  45  14  83
   71  62  81  65  36  64  37  44   2  88  61  50  57  86  93]
 [  0  71  24  63  31  11  71  46  81   7  96  57  73  72 100  96  31  62
   76  60   9  97  47  60  88  19  60   7  52  30  11  20   6  28  50  31
   12  57  72  40  38  59  40  75  35  10  57  67  62  31  81]]
end
weight
[[ 0 47  6 19 88 51 80 28 87 32 65 22 50 33 29 10  1 18 83 76  8 91 84 28
  72 49 90 39 83 98 54 77 49 66 37 91 98 89 25  2 41 76  6 97  9 68 58 17
  91 67 42]]
end
setup_times
[[[ 0 54 57 50 34 36]
  [ 0  0 49 54 35 59]
  [ 0 50  0 50 42 32]
  [ 0 58 54  0 30 46]
  [ 0 38 38 53  0 54]
  [ 0 42 41 58 50  0]]

 [[ 0 49 59 59 58 56]
  [ 0  0 32 31 46 34]
  [ 0 30  0 48 34 46]
  [ 0 31 34  0 49 54]
  [ 0 50 48 36  0 34]
  [ 0 43 30 33 56  0]]

 [[ 0 48 35 59 49 50]
  [ 0  0 45 35 56 48]
  [ 0 44  0 31 50 54]
  [ 0 47 31  0 45 44]
  [ 0 43 58 38  0 58]
  [ 0 58 53 39 46  0]]]
end
fixed_cost
[[2699 2698 2738]]
end
unit_cost
[[55 48 50]]
end
job2fam
[[1 0 0 0 0 0 0 0 0 0 0 0 0 0 0 0 0 0 0 0 0 0 0 0 0 0 0 0 0 0 0 0 0 0 0 0
  0 0 0 0 0 0 0 0 0 0 0 0 0 0 0]
 [0 0 0 0 0 0 1 0 0 0 0 0 1 1 0 1 0 0 0 0 1 0 0 0 1 0 0 0 0 1 0 0 0 0 0 0
  1 0 0 1 0 0 1 0 0 0 0 0 0 0 0]
 [0 1 0 0 1 1 0 0 0 0 0 0 0 0 0 0 0 0 0 1 0 0 0 1 0 0 1 0 0 0 0 0 0 0 0 0
  0 1 0 0 0 1 0 1 0 1 0 0 0 0 0]
 [0 0 0 1 0 0 0 0 0 1 0 0 0 0 1 0 0 0 1 0 0 1 0 0 0 1 0 1 1 0 0 0 1 0 1 1
  0 0 0 0 0 0 0 0 0 0 1 0 0 0 0]
 [0 0 1 0 0 0 0 1 1 0 1 0 0 0 0 0 1 1 0 0 0 0 0 0 0 0 0 0 0 0 1 1 0 1 0 0
  0 0 1 0 0 0 0 0 1 0 0 1 0 0 1]
 [0 0 0 0 0 0 0 0 0 0 0 1 0 0 0 0 0 0 0 0 0 0 1 0 0 0 0 0 0 0 0 0 0 0 0 0
  0 0 0 0 1 0 0 0 0 0 0 0 1 1 0]]
end
