mac
3
end
job
50
end
fam
8
end
proc_times
[[  0  90  31  92  26  78  69  21  83  89  53  98  75  41  22   5   2  73
   27  36  89  46  42  86  97  59   7  77  22  35  20  11  79   8  71   8
   62  60  83  79  66  27  93  29  53  23  36  12  54  36   6]
 [  0  37  60  91  24  69  48  53  96  52  68  78  84  60  85 100  85  47
   55  80  27  63  24  75  24  55  28  20  56  59  28   8  95  17   1  54
   24  36  86  63  37  78  40  17  47  77  58  18  60  32  54]
 [  0  42  77  13  80  57   2   3  43  84   2   2  38  16  63  23  68  69
   42  39  73  92  35  16  27  49  72  94  32 100  85  78  44  56  98  62
   14  75  61  99  38  84  56  16  27  12  94  45  10  13  94]]
end
weight
[[ 0 36 88  5  4 34 63 53 32 41  4 48 97 50 80 98 80 81 20 26  6 96  4 27
   3 15 83 74  6 53 25  3 76 41 45 56 25  1  5 83 71 11 49 57 23 29 71 52
  77 72 42]]
end
setup_times
[[[ 0 54 52 41 52 47 52 32 55]
  [ 0  0 30 54 56 36 58 30 36]
  [ 0 47  0 50 39 44 36 45 50]
  [ 0 46 55  0 30 36 47 46 36]
  [ 0 35 48 32  0 45 33 47 55]
  [ 0 42 50 41 36  0 33 35 43]
  [ 0 43 56 30 57 32  0 49 50]
  [ 0 51 50 51 40 34 36  0 40]
  [ 0 59 39 53 39 59 36 59  0]]

 [[ 0 38 48 57 51 36 42 46 32]
  [ 0  0 53 39 48 31 45 52 41]
  [ 0 51  0 51 31 59 51 55 39]
  [ 0 47 59  0 46 59 42 31 59]
  [ 0 39 44 32  0 57 53 39 48]
  [ 0 55 55 38 36  0 43 33 51]
  [ 0 48 34 34 48 32  0 31 42]
  [ 0 47 39 51 42 37 49  0 55]
  [ 0 38 42 48 34 45 52 53  0]]

 [[ 0 48 47 39 50 41 50 40 54]
  [ 0  0 43 44 47 30 38 49 44]
  [ 0 31  0 56 38 43 47 39 38]
  [ 0 52 38  0 40 43 38 38 34]
  [ 0 37 43 30  0 31 42 54 31]
  [ 0 47 34 33 56  0 51 33 46]
  [ 0 42 34 51 43 37  0 30 35]
  [ 0 50 35 30 57 44 34  0 43]
  [ 0 56 53 34 39 54 34 52  0]]]
end
fixed_cost
[[2308 2310 2284]]
end
unit_cost
[[49 47 40]]
end
job2fam
[[1 0 0 0 0 0 0 0 0 0 0 0 0 0 0 0 0 0 0 0 0 0 0 0 0 0 0 0 0 0 0 0 0 0 0 0
  0 0 0 0 0 0 0 0 0 0 0 0 0 0 0]
 [0 0 0 0 0 0 1 0 0 0 0 0 0 0 0 0 0 1 0 0 1 0 0 0 0 1 0 0 0 1 0 0 0 0 0 0
  0 0 0 0 0 0 0 0 0 0 0 0 0 0 0]
 [0 1 0 0 0 0 0 0 1 0 0 0 0 0 0 1 0 0 0 1 0 0 0 1 0 0 1 0 0 0 0 1 0 0 0 0
  1 0 0 0 0 0 0 1 0 0 0 0 0 0 0]
 [0 0 0 0 0 0 0 0 0 0 0 0 0 1 0 0 0 0 0 0 0 1 0 0 0 0 0 0 0 0 1 0 0 0 0 1
  0 0 0 1 0 0 0 0 0 1 0 0 0 0 0]
 [0 0 0 0 0 0 0 0 0 1 1 0 0 0 1 0 0 0 0 0 0 0 0 0 1 0 0 1 0 0 0 0 0 0 1 0
  0 1 0 0 0 0 0 0 0 0 0 0 0 0 1]
 [0 0 0 1 0 0 0 0 0 0 0 0 0 0 0 0 0 0 0 0 0 0 0 0 0 0 0 0 0 0 0 0 0 0 0 0
  0 0 1 0 1 1 0 0 0 0 0 1 0 0 0]
 [0 0 1 0 0 1 0 1 0 0 0 1 0 0 0 0 1 0 0 0 0 0 1 0 0 0 0 0 1 0 0 0 1 0 0 0
  0 0 0 0 0 0 0 0 0 0 0 0 0 0 0]
 [0 0 0 0 1 0 0 0 0 0 0 0 1 0 0 0 0 0 1 0 0 0 0 0 0 0 0 0 0 0 0 0 0 1 0 0
  0 0 0 0 0 0 1 0 1 0 0 0 1 1 0]
 [0 0 0 0 0 0 0 0 0 0 0 0 0 0 0 0 0 0 0 0 0 0 0 0 0 0 0 0 0 0 0 0 0 0 0 0
  0 0 0 0 0 0 0 0 0 0 1 0 0 0 0]]
end
