mac
3
end
job
50
end
fam
5
end
proc_times
[[  0  10  56  82  57  73  42   5  96  53   7  30  33  63  62  15  72  64
   77  60  37   7   7  21  81  39  33  73  80  91  68  77  94  63  90   5
   26  87  90  76  85  29  99  82  81  42  12  91  94   6  47]
 [  0  38  81  62  11   2  63   2  61  75  90  74  51  93 100  94  25  90
    2  12   8  49  33  50  26  34   2   2  90  84  57  38  86  11  77   7
   57  58  74  93  72  32  18   7  72  75  69  62  46  62  63]
 [  0  84  42  93  61  73  52  17  72   2  75  52  29  13  12  22   6  54
   16  29  99  34  75  56  27   4  20  97  49  50   8  86  14  57  35  44
   21  55  50  55  56  76   8  68  95  84  50  43  41  32  67]]
end
weight
[[ 0 19 38 27  5 33 55 99 70 24 72 34 30 65 48 41 35 50 71 15  1 73 89 39
  20 40 58 96 83  2 11 49 95 90 27  5  9  6 65 17 56 74 12 87 89 15 15 87
  76 67 41]]
end
setup_times
[[[ 0 31 44 55 58 49]
  [ 0  0 59 45 37 57]
  [ 0 41  0 36 31 46]
  [ 0 57 33  0 40 46]
  [ 0 37 36 32  0 57]
  [ 0 45 43 56 34  0]]

 [[ 0 39 57 47 36 56]
  [ 0  0 57 35 56 37]
  [ 0 41  0 48 32 42]
  [ 0 33 55  0 36 51]
  [ 0 57 30 55  0 48]
  [ 0 47 42 51 56  0]]

 [[ 0 48 37 58 48 59]
  [ 0  0 36 54 46 53]
  [ 0 47  0 54 39 46]
  [ 0 37 59  0 36 55]
  [ 0 41 41 43  0 47]
  [ 0 36 48 37 40  0]]]
end
fixed_cost
[[2295 2292 2286]]
end
unit_cost
[[44 47 44]]
end
job2fam
[[1 0 0 0 0 0 0 0 0 0 0 0 0 0 0 0 0 0 0 0 0 0 0 0 0 0 0 0 0 0 0 0 0 0 0 0
  0 0 0 0 0 0 0 0 0 0 0 0 0 0 0]
 [0 0 0 0 0 0 1 0 0 0 0 0 1 1 0 1 0 0 0 0 1 0 0 0 1 0 0 0 0 1 0 0 0 0 0 0
  1 0 0 1 0 0 1 0 0 0 0 0 0 0 0]
 [0 1 0 0 1 1 0 0 0 0 0 0 0 0 0 0 0 0 0 1 0 0 0 1 0 0 1 0 0 0 0 0 0 0 0 0
  0 1 0 0 0 1 0 1 0 1 0 0 0 0 0]
 [0 0 0 1 0 0 0 0 0 1 0 0 0 0 1 0 0 0 1 0 0 1 0 0 0 1 0 1 1 0 0 0 1 0 1 1
  0 0 0 0 0 0 0 0 0 0 1 0 0 0 0]
 [0 0 1 0 0 0 0 1 1 0 1 0 0 0 0 0 1 1 0 0 0 0 0 0 0 0 0 0 0 0 1 1 0 1 0 0
  0 0 1 0 0 0 0 0 1 0 0 1 0 0 1]
 [0 0 0 0 0 0 0 0 0 0 0 1 0 0 0 0 0 0 0 0 0 0 1 0 0 0 0 0 0 0 0 0 0 0 0 0
  0 0 0 0 1 0 0 0 0 0 0 0 1 1 0]]
end
