mac
4
end
job
10
end
fam
3
end
proc_times
[[ 0 26 16 13 71 29 68 29 54 46 30]
 [ 0 19 96 91 32  8  6 40 25 16 24]
 [ 0 73 73 66 92 53 38 92 92 42 27]
 [ 0 83 56 92 63 24 91 49 49 96 60]]
end
weight
[[ 0 44 70 29 24 35 56 83 55 98 11]]
end
setup_times
[[[ 0 38 32 53]
  [ 0  0 43 44]
  [ 0 32  0 33]
  [ 0 34 46  0]]

 [[ 0 48 41 37]
  [ 0  0 44 53]
  [ 0 39  0 48]
  [ 0 53 50  0]]

 [[ 0 55 49 52]
  [ 0  0 50 48]
  [ 0 56  0 42]
  [ 0 37 54  0]]

 [[ 0 36 42 46]
  [ 0  0 50 48]
  [ 0 57  0 31]
  [ 0 58 39  0]]]
end
fixed_cost
[[2448 2437 2431 2459]]
end
unit_cost
[[54 41 47 51]]
end
job2fam
[[1 0 0 0 0 0 0 0 0 0 0]
 [0 0 0 0 0 0 1 0 0 1 0]
 [0 0 0 0 0 1 0 1 1 0 0]
 [0 1 1 1 1 0 0 0 0 0 1]]
end
