mac
4
end
job
10
end
fam
3
end
proc_times
[[ 0 88 19 97  5 11 16 40 96 85 70]
 [ 0  1 65  7 38 88 90 50 10 30 84]
 [ 0 36  4 58 97 58 68 82 17 74 33]
 [ 0 78 58 59 91 74 75 31 44 22  6]]
end
weight
[[ 0 96 71 97  5 58 99  6 96 52 46]]
end
setup_times
[[[ 0 35 47 36]
  [ 0  0 41 51]
  [ 0 33  0 54]
  [ 0 42 50  0]]

 [[ 0 43 33 52]
  [ 0  0 58 33]
  [ 0 31  0 42]
  [ 0 46 47  0]]

 [[ 0 42 41 59]
  [ 0  0 48 32]
  [ 0 34  0 39]
  [ 0 37 34  0]]

 [[ 0 51 30 40]
  [ 0  0 34 57]
  [ 0 47  0 56]
  [ 0 46 54  0]]]
end
fixed_cost
[[3314 3301 3235 3276]]
end
unit_cost
[[66 58 66 63]]
end
job2fam
[[1 0 0 0 0 0 0 0 0 0 0]
 [0 0 0 0 0 0 1 0 0 1 0]
 [0 0 0 0 0 1 0 1 1 0 0]
 [0 1 1 1 1 0 0 0 0 0 1]]
end
