mac
4
end
job
10
end
fam
3
end
proc_times
[[ 0 49 18 66 65 46 48 41 37 49 45]
 [ 0 22  9 61 37 36 41 64 59 61 31]
 [ 0 85 73 54 33 55 84 88 69 17 70]
 [ 0 63 74 10 90  2 33 20 75 65 33]]
end
weight
[[ 0 40 59 64 79 71 38 16 29 21 14]]
end
setup_times
[[[ 0 31 44 31]
  [ 0  0 43 51]
  [ 0 49  0 40]
  [ 0 57 56  0]]

 [[ 0 31 45 40]
  [ 0  0 55 39]
  [ 0 40  0 36]
  [ 0 48 46  0]]

 [[ 0 37 53 45]
  [ 0  0 45 53]
  [ 0 38  0 49]
  [ 0 32 38  0]]

 [[ 0 37 38 30]
  [ 0  0 41 35]
  [ 0 43  0 36]
  [ 0 51 56  0]]]
end
fixed_cost
[[2174 2166 2219 2165]]
end
unit_cost
[[40 42 43 49]]
end
job2fam
[[1 0 0 0 0 0 0 0 0 0 0]
 [0 0 0 0 0 0 1 0 0 1 0]
 [0 0 0 0 0 1 0 1 1 0 0]
 [0 1 1 1 1 0 0 0 0 0 1]]
end
