mac
4
end
job
10
end
fam
8
end
proc_times
[[  0  72  21  71  25  76   7  59  97  65  83]
 [  0  91  50 100  83  10  13  43  21  18  25]
 [  0  18   8  43  90   2  54   3  46  83  39]
 [  0  31  88  25  73  53  50  35  58  47  54]]
end
weight
[[ 0  7 23 32 83 24 48 82 34 31 92]]
end
setup_times
[[[ 0 43 53 49 45 38 58 37 38]
  [ 0  0 31 57 33 33 45 53 55]
  [ 0 54  0 54 39 33 32 48 53]
  [ 0 38 59  0 32 50 52 38 52]
  [ 0 42 30 43  0 58 35 58 59]
  [ 0 46 36 42 39  0 45 51 52]
  [ 0 50 52 58 48 38  0 43 41]
  [ 0 56 57 47 49 51 46  0 44]
  [ 0 53 47 56 47 54 31 37  0]]

 [[ 0 38 48 32 35 33 36 54 42]
  [ 0  0 40 48 35 38 43 56 48]
  [ 0 31  0 39 43 44 58 51 57]
  [ 0 48 59  0 57 51 53 42 35]
  [ 0 52 49 49  0 42 31 38 59]
  [ 0 40 31 40 51  0 34 35 53]
  [ 0 51 40 56 30 40  0 51 32]
  [ 0 46 44 40 49 34 49  0 49]
  [ 0 55 30 33 37 52 31 47  0]]

 [[ 0 39 59 31 46 33 49 57 44]
  [ 0  0 32 54 45 39 34 55 36]
  [ 0 43  0 45 40 55 59 30 41]
  [ 0 55 33  0 37 34 43 50 31]
  [ 0 33 31 46  0 45 41 54 48]
  [ 0 55 53 39 54  0 30 40 37]
  [ 0 54 37 57 37 42  0 55 40]
  [ 0 57 35 50 48 51 40  0 42]
  [ 0 57 41 35 58 50 53 33  0]]

 [[ 0 38 35 35 55 49 33 33 57]
  [ 0  0 36 41 37 35 38 41 45]
  [ 0 44  0 30 53 31 50 48 53]
  [ 0 45 57  0 58 59 44 58 30]
  [ 0 55 44 36  0 42 51 42 52]
  [ 0 41 37 56 45  0 49 36 41]
  [ 0 32 42 46 35 31  0 40 35]
  [ 0 45 43 46 57 56 58  0 38]
  [ 0 34 55 42 36 41 44 30  0]]]
end
fixed_cost
[[2055 1975 2002 2056]]
end
unit_cost
[[42 41 42 41]]
end
job2fam
[[1 0 0 0 0 0 0 0 0 0 0]
 [0 0 0 0 0 0 1 0 0 0 0]
 [0 0 0 0 0 0 0 1 0 0 0]
 [0 1 0 0 0 0 0 0 0 0 0]
 [0 0 0 0 0 0 0 0 1 0 0]
 [0 0 0 0 1 0 0 0 0 0 0]
 [0 0 1 1 0 0 0 0 0 1 0]
 [0 0 0 0 0 1 0 0 0 0 0]
 [0 0 0 0 0 0 0 0 0 0 1]]
end
