mac
3
end
job
10
end
fam
5
end
proc_times
[[ 0 25 58 93  8 99 73 22  9  3  4]
 [ 0 21 61 76 29  8 81 50 42 77 91]
 [ 0 72 47 90 21 90  5 41 43 34 93]]
end
weight
[[ 0 43 73 61 10 94 42 70 14 94 55]]
end
setup_times
[[[ 0 40 52 45 51 46]
  [ 0  0 43 35 43 34]
  [ 0 41  0 33 47 58]
  [ 0 31 48  0 37 31]
  [ 0 55 58 33  0 48]
  [ 0 41 41 44 34  0]]

 [[ 0 53 43 48 51 39]
  [ 0  0 52 55 57 49]
  [ 0 37  0 44 58 43]
  [ 0 48 31  0 47 56]
  [ 0 44 52 59  0 59]
  [ 0 51 44 52 42  0]]

 [[ 0 30 58 37 37 59]
  [ 0  0 36 34 52 55]
  [ 0 51  0 59 32 49]
  [ 0 34 57  0 42 56]
  [ 0 45 36 35  0 43]
  [ 0 49 36 35 52  0]]]
end
fixed_cost
[[2911 2868 2933]]
end
unit_cost
[[60 60 55]]
end
job2fam
[[1 0 0 0 0 0 0 0 0 0 0]
 [0 0 0 0 0 0 1 0 0 0 0]
 [0 0 0 0 0 0 0 1 0 0 0]
 [0 1 0 1 0 0 0 0 0 0 1]
 [0 0 1 0 0 0 0 0 1 1 0]
 [0 0 0 0 1 1 0 0 0 0 0]]
end
