mac
4
end
job
10
end
fam
8
end
proc_times
[[  0  34  15  91  89  49  82  52  27  59  68]
 [  0  26  13  35  70  72  50  33  85  52  28]
 [  0  49  41  69  89  16  35  86  66  44 100]
 [  0  19  66  14   3   4  38  13  87  93   9]]
end
weight
[[ 0 25 28 28 49 16 83 98 46 91 93]]
end
setup_times
[[[ 0 50 51 55 36 48 31 46 36]
  [ 0  0 32 39 32 56 57 45 59]
  [ 0 48  0 40 34 42 35 45 49]
  [ 0 41 37  0 37 46 55 43 52]
  [ 0 39 58 49  0 57 53 55 40]
  [ 0 56 57 58 33  0 58 49 35]
  [ 0 38 35 41 36 36  0 40 48]
  [ 0 35 35 35 56 36 53  0 58]
  [ 0 40 58 43 40 57 54 53  0]]

 [[ 0 32 52 53 49 31 57 49 48]
  [ 0  0 59 49 46 34 50 51 58]
  [ 0 36  0 42 57 37 58 51 44]
  [ 0 44 38  0 40 46 57 46 33]
  [ 0 56 38 36  0 56 45 55 42]
  [ 0 58 58 43 55  0 31 59 59]
  [ 0 34 46 55 31 37  0 38 32]
  [ 0 30 32 59 58 59 45  0 30]
  [ 0 38 44 32 30 46 50 43  0]]

 [[ 0 49 31 33 51 50 41 56 31]
  [ 0  0 51 49 37 50 35 40 57]
  [ 0 54  0 59 33 49 30 46 51]
  [ 0 52 44  0 52 39 47 40 49]
  [ 0 30 49 43  0 39 57 33 47]
  [ 0 57 45 34 33  0 56 42 30]
  [ 0 44 50 59 52 54  0 59 39]
  [ 0 58 30 30 31 44 42  0 52]
  [ 0 50 42 52 55 32 44 49  0]]

 [[ 0 45 55 47 40 38 37 50 34]
  [ 0  0 59 57 43 30 36 34 52]
  [ 0 46  0 52 55 51 53 48 41]
  [ 0 48 55  0 41 48 36 40 55]
  [ 0 57 55 37  0 55 30 33 53]
  [ 0 55 48 36 33  0 48 50 40]
  [ 0 49 37 40 54 54  0 33 51]
  [ 0 40 44 49 39 41 33  0 49]
  [ 0 42 46 55 36 47 49 32  0]]]
end
fixed_cost
[[2686 2693 2681 2712]]
end
unit_cost
[[56 56 52 60]]
end
job2fam
[[1 0 0 0 0 0 0 0 0 0 0]
 [0 0 0 0 0 0 1 0 0 0 0]
 [0 0 0 0 0 0 0 1 0 0 0]
 [0 1 0 0 0 0 0 0 0 0 0]
 [0 0 0 0 0 0 0 0 1 0 0]
 [0 0 0 0 1 0 0 0 0 0 0]
 [0 0 1 1 0 0 0 0 0 1 0]
 [0 0 0 0 0 1 0 0 0 0 0]
 [0 0 0 0 0 0 0 0 0 0 1]]
end
