mac
4
end
job
10
end
fam
8
end
proc_times
[[ 0 11  7 70  6 46 60 60 10 81 30]
 [ 0 76 53 48 48 88 59 18 22 36 15]
 [ 0 78 23 98  7 13 21 62 33 41  9]
 [ 0  8 97 77 33  8 59 65 74 32 72]]
end
weight
[[ 0 47 74 20  6  6 89 38 36 93 67]]
end
setup_times
[[[ 0 34 47 55 38 58 56 41 40]
  [ 0  0 47 49 51 31 48 42 56]
  [ 0 58  0 54 43 43 32 45 46]
  [ 0 41 55  0 34 48 55 43 54]
  [ 0 41 32 48  0 40 35 30 57]
  [ 0 31 36 42 40  0 58 49 58]
  [ 0 54 34 52 59 37  0 37 49]
  [ 0 47 52 56 48 36 59  0 30]
  [ 0 36 56 38 30 58 53 39  0]]

 [[ 0 55 48 36 49 56 32 57 48]
  [ 0  0 50 52 42 34 31 49 52]
  [ 0 40  0 59 52 36 45 51 52]
  [ 0 57 39  0 39 53 44 56 34]
  [ 0 47 49 37  0 49 48 48 51]
  [ 0 30 35 57 41  0 39 32 58]
  [ 0 35 44 54 53 40  0 53 57]
  [ 0 33 57 54 42 57 53  0 58]
  [ 0 37 43 34 31 48 41 49  0]]

 [[ 0 45 53 46 39 34 58 52 40]
  [ 0  0 50 59 58 35 43 36 30]
  [ 0 41  0 55 33 50 56 49 40]
  [ 0 38 41  0 47 40 32 51 45]
  [ 0 39 41 45  0 45 39 50 36]
  [ 0 34 45 45 42  0 38 42 47]
  [ 0 48 32 48 38 35  0 35 47]
  [ 0 32 41 48 55 54 34  0 34]
  [ 0 58 52 55 54 50 47 43  0]]

 [[ 0 46 51 53 46 45 35 55 49]
  [ 0  0 58 58 47 31 59 30 58]
  [ 0 51  0 45 33 30 37 48 51]
  [ 0 53 43  0 54 56 44 32 58]
  [ 0 36 45 44  0 46 35 43 51]
  [ 0 37 46 38 48  0 53 51 44]
  [ 0 49 38 42 34 32  0 37 33]
  [ 0 58 35 51 56 39 59  0 34]
  [ 0 37 42 30 36 38 48 46  0]]]
end
fixed_cost
[[1959 1957 2007 1984]]
end
unit_cost
[[42 50 41 44]]
end
job2fam
[[1 0 0 0 0 0 0 0 0 0 0]
 [0 0 0 0 0 0 1 0 0 0 0]
 [0 0 0 0 0 0 0 1 0 0 0]
 [0 1 0 0 0 0 0 0 0 0 0]
 [0 0 0 0 0 0 0 0 1 0 0]
 [0 0 0 0 1 0 0 0 0 0 0]
 [0 0 1 1 0 0 0 0 0 1 0]
 [0 0 0 0 0 1 0 0 0 0 0]
 [0 0 0 0 0 0 0 0 0 0 1]]
end
