mac
4
end
job
20
end
fam
3
end
proc_times
[[  0  32  99  41  52   4  33  24   1  25  13  32  90  69  17  53  62  13
   74  98  91]
 [  0   5  55  78  71  12  73  59  42  90  40  42  62  60  28  73  45  99
   78   4  63]
 [  0  25  79  31  88  41  36   6  30  65   9  44 100  33  68  91  58  68
   16  59  60]
 [  0  83  70  92  41  49  43  77   1   3  78  14  93  56  98  44  22  31
   88  45  84]]
end
weight
[[ 0 90 31 98 95 91  7 72 45 91 40 11 19  4 86 55 50 30 37 90 63]]
end
setup_times
[[[ 0 39 46 53]
  [ 0  0 35 57]
  [ 0 47  0 53]
  [ 0 41 47  0]]

 [[ 0 55 42 59]
  [ 0  0 35 45]
  [ 0 42  0 49]
  [ 0 50 39  0]]

 [[ 0 46 55 44]
  [ 0  0 50 33]
  [ 0 30  0 48]
  [ 0 54 45  0]]

 [[ 0 43 44 59]
  [ 0  0 34 57]
  [ 0 40  0 51]
  [ 0 39 58  0]]]
end
fixed_cost
[[2759 2776 2792 2823]]
end
unit_cost
[[49 59 55 53]]
end
job2fam
[[1 0 0 0 0 0 0 0 0 0 0 0 0 0 0 0 0 0 0 0 0]
 [0 0 1 0 1 0 0 1 0 1 0 0 0 1 0 0 1 0 0 0 0]
 [0 1 0 0 0 0 1 0 1 0 1 1 0 0 1 0 0 1 0 0 0]
 [0 0 0 1 0 1 0 0 0 0 0 0 1 0 0 1 0 0 1 1 1]]
end
