mac
4
end
job
20
end
fam
5
end
proc_times
[[ 0 28 95  5 51 92 75  4 86 74 81 96 38 37 90 56 40 50  6 46 67]
 [ 0  5 26 47 46 52  3  8  6 85 39 80 92 28 22 79 89  7 34 55 16]
 [ 0 11 76 41 67 32 43 81 51 54 87 97 37 61 84 60 94  7 78 60 72]
 [ 0 78 73 12 54 99 18 12 70 99 12  2 52 73 88 14  1 77 54 23 18]]
end
weight
[[ 0 71 99 79 30 98 34 36 16 30 79 76 36 50 14 46 92 41 30 25 17]]
end
setup_times
[[[ 0 51 41 36 43 47]
  [ 0  0 57 35 51 56]
  [ 0 49  0 38 57 37]
  [ 0 55 54  0 53 54]
  [ 0 52 58 36  0 39]
  [ 0 42 30 48 39  0]]

 [[ 0 47 33 43 32 37]
  [ 0  0 55 54 58 41]
  [ 0 30  0 56 49 41]
  [ 0 55 33  0 54 34]
  [ 0 56 46 54  0 44]
  [ 0 54 39 34 41  0]]

 [[ 0 31 39 34 35 39]
  [ 0  0 33 43 41 48]
  [ 0 43  0 53 45 52]
  [ 0 37 46  0 42 59]
  [ 0 30 33 59  0 43]
  [ 0 55 58 38 44  0]]

 [[ 0 57 30 45 53 56]
  [ 0  0 34 31 44 46]
  [ 0 51  0 39 42 31]
  [ 0 39 55  0 48 52]
  [ 0 44 31 54  0 37]
  [ 0 32 43 41 33  0]]]
end
fixed_cost
[[2630 2615 2651 2645]]
end
unit_cost
[[49 57 53 53]]
end
job2fam
[[1 0 0 0 0 0 0 0 0 0 0 0 0 0 0 0 0 0 0 0 0]
 [0 1 1 0 0 0 0 0 0 0 0 0 0 0 0 0 1 0 0 0 0]
 [0 0 0 0 0 0 0 1 0 0 1 1 0 0 0 0 0 0 0 0 0]
 [0 0 0 0 0 0 0 0 0 0 0 0 1 0 1 1 0 1 0 0 0]
 [0 0 0 0 0 1 1 0 1 1 0 0 0 0 0 0 0 0 0 0 1]
 [0 0 0 1 1 0 0 0 0 0 0 0 0 1 0 0 0 0 1 1 0]]
end
