mac
4
end
job
20
end
fam
8
end
proc_times
[[  0  81  85  87  78  28  24  54 100  78   3  50  46  16  11  80  25  63
   18   8   5]
 [  0  51  43  53  59  91  54  52  25  88  90  78  13  14  74  56  67  13
   90  39  53]
 [  0  35  89   3  10  92  14  59  42  57  93   9  13  51  72  25   7  43
   35  34  53]
 [  0  68  40  83  90  38  23  79  95   2  14  42  26  56  65   1  60  75
   43   1  28]]
end
weight
[[ 0 28 82 57 53 83 14 64 67 65 99 50 31 36 32 67 73 73 46 77 38]]
end
setup_times
[[[ 0 33 47 57 58 53 56 35 52]
  [ 0  0 49 57 58 50 42 37 54]
  [ 0 30  0 36 42 35 37 32 47]
  [ 0 58 49  0 43 50 51 41 30]
  [ 0 44 56 35  0 36 33 52 56]
  [ 0 43 37 39 55  0 50 46 43]
  [ 0 39 52 57 37 42  0 58 55]
  [ 0 30 42 59 55 55 40  0 53]
  [ 0 45 45 39 39 32 34 47  0]]

 [[ 0 56 39 41 31 59 38 44 34]
  [ 0  0 49 37 35 52 44 38 55]
  [ 0 53  0 48 53 33 36 46 38]
  [ 0 47 54  0 33 56 34 49 52]
  [ 0 54 51 43  0 32 56 33 37]
  [ 0 47 44 31 34  0 31 30 54]
  [ 0 42 43 32 42 52  0 49 30]
  [ 0 40 59 51 59 45 34  0 44]
  [ 0 30 46 56 40 54 44 41  0]]

 [[ 0 44 41 47 33 32 50 56 46]
  [ 0  0 45 34 55 49 57 32 55]
  [ 0 51  0 51 37 44 55 47 39]
  [ 0 32 57  0 33 53 52 34 38]
  [ 0 50 39 55  0 52 48 30 58]
  [ 0 32 39 55 49  0 43 35 43]
  [ 0 30 55 31 41 37  0 31 43]
  [ 0 46 58 32 49 50 36  0 35]
  [ 0 48 49 48 31 44 44 50  0]]

 [[ 0 56 32 47 40 37 59 41 52]
  [ 0  0 43 55 30 52 53 33 52]
  [ 0 41  0 59 30 51 39 30 50]
  [ 0 39 56  0 54 39 58 46 56]
  [ 0 37 56 30  0 41 56 49 47]
  [ 0 39 52 54 51  0 30 44 43]
  [ 0 49 43 55 42 36  0 49 35]
  [ 0 35 59 55 59 40 46  0 45]
  [ 0 35 39 36 31 51 52 55  0]]]
end
fixed_cost
[[2772 2727 2755 2744]]
end
unit_cost
[[56 62 57 60]]
end
job2fam
[[1 0 0 0 0 0 0 0 0 0 0 0 0 0 0 0 0 0 0 0 0]
 [0 0 0 0 0 0 0 0 0 0 0 0 0 0 1 0 1 0 0 0 0]
 [0 0 0 0 1 0 0 0 0 0 1 0 0 0 0 0 0 0 0 0 0]
 [0 0 0 0 0 0 1 0 0 0 0 0 0 0 0 1 0 0 0 0 0]
 [0 0 0 0 0 0 0 0 1 0 0 0 0 0 0 0 0 0 0 1 0]
 [0 0 0 0 0 0 0 0 0 1 0 0 0 1 0 0 0 0 0 0 0]
 [0 1 0 0 0 0 0 0 0 0 0 1 1 0 0 0 0 0 0 0 0]
 [0 0 0 1 0 0 0 1 0 0 0 0 0 0 0 0 0 1 1 0 0]
 [0 0 1 0 0 1 0 0 0 0 0 0 0 0 0 0 0 0 0 0 1]]
end
