mac
3
end
job
10
end
fam
5
end
proc_times
[[ 0 54 71 95 57 42 99  2 22 73 60]
 [ 0 47  6 30 12 95 98 62 57 94 72]
 [ 0 89 25 26 32 50  5 64 63 21 51]]
end
weight
[[ 0 49 17 67 69 16 47 91 38 29 80]]
end
setup_times
[[[ 0 40 39 43 55 50]
  [ 0  0 51 50 57 45]
  [ 0 31  0 42 46 36]
  [ 0 58 40  0 34 53]
  [ 0 45 34 31  0 44]
  [ 0 37 54 42 35  0]]

 [[ 0 55 33 53 38 49]
  [ 0  0 38 59 30 42]
  [ 0 57  0 30 51 49]
  [ 0 50 34  0 40 33]
  [ 0 52 34 36  0 44]
  [ 0 38 36 45 59  0]]

 [[ 0 31 50 45 46 48]
  [ 0  0 34 35 47 31]
  [ 0 59  0 50 51 38]
  [ 0 45 49  0 37 59]
  [ 0 55 50 30  0 45]
  [ 0 30 42 57 50  0]]]
end
fixed_cost
[[2804 2785 2734]]
end
unit_cost
[[57 48 54]]
end
job2fam
[[1 0 0 0 0 0 0 0 0 0 0]
 [0 0 0 0 0 0 1 0 0 0 0]
 [0 0 0 0 0 0 0 1 0 0 0]
 [0 1 0 1 0 0 0 0 0 0 1]
 [0 0 1 0 0 0 0 0 1 1 0]
 [0 0 0 0 1 1 0 0 0 0 0]]
end
