mac
4
end
job
20
end
fam
8
end
proc_times
[[  0  58  59  24  15  25  17   2  23   3  75 100  85   5  71  11   2  35
   94  31  65]
 [  0  68   2  49  18   7  88  56  90  96  36  53  53  21  31  97  96  20
   26  98  27]
 [  0  50  16  76  11  20  18  91  10  66  71   2  52  16  53  73  15  67
   33  95   4]
 [  0  52  76   9  56  60  63  90  35  46  60  79  65  46  71  29  96  40
   86  49  77]]
end
weight
[[ 0 61  9 87 43 45 39 84 68 26  7 18  9 54  1 57 47 81 52 95 35]]
end
setup_times
[[[ 0 44 43 56 58 54 44 41 49]
  [ 0  0 35 54 48 57 34 38 46]
  [ 0 56  0 46 39 31 32 57 33]
  [ 0 46 50  0 44 42 55 33 51]
  [ 0 31 35 39  0 36 30 46 34]
  [ 0 52 39 55 43  0 44 36 58]
  [ 0 41 46 38 42 40  0 38 50]
  [ 0 50 32 54 37 54 54  0 51]
  [ 0 50 45 39 47 35 53 35  0]]

 [[ 0 39 44 59 45 32 40 59 39]
  [ 0  0 33 50 44 40 51 58 49]
  [ 0 34  0 33 54 57 59 48 44]
  [ 0 59 47  0 40 35 34 37 37]
  [ 0 37 59 44  0 39 51 54 45]
  [ 0 54 30 46 59  0 35 46 45]
  [ 0 53 31 43 55 56  0 36 47]
  [ 0 33 52 53 40 42 50  0 32]
  [ 0 42 54 54 35 40 52 41  0]]

 [[ 0 36 59 38 41 32 37 35 53]
  [ 0  0 49 57 51 40 31 31 39]
  [ 0 44  0 58 50 49 31 51 37]
  [ 0 51 41  0 42 58 30 37 58]
  [ 0 38 39 34  0 38 36 50 58]
  [ 0 46 45 38 36  0 45 41 48]
  [ 0 59 46 47 37 35  0 57 33]
  [ 0 35 40 54 44 33 44  0 38]
  [ 0 58 30 42 55 31 59 46  0]]

 [[ 0 54 51 54 38 57 39 49 45]
  [ 0  0 34 39 33 31 58 41 46]
  [ 0 41  0 41 30 45 47 33 45]
  [ 0 59 34  0 54 51 54 53 43]
  [ 0 43 38 42  0 57 38 57 50]
  [ 0 57 57 41 54  0 59 50 51]
  [ 0 43 44 36 52 30  0 50 50]
  [ 0 40 50 45 33 49 43  0 49]
  [ 0 37 53 49 53 39 48 36  0]]]
end
fixed_cost
[[2190 2212 2152 2240]]
end
unit_cost
[[54 43 47 44]]
end
job2fam
[[1 0 0 0 0 0 0 0 0 0 0 0 0 0 0 0 0 0 0 0 0]
 [0 0 0 0 0 0 0 0 0 0 0 0 0 0 1 0 1 0 0 0 0]
 [0 0 0 0 1 0 0 0 0 0 1 0 0 0 0 0 0 0 0 0 0]
 [0 0 0 0 0 0 1 0 0 0 0 0 0 0 0 1 0 0 0 0 0]
 [0 0 0 0 0 0 0 0 1 0 0 0 0 0 0 0 0 0 0 1 0]
 [0 0 0 0 0 0 0 0 0 1 0 0 0 1 0 0 0 0 0 0 0]
 [0 1 0 0 0 0 0 0 0 0 0 1 1 0 0 0 0 0 0 0 0]
 [0 0 0 1 0 0 0 1 0 0 0 0 0 0 0 0 0 1 1 0 0]
 [0 0 1 0 0 1 0 0 0 0 0 0 0 0 0 0 0 0 0 0 1]]
end
