mac
4
end
job
30
end
fam
3
end
proc_times
[[ 0 67 12 15 80 15 11  3 27 10 74 64 47  2 28  1 10 19  4 55 62 49 75 78
  73 46 18 43 24 82 30]
 [ 0 64 45 31 72 26 58 18 16  5 95 54 88 19 10 62 51 97 90 81 82 66 68 32
   5  6 11 21  2 15 11]
 [ 0  8 19 23  7 81 98 26 11 99 76 39 65 47 19 96 26 51  4 62 18 37 26  3
  70 20 28 99 29 65 44]
 [ 0 93 68  1 28 93 76  9 77 37 68 36 90 99 17 53 53 51 95 84 12 31 84 10
   3 69  3  3 27 82 52]]
end
weight
[[ 0 94 29 21 33 37 55 54 34 31 62 33 21 48 11 23 62 34 56 13 19 38 31 56
  88 84 16 67 49 25 27]]
end
setup_times
[[[ 0 56 40 34]
  [ 0  0 55 33]
  [ 0 36  0 31]
  [ 0 50 33  0]]

 [[ 0 36 49 56]
  [ 0  0 41 30]
  [ 0 55  0 55]
  [ 0 40 59  0]]

 [[ 0 32 59 55]
  [ 0  0 53 52]
  [ 0 37  0 34]
  [ 0 41 57  0]]

 [[ 0 33 48 47]
  [ 0  0 37 33]
  [ 0 51  0 43]
  [ 0 54 43  0]]]
end
fixed_cost
[[1891 1900 1861 1931]]
end
unit_cost
[[39 40 49 44]]
end
job2fam
[[1 0 0 0 0 0 0 0 0 0 0 0 0 0 0 0 0 0 0 0 0 0 0 0 0 0 0 0 0 0 0]
 [0 0 1 1 0 1 0 1 0 0 1 0 0 0 0 0 1 0 1 1 0 0 0 0 0 0 0 0 0 0 1]
 [0 1 0 0 0 0 1 0 0 0 0 0 0 0 0 1 0 1 0 0 0 0 1 1 0 1 1 0 1 0 0]
 [0 0 0 0 1 0 0 0 1 1 0 1 1 1 1 0 0 0 0 0 1 1 0 0 1 0 0 1 0 1 0]]
end
