mac
4
end
job
30
end
fam
8
end
proc_times
[[  0   3  24  96  49  19  43  11  63  21  18  93  41  63  48  20  67  49
   11  32  21  22  20  54  76  89  23  50  64  53  70]
 [  0  20  15   7  34  15  42 100  94  71  81  88  19  11  79  83  91   3
   21  79  87  10  63  40  95   8  14  89  60  11  19]
 [  0  72  38  32  89  97  39  38  13  10   2  90  40  18  24  49  44   3
   82  19   7  59  91  85  28  84  35   9  13  43  85]
 [  0  57  60  90  57  27  19   8  90  98  40  42  64  41  10  85  25  26
   28  75   6  76  25   3  47  54  79  48  73  76  55]]
end
weight
[[ 0 98 22 48 31  6 65 26 61 54 34 70 53 87 14 43  1 56 35 12 40 50 10 65
  31 87 97 69 17 37 67]]
end
setup_times
[[[ 0 34 49 56 44 41 49 58 52]
  [ 0  0 36 55 31 43 41 45 32]
  [ 0 33  0 33 43 44 58 47 40]
  [ 0 56 57  0 56 30 58 44 36]
  [ 0 36 52 54  0 55 42 49 49]
  [ 0 31 34 46 51  0 49 58 55]
  [ 0 43 43 55 47 57  0 32 59]
  [ 0 30 40 39 38 31 39  0 52]
  [ 0 31 33 30 52 50 45 41  0]]

 [[ 0 39 45 51 40 35 51 35 32]
  [ 0  0 54 51 40 43 41 52 50]
  [ 0 39  0 32 39 33 31 31 52]
  [ 0 54 47  0 45 46 32 56 39]
  [ 0 49 40 30  0 57 34 38 49]
  [ 0 59 46 41 41  0 31 36 51]
  [ 0 51 56 53 32 44  0 43 56]
  [ 0 48 32 57 54 32 54  0 59]
  [ 0 56 32 39 38 35 30 51  0]]

 [[ 0 48 50 47 34 54 54 47 41]
  [ 0  0 47 49 57 47 32 59 45]
  [ 0 54  0 41 40 53 34 40 56]
  [ 0 37 47  0 34 41 41 59 49]
  [ 0 56 48 41  0 38 57 54 55]
  [ 0 34 35 36 40  0 55 52 54]
  [ 0 39 51 33 33 50  0 32 54]
  [ 0 42 44 59 50 39 30  0 53]
  [ 0 59 30 47 35 34 56 46  0]]

 [[ 0 37 56 50 30 33 57 53 51]
  [ 0  0 40 33 32 32 38 51 31]
  [ 0 39  0 36 32 33 52 38 30]
  [ 0 55 34  0 54 57 36 41 55]
  [ 0 56 43 46  0 54 36 31 47]
  [ 0 49 46 39 40  0 48 45 50]
  [ 0 36 58 52 48 36  0 34 30]
  [ 0 31 55 40 44 55 54  0 48]
  [ 0 59 39 39 56 50 41 34  0]]]
end
fixed_cost
[[2247 2211 2271 2283]]
end
unit_cost
[[40 52 42 53]]
end
job2fam
[[1 0 0 0 0 0 0 0 0 0 0 0 0 0 0 0 0 0 0 0 0 0 0 0 0 0 0 0 0 0 0]
 [0 0 0 0 0 0 0 0 0 0 0 0 0 1 0 0 0 0 0 0 0 0 0 0 0 0 0 0 1 0 1]
 [0 1 0 0 1 1 0 0 0 0 0 0 0 0 0 0 0 1 0 0 0 0 0 0 1 0 0 0 0 0 0]
 [0 0 0 0 0 0 0 0 1 0 0 1 0 0 1 0 0 0 0 0 0 0 0 0 0 0 0 1 0 0 0]
 [0 0 0 0 0 0 0 0 0 0 0 0 1 0 0 0 1 0 0 0 1 0 0 0 0 0 1 0 0 0 0]
 [0 0 1 0 0 0 0 0 0 0 0 0 0 0 0 0 0 0 0 0 0 0 0 0 0 1 0 0 0 0 0]
 [0 0 0 0 0 0 0 0 0 1 1 0 0 0 0 0 0 0 0 0 0 1 0 1 0 0 0 0 0 0 0]
 [0 0 0 1 0 0 1 1 0 0 0 0 0 0 0 1 0 0 0 0 0 0 0 0 0 0 0 0 0 0 0]
 [0 0 0 0 0 0 0 0 0 0 0 0 0 0 0 0 0 0 1 1 0 0 1 0 0 0 0 0 0 1 0]]
end
