mac
4
end
job
40
end
fam
5
end
proc_times
[[  0  16  39  47  85  47  28  38  92  75  95  42  40  91  52  34  83  68
    9  78  73  46  62  87  83  34  35  94  48  36  59  25  59  59   6  42
   31  56  55  66  52]
 [  0  90  78  15  65  98  56  22  81  22  53  78  49  49  51  56  74  84
   13  42  31  24  27  28  18   4  92  39 100  57  28   9  70  80  46  32
    7  49  52  63  86]
 [  0  11   3  31  90  98  32  94  42   4  21  88  89  73  98  32  87  43
   12  82  49  13  64  81  23  40   9  97  75  87  60   1  21  36  12  99
   19  59  63  99  67]
 [  0  50  41  86   8  18  97  85   8  25  12  31  87  54  44  82  50   9
   28  52  14  66  44  36  23  57  18  77  50  54  94  73  78  36   3  10
   23  96   4  57  50]]
end
weight
[[ 0 62 38 26  9 34 24  2 76 89 93 84 66 63 76 56 18 93 25 21 78 13  2 82
  58 94  7 98 44 87 49 37 53 60 48 38 50  4 74 26 20]]
end
setup_times
[[[ 0 38 43 59 40 42]
  [ 0  0 59 45 40 54]
  [ 0 56  0 57 39 45]
  [ 0 36 38  0 35 53]
  [ 0 43 30 57  0 59]
  [ 0 44 39 37 54  0]]

 [[ 0 47 43 57 43 33]
  [ 0  0 54 36 35 34]
  [ 0 44  0 42 37 33]
  [ 0 41 44  0 53 49]
  [ 0 37 32 32  0 33]
  [ 0 32 46 57 48  0]]

 [[ 0 31 52 48 33 47]
  [ 0  0 55 31 39 35]
  [ 0 41  0 45 58 41]
  [ 0 46 59  0 37 49]
  [ 0 30 30 38  0 31]
  [ 0 53 34 50 30  0]]

 [[ 0 53 59 35 49 41]
  [ 0  0 38 43 42 57]
  [ 0 47  0 54 56 44]
  [ 0 49 55  0 45 58]
  [ 0 32 56 41  0 35]
  [ 0 31 33 58 59  0]]]
end
fixed_cost
[[2502 2461 2532 2463]]
end
unit_cost
[[45 52 56 45]]
end
job2fam
[[1 0 0 0 0 0 0 0 0 0 0 0 0 0 0 0 0 0 0 0 0 0 0 0 0 0 0 0 0 0 0 0 0 0 0 0
  0 0 0 0 0]
 [0 0 0 1 0 0 0 0 0 0 1 0 0 0 0 0 0 0 0 0 0 0 0 0 0 0 0 0 1 0 0 0 1 1 0 0
  0 0 0 0 0]
 [0 1 0 0 0 0 0 0 1 1 0 1 1 0 1 0 0 0 0 0 1 0 0 0 0 0 0 0 0 0 0 0 0 0 0 0
  0 0 0 0 0]
 [0 0 0 0 0 0 0 0 0 0 0 0 0 0 0 1 0 1 0 0 0 0 1 1 0 0 0 0 0 1 1 1 0 0 0 1
  0 0 0 1 1]
 [0 0 1 0 1 0 1 0 0 0 0 0 0 0 0 0 1 0 1 1 0 1 0 0 0 0 0 0 0 0 0 0 0 0 1 0
  1 1 0 0 0]
 [0 0 0 0 0 1 0 1 0 0 0 0 0 1 0 0 0 0 0 0 0 0 0 0 1 1 1 1 0 0 0 0 0 0 0 0
  0 0 1 0 0]]
end
