mac
4
end
job
40
end
fam
5
end
proc_times
[[ 0 14 48 97 89 69 57 87 20 79 85 33 67 81 14 43 36 49 64 97 75 12 95 79
  65 25 13 48 87 85 52 80 45 97 46 82  4  8 62 63 98]
 [ 0 36 34 42 16 64 53 84  2 38 94 33 60  3 22 60 72 81 62 98 20 30 59 66
  24 15 30 20 77 84 84  9 70 80 80 81 79 56 98 86 11]
 [ 0 11 62 18 71 68  8 21 31 85 74 40 13 11 44 75 45 53 63 12 12 21 48 87
  86 67 87 28 84 56 54 10 74 94 85 51 92 71 94 90 28]
 [ 0  3 52 31 20 50 41 56 77 42 28 71 15  7 34 62 41 37 38 90 54 76 33 32
  53  5 98 59 79 52 57  4 33 70 47 41 69 39  7 90 60]]
end
weight
[[ 0 83 88 33 48 52 50 18 44 47 82 44 11 25  9 19 94 54  1 70  6 30 15 14
  29 28 19 39 74 88  3 71  7 65 60  9 14 52 57 49 61]]
end
setup_times
[[[ 0 56 40 53 51 33]
  [ 0  0 53 49 55 48]
  [ 0 54  0 34 53 33]
  [ 0 32 52  0 33 33]
  [ 0 53 43 31  0 58]
  [ 0 46 45 54 45  0]]

 [[ 0 36 42 53 38 42]
  [ 0  0 56 36 34 35]
  [ 0 51  0 55 42 54]
  [ 0 46 53  0 54 55]
  [ 0 53 49 49  0 59]
  [ 0 31 34 32 48  0]]

 [[ 0 37 39 37 56 51]
  [ 0  0 33 47 49 40]
  [ 0 34  0 36 46 33]
  [ 0 50 44  0 39 58]
  [ 0 36 47 31  0 50]
  [ 0 53 57 48 53  0]]

 [[ 0 35 57 56 51 46]
  [ 0  0 44 59 36 45]
  [ 0 58  0 51 54 34]
  [ 0 31 38  0 36 44]
  [ 0 54 50 31  0 31]
  [ 0 41 57 42 56  0]]]
end
fixed_cost
[[2258 2280 2261 2297]]
end
unit_cost
[[47 43 46 36]]
end
job2fam
[[1 0 0 0 0 0 0 0 0 0 0 0 0 0 0 0 0 0 0 0 0 0 0 0 0 0 0 0 0 0 0 0 0 0 0 0
  0 0 0 0 0]
 [0 0 0 1 0 0 0 0 0 0 1 0 0 0 0 0 0 0 0 0 0 0 0 0 0 0 0 0 1 0 0 0 1 1 0 0
  0 0 0 0 0]
 [0 1 0 0 0 0 0 0 1 1 0 1 1 0 1 0 0 0 0 0 1 0 0 0 0 0 0 0 0 0 0 0 0 0 0 0
  0 0 0 0 0]
 [0 0 0 0 0 0 0 0 0 0 0 0 0 0 0 1 0 1 0 0 0 0 1 1 0 0 0 0 0 1 1 1 0 0 0 1
  0 0 0 1 1]
 [0 0 1 0 1 0 1 0 0 0 0 0 0 0 0 0 1 0 1 1 0 1 0 0 0 0 0 0 0 0 0 0 0 0 1 0
  1 1 0 0 0]
 [0 0 0 0 0 1 0 1 0 0 0 0 0 1 0 0 0 0 0 0 0 0 0 0 1 1 1 1 0 0 0 0 0 0 0 0
  0 0 1 0 0]]
end
