mac
4
end
job
40
end
fam
3
end
proc_times
[[  0  47  56  92  91  14  67  68  35   5  38   6  30  55  59  50   8  19
   53  42  24  72  12  85  49  75  90  81  20  91  44  77  78  44  41   8
    1  42  12  88  53]
 [  0  21  63  38  24  47  59  25  22  97  81 100  16   9  63  89   9  32
   65  63  39  81  41  43  36  93   1   3   7  10  13   3  64  31  89 100
   51  72  53  77  55]
 [  0  38  79  23  94  64  70  79  11   2  95  13   3   5  44  25  93  52
   51  57  14  42  13   5  42  53  98  32  38   3  35  83  10  60  37  44
   97  96  45  63  52]
 [  0   1  13  13  69  78  31  97  57  16   6  49  34  22   9  72   2  35
   54  17  67  94  47  13  31   3  11  98   4  35  40  75  19  30  26  20
    6  64  80  49  61]]
end
weight
[[ 0 33 19 42 19 28 59 72 80 11 67 25 81 85 37 20 28 62 40 60 57 21 77 40
  78 76 73 91 39 92 36 59  7 66 17  8  8 63 73 12 98]]
end
setup_times
[[[ 0 32 52 41]
  [ 0  0 59 38]
  [ 0 57  0 45]
  [ 0 50 40  0]]

 [[ 0 30 54 30]
  [ 0  0 57 46]
  [ 0 46  0 46]
  [ 0 52 59  0]]

 [[ 0 45 47 54]
  [ 0  0 50 49]
  [ 0 37  0 42]
  [ 0 53 48  0]]

 [[ 0 35 37 47]
  [ 0  0 51 36]
  [ 0 45  0 37]
  [ 0 35 30  0]]]
end
fixed_cost
[[2114 2065 2128 2114]]
end
unit_cost
[[51 44 44 46]]
end
job2fam
[[1 0 0 0 0 0 0 0 0 0 0 0 0 0 0 0 0 0 0 0 0 0 0 0 0 0 0 0 0 0 0 0 0 0 0 0
  0 0 0 0 0]
 [0 0 1 1 1 0 0 0 0 0 0 1 0 0 0 0 0 1 0 0 0 0 0 0 1 1 0 0 0 0 0 0 1 1 0 0
  0 0 0 0 0]
 [0 1 0 0 0 1 1 1 1 1 0 0 0 1 1 1 0 0 1 0 0 0 0 1 0 0 0 0 1 1 1 0 0 0 0 0
  0 1 1 0 0]
 [0 0 0 0 0 0 0 0 0 0 1 0 1 0 0 0 1 0 0 1 1 1 1 0 0 0 1 1 0 0 0 1 0 0 1 1
  1 0 0 1 1]]
end
