mac
4
end
job
40
end
fam
5
end
proc_times
[[  0  56  10  44  90   5  62  40  37  96  73  25  53  95  70  25  43  76
    3  10  50  50   3  52  15   9  72  98  21  38  90  95  28  42  29  65
   26   3  15  28   6]
 [  0  33  86  12  37  86  94  57  70  50  64  84  19  59  97  48  94  90
    4  79  66  78   2  16  99  94  98  78  13  75  71  49   5  99  42 100
   32  71  50   1 100]
 [  0  38  43  65  47  14  97  44  12  25  50  21   3  78  31  26  56   9
   89  38  97  40  43  27  59   8  44  59   2  42  11  26  39  59  95  35
   91  43  60   9  67]
 [  0   2   4  24  56  35  69  72  40  49  69  65  72   6  21  35  67  89
   34   2  79  23  42   2  99  16  79  28  91  17  12  42  97  16  82  94
   62  54  70  64  73]]
end
weight
[[ 0 72 83 18 51 74 20 47 44 97 15 35 47 51 23 92 64  4 88 78 17 87 44 65
  46 28 90 22 58 49 15 76 92 78 39 78 67 70 43 94 66]]
end
setup_times
[[[ 0 37 44 36 33 57]
  [ 0  0 35 50 30 34]
  [ 0 40  0 59 54 59]
  [ 0 36 53  0 41 42]
  [ 0 46 31 47  0 51]
  [ 0 34 45 30 51  0]]

 [[ 0 57 46 35 53 30]
  [ 0  0 31 37 48 30]
  [ 0 52  0 34 54 43]
  [ 0 55 45  0 46 46]
  [ 0 36 55 35  0 54]
  [ 0 31 59 33 31  0]]

 [[ 0 42 37 48 37 59]
  [ 0  0 59 53 54 33]
  [ 0 34  0 49 43 52]
  [ 0 50 42  0 53 39]
  [ 0 41 50 55  0 36]
  [ 0 44 55 44 32  0]]

 [[ 0 51 47 48 49 33]
  [ 0  0 43 50 46 35]
  [ 0 43  0 34 57 34]
  [ 0 43 31  0 56 57]
  [ 0 45 57 42  0 59]
  [ 0 35 32 37 45  0]]]
end
fixed_cost
[[2649 2696 2709 2704]]
end
unit_cost
[[63 54 48 55]]
end
job2fam
[[1 0 0 0 0 0 0 0 0 0 0 0 0 0 0 0 0 0 0 0 0 0 0 0 0 0 0 0 0 0 0 0 0 0 0 0
  0 0 0 0 0]
 [0 0 0 1 0 0 0 0 0 0 1 0 0 0 0 0 0 0 0 0 0 0 0 0 0 0 0 0 1 0 0 0 1 1 0 0
  0 0 0 0 0]
 [0 1 0 0 0 0 0 0 1 1 0 1 1 0 1 0 0 0 0 0 1 0 0 0 0 0 0 0 0 0 0 0 0 0 0 0
  0 0 0 0 0]
 [0 0 0 0 0 0 0 0 0 0 0 0 0 0 0 1 0 1 0 0 0 0 1 1 0 0 0 0 0 1 1 1 0 0 0 1
  0 0 0 1 1]
 [0 0 1 0 1 0 1 0 0 0 0 0 0 0 0 0 1 0 1 1 0 1 0 0 0 0 0 0 0 0 0 0 0 0 1 0
  1 1 0 0 0]
 [0 0 0 0 0 1 0 1 0 0 0 0 0 1 0 0 0 0 0 0 0 0 0 0 1 1 1 1 0 0 0 0 0 0 0 0
  0 0 1 0 0]]
end
