mac
4
end
job
50
end
fam
5
end
proc_times
[[  0  61  51  69  95  90  18  91  27  12  88  33  71  59  43  58  24  89
   74  19  60  73  53  12  12  27  72  98  38  70  55  30  25  25  99  27
   14  28  43  97  43   4  79  69   2  81  79  91  32  90  99]
 [  0  18  26  92  87  49  76  55  99   7  57  12   3  34  28  11  21  18
    3  23  92  76  71  58  18  39  67  26   9  23  12  62  39  39  13  53
   89  46  85  24  73  68  53  16  85  71  63  58  91  25  40]
 [  0  70  43  14  37  43  19  37  25  71  85  41  58  97  53  76   2  41
   70  69  57  45  51   8  46  16  16  66  80  15  12  32  39  84  98  55
   60  63  95  96  15  37  53  45  63  70  52  94  55   2  54]
 [  0  18  38  42  48  90  33  12   6  51   1  97  86  17   2  14  66  48
   51 100  53  57  12   9  42  67  89  49  45  94  53  30  67  22  65  22
   67   7  46   5  58  30  55  78  13  79  10  56  40  75  60]]
end
weight
[[ 0 20 36 24 71 61  3 58 49 61 33 73 12 55 21 24 69 35 45 50 87 58  4 37
  76 47 67 13 81 12  5 10 13 87 81 81 86 56 10 88 66 27 14 58 61 31 16 61
  91 30 47]]
end
setup_times
[[[ 0 51 58 57 56 39]
  [ 0  0 34 50 33 44]
  [ 0 57  0 38 49 32]
  [ 0 55 36  0 51 43]
  [ 0 41 43 45  0 43]
  [ 0 58 54 32 53  0]]

 [[ 0 40 36 55 58 34]
  [ 0  0 30 50 53 34]
  [ 0 43  0 33 37 43]
  [ 0 37 49  0 56 35]
  [ 0 30 59 49  0 54]
  [ 0 37 46 57 54  0]]

 [[ 0 44 38 58 33 57]
  [ 0  0 53 54 35 41]
  [ 0 36  0 43 47 33]
  [ 0 51 30  0 38 43]
  [ 0 52 44 52  0 32]
  [ 0 43 48 45 36  0]]

 [[ 0 31 43 43 30 47]
  [ 0  0 34 42 36 50]
  [ 0 52  0 57 47 32]
  [ 0 44 34  0 31 34]
  [ 0 55 52 54  0 45]
  [ 0 34 45 42 53  0]]]
end
fixed_cost
[[2229 2187 2212 2191]]
end
unit_cost
[[43 48 40 51]]
end
job2fam
[[1 0 0 0 0 0 0 0 0 0 0 0 0 0 0 0 0 0 0 0 0 0 0 0 0 0 0 0 0 0 0 0 0 0 0 0
  0 0 0 0 0 0 0 0 0 0 0 0 0 0 0]
 [0 0 0 0 0 0 1 0 0 0 0 0 1 1 0 1 0 0 0 0 1 0 0 0 1 0 0 0 0 1 0 0 0 0 0 0
  1 0 0 1 0 0 1 0 0 0 0 0 0 0 0]
 [0 1 0 0 1 1 0 0 0 0 0 0 0 0 0 0 0 0 0 1 0 0 0 1 0 0 1 0 0 0 0 0 0 0 0 0
  0 1 0 0 0 1 0 1 0 1 0 0 0 0 0]
 [0 0 0 1 0 0 0 0 0 1 0 0 0 0 1 0 0 0 1 0 0 1 0 0 0 1 0 1 1 0 0 0 1 0 1 1
  0 0 0 0 0 0 0 0 0 0 1 0 0 0 0]
 [0 0 1 0 0 0 0 1 1 0 1 0 0 0 0 0 1 1 0 0 0 0 0 0 0 0 0 0 0 0 1 1 0 1 0 0
  0 0 1 0 0 0 0 0 1 0 0 1 0 0 1]
 [0 0 0 0 0 0 0 0 0 0 0 1 0 0 0 0 0 0 0 0 0 0 1 0 0 0 0 0 0 0 0 0 0 0 0 0
  0 0 0 0 1 0 0 0 0 0 0 0 1 1 0]]
end
