mac
4
end
job
50
end
fam
5
end
proc_times
[[  0  74  80  59  63  70  39  14  70  95  62  22  66  21  86  57  47   1
    1  82  25   7   6  19  19  81   6  83  45  20  19  91  45  44  59  71
   80  60  94  54  80  76   6  58  42  44  19  23  73  50  93]
 [  0  26  68  48  59  65  88  70  39  69  31  46 100  64  16  83  43  27
   20  80  10  27  70  58  41  77  51  78   2  72  85  64  71  99  47   6
   23  84  79  27  30  87  12  57  97  78  52  45  46  17  68]
 [  0  21  47  77  78  34  60  25  17  97  38  28  62  90  69  11  49  66
   50   8  58  65  41   2  68  84  19  31  20  11   6  11  29  25  75  47
   73   9  68  79  51  52  68  58   6  43  57  65  71  52  53]
 [  0  89  34  60   2  98  68  76  52  51  26  23  65  11  74  14   3  80
   19  47  73  22  34  12   9  56  25  13  42  62  93  96  50  50  44  66
   17  91  75  94  46  47   4  21  65  74  51  63  65   4  33]]
end
weight
[[ 0 75 83 48 76 30 43 39 36 23 28 74 43 17 35 29 28 75 63 24 49 54 93 51
  43 22 94 39 10 84 35 55 49 14 86 81  9 24 26 81 91 63 61  4 17 16 24 74
  82 96 21]]
end
setup_times
[[[ 0 36 38 30 46 52]
  [ 0  0 57 52 35 53]
  [ 0 50  0 59 39 34]
  [ 0 57 30  0 50 40]
  [ 0 53 32 34  0 38]
  [ 0 51 52 32 34  0]]

 [[ 0 50 32 51 57 37]
  [ 0  0 59 57 47 35]
  [ 0 52  0 38 33 51]
  [ 0 50 30  0 32 55]
  [ 0 56 41 59  0 30]
  [ 0 41 58 30 53  0]]

 [[ 0 48 37 51 31 39]
  [ 0  0 47 43 56 57]
  [ 0 41  0 59 48 50]
  [ 0 53 34  0 59 46]
  [ 0 56 39 37  0 35]
  [ 0 45 56 43 30  0]]

 [[ 0 38 50 46 34 34]
  [ 0  0 54 35 37 43]
  [ 0 33  0 31 43 58]
  [ 0 42 49  0 48 52]
  [ 0 36 41 56  0 34]
  [ 0 31 48 48 51  0]]]
end
fixed_cost
[[2348 2428 2366 2406]]
end
unit_cost
[[51 44 43 55]]
end
job2fam
[[1 0 0 0 0 0 0 0 0 0 0 0 0 0 0 0 0 0 0 0 0 0 0 0 0 0 0 0 0 0 0 0 0 0 0 0
  0 0 0 0 0 0 0 0 0 0 0 0 0 0 0]
 [0 0 0 0 0 0 1 0 0 0 0 0 1 1 0 1 0 0 0 0 1 0 0 0 1 0 0 0 0 1 0 0 0 0 0 0
  1 0 0 1 0 0 1 0 0 0 0 0 0 0 0]
 [0 1 0 0 1 1 0 0 0 0 0 0 0 0 0 0 0 0 0 1 0 0 0 1 0 0 1 0 0 0 0 0 0 0 0 0
  0 1 0 0 0 1 0 1 0 1 0 0 0 0 0]
 [0 0 0 1 0 0 0 0 0 1 0 0 0 0 1 0 0 0 1 0 0 1 0 0 0 1 0 1 1 0 0 0 1 0 1 1
  0 0 0 0 0 0 0 0 0 0 1 0 0 0 0]
 [0 0 1 0 0 0 0 1 1 0 1 0 0 0 0 0 1 1 0 0 0 0 0 0 0 0 0 0 0 0 1 1 0 1 0 0
  0 0 1 0 0 0 0 0 1 0 0 1 0 0 1]
 [0 0 0 0 0 0 0 0 0 0 0 1 0 0 0 0 0 0 0 0 0 0 1 0 0 0 0 0 0 0 0 0 0 0 0 0
  0 0 0 0 1 0 0 0 0 0 0 0 1 1 0]]
end
