mac
4
end
job
50
end
fam
8
end
proc_times
[[  0  30  90  90  33  49  55  82  84  55 100  10  73  54  61  88  85  19
   29  18  69 100  38   7  12  35   1  66  68  27  36  68   1  63  60  86
   46  63  18  62  97  46  90  22  11  31  66  32  65  75  14]
 [  0  95  89  35  67  24  45  32   9  13  17  78  59  56  18  89  18  12
   19  79  82  27  43  62  54   2  68  86  93  66  92  39  45  30   5  19
   62  49  65  80  99   5  22  21  15  15  60  81  55  59  11]
 [  0  13  62  70  98   3  62  22  52  52   9  89  93  34  79  68  12  39
   41  57  35  58   8  21  48  50  22  20  59  62  89   7 100  62  47  20
   82  60  35  78 100  75  36  19  31  70  32  72  59  42  58]
 [  0  76  60  74   9  23  63  36  60  38  15  82   5   6  32  93  66  34
   52  35  32  98  21  10  16  79  46  30  19  25  80  66  42  95  32   4
   62  14  70  92   8  35  81  99   3  13  51  10   3  33  96]]
end
weight
[[ 0  8 89 34 32 80 90 37 50 24 99 74 56 23 49 86 96 87 18 91 19 90 28 11
  12 25 32 89 58 42  9  9  7  3 32 54 24  9 65 21 60 24 53 64  5  1 27 87
  73 38 71]]
end
setup_times
[[[ 0 37 35 46 53 53 37 48 50]
  [ 0  0 46 43 33 40 36 46 58]
  [ 0 36  0 37 30 45 42 51 35]
  [ 0 30 43  0 54 38 51 53 45]
  [ 0 52 45 59  0 41 59 45 32]
  [ 0 50 41 50 46  0 44 45 48]
  [ 0 33 37 39 35 47  0 41 47]
  [ 0 43 36 40 37 45 35  0 41]
  [ 0 56 30 33 58 49 51 53  0]]

 [[ 0 32 55 50 35 52 48 30 34]
  [ 0  0 45 58 35 58 34 55 58]
  [ 0 32  0 58 32 42 37 39 47]
  [ 0 57 44  0 57 47 34 30 42]
  [ 0 45 34 53  0 43 59 41 31]
  [ 0 41 35 55 30  0 46 57 39]
  [ 0 40 42 48 53 54  0 39 45]
  [ 0 54 41 56 43 35 46  0 58]
  [ 0 31 55 36 58 53 39 50  0]]

 [[ 0 32 40 33 45 31 46 34 33]
  [ 0  0 46 30 44 49 55 58 30]
  [ 0 51  0 42 46 35 38 46 53]
  [ 0 39 46  0 36 40 47 58 39]
  [ 0 43 55 32  0 48 31 45 49]
  [ 0 56 51 46 47  0 42 30 30]
  [ 0 56 54 52 31 52  0 41 44]
  [ 0 55 39 43 51 45 55  0 32]
  [ 0 31 45 32 31 55 52 56  0]]

 [[ 0 40 47 33 56 47 34 37 32]
  [ 0  0 57 59 31 34 42 42 32]
  [ 0 54  0 30 31 50 41 49 55]
  [ 0 31 53  0 50 32 31 53 43]
  [ 0 30 44 41  0 43 50 55 44]
  [ 0 30 44 32 30  0 34 38 50]
  [ 0 57 42 50 31 54  0 54 55]
  [ 0 57 36 53 59 56 38  0 30]
  [ 0 53 46 41 30 41 47 53  0]]]
end
fixed_cost
[[2169 2187 2121 2127]]
end
unit_cost
[[37 49 48 45]]
end
job2fam
[[1 0 0 0 0 0 0 0 0 0 0 0 0 0 0 0 0 0 0 0 0 0 0 0 0 0 0 0 0 0 0 0 0 0 0 0
  0 0 0 0 0 0 0 0 0 0 0 0 0 0 0]
 [0 0 0 0 0 0 1 0 0 0 0 0 0 0 0 0 0 1 0 0 1 0 0 0 0 1 0 0 0 1 0 0 0 0 0 0
  0 0 0 0 0 0 0 0 0 0 0 0 0 0 0]
 [0 1 0 0 0 0 0 0 1 0 0 0 0 0 0 1 0 0 0 1 0 0 0 1 0 0 1 0 0 0 0 1 0 0 0 0
  1 0 0 0 0 0 0 1 0 0 0 0 0 0 0]
 [0 0 0 0 0 0 0 0 0 0 0 0 0 1 0 0 0 0 0 0 0 1 0 0 0 0 0 0 0 0 1 0 0 0 0 1
  0 0 0 1 0 0 0 0 0 1 0 0 0 0 0]
 [0 0 0 0 0 0 0 0 0 1 1 0 0 0 1 0 0 0 0 0 0 0 0 0 1 0 0 1 0 0 0 0 0 0 1 0
  0 1 0 0 0 0 0 0 0 0 0 0 0 0 1]
 [0 0 0 1 0 0 0 0 0 0 0 0 0 0 0 0 0 0 0 0 0 0 0 0 0 0 0 0 0 0 0 0 0 0 0 0
  0 0 1 0 1 1 0 0 0 0 0 1 0 0 0]
 [0 0 1 0 0 1 0 1 0 0 0 1 0 0 0 0 1 0 0 0 0 0 1 0 0 0 0 0 1 0 0 0 1 0 0 0
  0 0 0 0 0 0 0 0 0 0 0 0 0 0 0]
 [0 0 0 0 1 0 0 0 0 0 0 0 1 0 0 0 0 0 1 0 0 0 0 0 0 0 0 0 0 0 0 0 0 1 0 0
  0 0 0 0 0 0 1 0 1 0 0 0 1 1 0]
 [0 0 0 0 0 0 0 0 0 0 0 0 0 0 0 0 0 0 0 0 0 0 0 0 0 0 0 0 0 0 0 0 0 0 0 0
  0 0 0 0 0 0 0 0 0 0 1 0 0 0 0]]
end
