mac
3
end
job
10
end
fam
8
end
proc_times
[[ 0 57  8 33 27 25 64 73 88 73 11]
 [ 0 46 94 13 48 83 93 30 29 83 84]
 [ 0 39 39 14 87 47 54 98 93 55 10]]
end
weight
[[ 0 54 76 90 13 48 35 99 81 91 27]]
end
setup_times
[[[ 0 34 41 39 32 56 35 50 32]
  [ 0  0 41 42 39 30 58 36 41]
  [ 0 36  0 47 54 36 32 54 40]
  [ 0 31 59  0 57 46 38 57 54]
  [ 0 42 58 49  0 58 41 40 58]
  [ 0 38 37 59 45  0 45 30 40]
  [ 0 57 55 49 52 32  0 38 38]
  [ 0 59 49 34 32 47 53  0 41]
  [ 0 43 35 54 50 38 44 49  0]]

 [[ 0 38 45 38 33 55 41 35 36]
  [ 0  0 57 44 43 57 36 54 34]
  [ 0 43  0 52 36 42 43 30 50]
  [ 0 43 57  0 42 54 53 57 58]
  [ 0 54 57 30  0 58 46 48 43]
  [ 0 50 48 58 41  0 56 59 34]
  [ 0 43 49 34 33 32  0 59 33]
  [ 0 53 46 41 40 42 36  0 55]
  [ 0 47 56 47 59 43 32 30  0]]

 [[ 0 44 45 48 57 52 59 54 54]
  [ 0  0 35 39 43 44 39 50 33]
  [ 0 36  0 30 36 56 56 57 35]
  [ 0 30 47  0 33 53 50 57 47]
  [ 0 31 30 46  0 31 39 46 37]
  [ 0 36 52 55 31  0 43 36 59]
  [ 0 49 35 44 49 57  0 40 33]
  [ 0 55 48 51 41 59 51  0 34]
  [ 0 40 50 41 50 52 54 47  0]]]
end
fixed_cost
[[3099 3073 3051]]
end
unit_cost
[[57 59 56]]
end
job2fam
[[1 0 0 0 0 0 0 0 0 0 0]
 [0 0 0 0 0 0 1 0 0 0 0]
 [0 0 0 0 0 0 0 1 0 0 0]
 [0 1 0 0 0 0 0 0 0 0 0]
 [0 0 0 0 0 0 0 0 1 0 0]
 [0 0 0 0 1 0 0 0 0 0 0]
 [0 0 1 1 0 0 0 0 0 1 0]
 [0 0 0 0 0 1 0 0 0 0 0]
 [0 0 0 0 0 0 0 0 0 0 1]]
end
