mac
5
end
job
10
end
fam
5
end
proc_times
[[ 0  2 47 31  5 61 38 24 71 49 69]
 [ 0 30  9  3 83 49  3 14 40 34 85]
 [ 0 15 44 70 85 68 23 11 64 14 41]
 [ 0  1 94 55 71 80 64 15  6 33 77]
 [ 0 78 52 83 78 26 28 10 44 85 99]]
end
weight
[[ 0 41  8 22 55 77 88 99  2 14 42]]
end
setup_times
[[[ 0 44 59 58 35 46]
  [ 0  0 43 31 38 32]
  [ 0 55  0 34 57 46]
  [ 0 44 57  0 53 46]
  [ 0 47 40 37  0 38]
  [ 0 42 54 47 33  0]]

 [[ 0 43 33 40 34 50]
  [ 0  0 58 46 47 55]
  [ 0 40  0 49 42 39]
  [ 0 55 36  0 41 53]
  [ 0 47 34 46  0 45]
  [ 0 56 49 48 44  0]]

 [[ 0 33 58 57 38 33]
  [ 0  0 31 52 34 48]
  [ 0 40  0 58 43 36]
  [ 0 52 47  0 52 43]
  [ 0 57 39 45  0 35]
  [ 0 36 45 38 54  0]]

 [[ 0 45 44 56 31 47]
  [ 0  0 59 44 51 59]
  [ 0 40  0 46 46 32]
  [ 0 41 59  0 35 48]
  [ 0 47 51 49  0 31]
  [ 0 51 31 30 49  0]]

 [[ 0 37 57 36 43 38]
  [ 0  0 37 45 45 57]
  [ 0 51  0 50 43 41]
  [ 0 41 51  0 55 57]
  [ 0 44 49 51  0 35]
  [ 0 55 44 49 36  0]]]
end
fixed_cost
[[1968 1972 1935 1900 1971]]
end
unit_cost
[[47 45 36 41 39]]
end
job2fam
[[1 0 0 0 0 0 0 0 0 0 0]
 [0 0 0 0 0 0 1 0 0 0 0]
 [0 0 0 0 0 0 0 1 0 0 0]
 [0 1 0 1 0 0 0 0 0 0 1]
 [0 0 1 0 0 0 0 0 1 1 0]
 [0 0 0 0 1 1 0 0 0 0 0]]
end
