mac
5
end
job
10
end
fam
3
end
proc_times
[[ 0 63 95  2 28 67 84  5 32 66 99]
 [ 0 97 44 71 54 29 62 83 58 51 37]
 [ 0 81 66  7 68 20 82 71 58 24 18]
 [ 0 16 71 49 34 58 19 55 94 42 71]
 [ 0  8 85  8 95 35 82 17 93 36 59]]
end
weight
[[ 0 60  1 74 60 81 58 86  8 98 18]]
end
setup_times
[[[ 0 37 48 51]
  [ 0  0 49 39]
  [ 0 59  0 31]
  [ 0 52 43  0]]

 [[ 0 57 34 43]
  [ 0  0 46 37]
  [ 0 54  0 44]
  [ 0 52 38  0]]

 [[ 0 50 51 56]
  [ 0  0 52 55]
  [ 0 50  0 57]
  [ 0 37 46  0]]

 [[ 0 49 42 34]
  [ 0  0 49 53]
  [ 0 35  0 54]
  [ 0 34 56  0]]

 [[ 0 50 37 37]
  [ 0  0 54 59]
  [ 0 38  0 55]
  [ 0 38 57  0]]]
end
fixed_cost
[[2769 2706 2763 2738 2725]]
end
unit_cost
[[48 56 53 49 54]]
end
job2fam
[[1 0 0 0 0 0 0 0 0 0 0]
 [0 0 0 0 0 0 1 0 0 1 0]
 [0 0 0 0 0 1 0 1 1 0 0]
 [0 1 1 1 1 0 0 0 0 0 1]]
end
