mac
5
end
job
10
end
fam
5
end
proc_times
[[ 0 70 11 66 96 30 79 36  2 66 84]
 [ 0 83 18 23 71 84 36 32 73  5 16]
 [ 0 64 18 66 28  9 64  2 69 63 33]
 [ 0 17 73 67 81 24  2 93 99 49 98]
 [ 0 35 23  1 72 85 94  3 43 25 68]]
end
weight
[[ 0 16 82 23 10 40 70 46 60 79 77]]
end
setup_times
[[[ 0 30 34 52 56 51]
  [ 0  0 54 45 34 54]
  [ 0 44  0 56 58 45]
  [ 0 59 37  0 35 55]
  [ 0 54 40 59  0 46]
  [ 0 50 44 41 50  0]]

 [[ 0 57 49 48 57 41]
  [ 0  0 58 41 54 34]
  [ 0 52  0 47 45 59]
  [ 0 50 50  0 51 38]
  [ 0 39 40 53  0 33]
  [ 0 52 40 57 32  0]]

 [[ 0 58 53 49 36 55]
  [ 0  0 57 58 35 58]
  [ 0 31  0 31 56 46]
  [ 0 44 31  0 52 38]
  [ 0 45 43 55  0 46]
  [ 0 53 39 51 55  0]]

 [[ 0 33 44 57 55 55]
  [ 0  0 50 42 32 38]
  [ 0 54  0 49 52 55]
  [ 0 54 30  0 36 36]
  [ 0 49 48 50  0 59]
  [ 0 49 58 58 42  0]]

 [[ 0 41 45 50 38 58]
  [ 0  0 59 33 39 59]
  [ 0 56  0 33 56 44]
  [ 0 32 37  0 55 32]
  [ 0 47 45 55  0 33]
  [ 0 47 57 44 49  0]]]
end
fixed_cost
[[2565 2502 2554 2513 2569]]
end
unit_cost
[[61 43 43 59 47]]
end
job2fam
[[1 0 0 0 0 0 0 0 0 0 0]
 [0 0 0 0 0 0 1 0 0 0 0]
 [0 0 0 0 0 0 0 1 0 0 0]
 [0 1 0 1 0 0 0 0 0 0 1]
 [0 0 1 0 0 0 0 0 1 1 0]
 [0 0 0 0 1 1 0 0 0 0 0]]
end
