mac
5
end
job
10
end
fam
5
end
proc_times
[[  0  54  27  76  58  78  89  74  68  69  42]
 [  0  58  81  58 100  38  13  38  76   2  14]
 [  0  47  62  71  25  63  59  54  39  67  97]
 [  0  28  59  25  88  97  29  98  61  84  49]
 [  0  92  59  46  67  79 100  66  61  64  88]]
end
weight
[[ 0 94 66 63 27 61 53 57 78 88 68]]
end
setup_times
[[[ 0 43 59 53 52 34]
  [ 0  0 39 41 45 59]
  [ 0 39  0 50 42 59]
  [ 0 52 40  0 53 55]
  [ 0 39 40 32  0 33]
  [ 0 45 54 44 35  0]]

 [[ 0 54 36 56 37 59]
  [ 0  0 44 47 45 59]
  [ 0 57  0 54 52 48]
  [ 0 44 34  0 40 57]
  [ 0 57 35 46  0 58]
  [ 0 45 47 47 30  0]]

 [[ 0 44 32 45 30 44]
  [ 0  0 32 36 37 33]
  [ 0 50  0 45 57 31]
  [ 0 46 31  0 32 30]
  [ 0 48 35 40  0 52]
  [ 0 59 48 40 52  0]]

 [[ 0 56 56 59 40 48]
  [ 0  0 55 31 38 51]
  [ 0 37  0 50 33 54]
  [ 0 45 56  0 32 32]
  [ 0 47 32 32  0 36]
  [ 0 47 50 30 58  0]]

 [[ 0 54 48 57 38 34]
  [ 0  0 56 47 32 54]
  [ 0 53  0 34 32 52]
  [ 0 48 58  0 52 49]
  [ 0 32 35 32  0 30]
  [ 0 59 47 33 48  0]]]
end
fixed_cost
[[3682 3735 3642 3750 3695]]
end
unit_cost
[[57 65 56 58 74]]
end
job2fam
[[1 0 0 0 0 0 0 0 0 0 0]
 [0 0 0 0 0 0 1 0 0 0 0]
 [0 0 0 0 0 0 0 1 0 0 0]
 [0 1 0 1 0 0 0 0 0 0 1]
 [0 0 1 0 0 0 0 0 1 1 0]
 [0 0 0 0 1 1 0 0 0 0 0]]
end
