mac
5
end
job
20
end
fam
3
end
proc_times
[[  0 100  44  63   7  96  14  86  39  88   4  85  73  70  51  56  52   5
   14  72  55]
 [  0  67  59  21  39  15  52  80  17   4  97  84  85  33  12  35  48  65
   24  95  80]
 [  0  22  94  54  60  21   2  75  66  37  27  73  34 100  40  23  73  60
    2   7  15]
 [  0  69  88  74  79  58   7  53  49  29  96  76   3  38  55  97  20  42
   71  80  29]
 [  0  95  90  58  28   4 100   7  46  26  66  39  94   3  52  71  48  70
   93  72  13]]
end
weight
[[ 0 43  6 43 79 89 82 93 78 44 63 94 40 60  4 73 45  8 90 38 51]]
end
setup_times
[[[ 0 31 32 45]
  [ 0  0 33 59]
  [ 0 48  0 52]
  [ 0 34 42  0]]

 [[ 0 58 48 45]
  [ 0  0 39 31]
  [ 0 50  0 37]
  [ 0 30 39  0]]

 [[ 0 43 38 44]
  [ 0  0 41 49]
  [ 0 46  0 44]
  [ 0 57 38  0]]

 [[ 0 52 41 54]
  [ 0  0 49 42]
  [ 0 47  0 50]
  [ 0 47 39  0]]

 [[ 0 31 50 50]
  [ 0  0 35 39]
  [ 0 49  0 37]
  [ 0 30 50  0]]]
end
fixed_cost
[[3147 3229 3143 3217 3242]]
end
unit_cost
[[51 67 68 59 61]]
end
job2fam
[[1 0 0 0 0 0 0 0 0 0 0 0 0 0 0 0 0 0 0 0 0]
 [0 0 1 0 1 0 0 1 0 1 0 0 0 1 0 0 1 0 0 0 0]
 [0 1 0 0 0 0 1 0 1 0 1 1 0 0 1 0 0 1 0 0 0]
 [0 0 0 1 0 1 0 0 0 0 0 0 1 0 0 1 0 0 1 1 1]]
end
