mac
5
end
job
20
end
fam
5
end
proc_times
[[ 0 68 90 80  8 45 28 77 93 21 93 66 79 59 63  7 76  4 88 39 91]
 [ 0 71 36 99 53 88  3 14 71 36 21 59 48 65 19 48 36 39 43 17 57]
 [ 0  1 77  3 17 77 43 43 31 44 90 60 19 77 47 44 76  4 47 18 18]
 [ 0 93 37 17 51 49  1 56  3 23 78 94 64 34 86 25 67  8 16 38 33]
 [ 0 69  3 95 67 89 32 49 36 65 65 95 60 30 88 95 64 85 94 39 16]]
end
weight
[[ 0 15 15 43 50 97 24 60  2  7 46 21 44 29 13 88 47 34 65 95 89]]
end
setup_times
[[[ 0 36 55 54 45 53]
  [ 0  0 53 43 51 59]
  [ 0 54  0 59 53 56]
  [ 0 53 35  0 56 32]
  [ 0 51 52 56  0 50]
  [ 0 57 53 54 35  0]]

 [[ 0 49 45 38 54 34]
  [ 0  0 43 46 59 34]
  [ 0 47  0 31 56 31]
  [ 0 48 35  0 40 32]
  [ 0 33 31 53  0 32]
  [ 0 40 47 47 47  0]]

 [[ 0 54 39 54 48 48]
  [ 0  0 43 38 43 35]
  [ 0 46  0 44 46 55]
  [ 0 39 55  0 40 34]
  [ 0 31 43 40  0 45]
  [ 0 55 34 35 50  0]]

 [[ 0 46 41 39 38 43]
  [ 0  0 43 52 50 58]
  [ 0 54  0 33 32 41]
  [ 0 59 38  0 49 53]
  [ 0 50 35 55  0 42]
  [ 0 58 34 47 35  0]]

 [[ 0 43 59 38 39 58]
  [ 0  0 42 38 52 41]
  [ 0 43  0 48 49 58]
  [ 0 41 31  0 52 31]
  [ 0 56 35 42  0 51]
  [ 0 50 43 55 59  0]]]
end
fixed_cost
[[2342 2372 2385 2315 2358]]
end
unit_cost
[[51 50 42 47 40]]
end
job2fam
[[1 0 0 0 0 0 0 0 0 0 0 0 0 0 0 0 0 0 0 0 0]
 [0 1 1 0 0 0 0 0 0 0 0 0 0 0 0 0 1 0 0 0 0]
 [0 0 0 0 0 0 0 1 0 0 1 1 0 0 0 0 0 0 0 0 0]
 [0 0 0 0 0 0 0 0 0 0 0 0 1 0 1 1 0 1 0 0 0]
 [0 0 0 0 0 1 1 0 1 1 0 0 0 0 0 0 0 0 0 0 1]
 [0 0 0 1 1 0 0 0 0 0 0 0 0 1 0 0 0 0 1 1 0]]
end
