mac
5
end
job
20
end
fam
5
end
proc_times
[[  0  17   4  36  40  47  57   3  21  14  54  44  32  61  20  43  71  55
   51  26  60]
 [  0  67  97  43  68  72  85  50  95  97  97  49  50  79  71  20  25  79
   58  18  51]
 [  0  60  63  17  67  98  61  67  98  46  81  23  12  33  21  41  12  37
    8   2   2]
 [  0  25  99  58  84  99  34  66  95  19  10  56  60  50  48  40  32  31
   14  10  14]
 [  0  30  96  12  41  40  13  65  42  31   2  21  64  92   1  36 100  49
   99  36  20]]
end
weight
[[ 0 95 14 31 37 80 21 60 66 28 25 33 83 79 41 45 99 80 61 89 20]]
end
setup_times
[[[ 0 53 46 52 58 30]
  [ 0  0 47 42 32 52]
  [ 0 33  0 55 36 47]
  [ 0 52 55  0 41 58]
  [ 0 33 38 53  0 43]
  [ 0 32 31 39 49  0]]

 [[ 0 51 54 56 31 45]
  [ 0  0 47 37 33 47]
  [ 0 33  0 32 35 34]
  [ 0 46 35  0 31 48]
  [ 0 52 37 54  0 33]
  [ 0 57 42 53 32  0]]

 [[ 0 50 49 47 37 48]
  [ 0  0 44 32 37 44]
  [ 0 47  0 33 33 54]
  [ 0 37 59  0 30 52]
  [ 0 59 32 47  0 49]
  [ 0 46 34 32 44  0]]

 [[ 0 45 42 57 31 33]
  [ 0  0 49 42 36 39]
  [ 0 36  0 38 32 57]
  [ 0 41 48  0 52 31]
  [ 0 50 39 58  0 31]
  [ 0 53 49 54 32  0]]

 [[ 0 54 34 30 45 40]
  [ 0  0 49 49 56 39]
  [ 0 42  0 30 37 38]
  [ 0 34 56  0 58 39]
  [ 0 41 57 44  0 38]
  [ 0 34 50 59 43  0]]]
end
fixed_cost
[[2584 2531 2588 2606 2585]]
end
unit_cost
[[49 51 57 64 54]]
end
job2fam
[[1 0 0 0 0 0 0 0 0 0 0 0 0 0 0 0 0 0 0 0 0]
 [0 1 1 0 0 0 0 0 0 0 0 0 0 0 0 0 1 0 0 0 0]
 [0 0 0 0 0 0 0 1 0 0 1 1 0 0 0 0 0 0 0 0 0]
 [0 0 0 0 0 0 0 0 0 0 0 0 1 0 1 1 0 1 0 0 0]
 [0 0 0 0 0 1 1 0 1 1 0 0 0 0 0 0 0 0 0 0 1]
 [0 0 0 1 1 0 0 0 0 0 0 0 0 1 0 0 0 0 1 1 0]]
end
