mac
5
end
job
20
end
fam
8
end
proc_times
[[ 0  5 61 74 62 75 68 69 21 45 70 87 24 47 70 99 52 82 26 52 84]
 [ 0 45  7 13 78 51 13 77 44 19 66 78 44 28 17 58 77 87 38 87 51]
 [ 0 43 60 30 92  3 90 24 85 88 12  5 80 87 88 87 75 71 76 29 92]
 [ 0 92 36 79 17 58 69 88 56 57 83 66 30 26 70 64 93  2 25 39 50]
 [ 0 45  8 46 33 93 95 23 69 96 41 82 65 40 91 71  8 56 41  6 50]]
end
weight
[[ 0  8  1 79 41 69 83 69  7 42 24 25 23 58 34 37 25 75 49 49 89]]
end
setup_times
[[[ 0 43 37 59 32 55 35 36 44]
  [ 0  0 53 45 58 53 45 56 30]
  [ 0 47  0 59 35 43 45 40 54]
  [ 0 41 45  0 59 33 43 54 35]
  [ 0 34 57 42  0 51 34 38 34]
  [ 0 30 31 40 35  0 45 39 32]
  [ 0 43 31 38 32 53  0 59 35]
  [ 0 39 37 55 52 48 37  0 33]
  [ 0 39 33 38 49 40 36 44  0]]

 [[ 0 57 47 34 55 30 42 44 30]
  [ 0  0 36 30 52 57 54 31 44]
  [ 0 59  0 33 58 58 35 30 53]
  [ 0 58 39  0 52 59 47 38 39]
  [ 0 38 33 44  0 37 47 51 34]
  [ 0 58 40 34 58  0 31 47 50]
  [ 0 37 38 44 39 45  0 46 41]
  [ 0 36 54 40 59 41 50  0 30]
  [ 0 47 57 51 45 50 30 37  0]]

 [[ 0 50 58 54 35 48 52 32 55]
  [ 0  0 50 38 59 59 55 59 40]
  [ 0 50  0 43 35 31 38 38 46]
  [ 0 40 55  0 40 40 49 45 54]
  [ 0 40 46 43  0 47 46 41 33]
  [ 0 56 53 59 56  0 38 39 33]
  [ 0 50 45 39 31 30  0 36 35]
  [ 0 48 42 40 32 45 35  0 47]
  [ 0 47 44 50 55 55 32 40  0]]

 [[ 0 43 43 48 42 37 51 53 44]
  [ 0  0 48 54 39 49 59 52 31]
  [ 0 31  0 33 56 42 37 49 52]
  [ 0 34 48  0 33 43 52 44 47]
  [ 0 30 35 36  0 44 55 50 33]
  [ 0 32 36 34 34  0 42 32 34]
  [ 0 56 47 30 54 58  0 35 31]
  [ 0 48 36 39 47 43 57  0 50]
  [ 0 46 30 56 38 30 44 45  0]]

 [[ 0 40 45 39 55 31 43 53 43]
  [ 0  0 57 49 57 35 44 58 39]
  [ 0 45  0 56 53 40 46 48 55]
  [ 0 49 53  0 30 36 33 33 48]
  [ 0 31 40 46  0 31 31 32 39]
  [ 0 52 40 40 48  0 40 38 59]
  [ 0 40 31 43 48 55  0 42 53]
  [ 0 46 42 54 45 58 39  0 50]
  [ 0 39 50 51 38 59 36 32  0]]]
end
fixed_cost
[[2634 2643 2675 2607 2671]]
end
unit_cost
[[49 36 50 54 46]]
end
job2fam
[[1 0 0 0 0 0 0 0 0 0 0 0 0 0 0 0 0 0 0 0 0]
 [0 0 0 0 0 0 0 0 0 0 0 0 0 0 1 0 1 0 0 0 0]
 [0 0 0 0 1 0 0 0 0 0 1 0 0 0 0 0 0 0 0 0 0]
 [0 0 0 0 0 0 1 0 0 0 0 0 0 0 0 1 0 0 0 0 0]
 [0 0 0 0 0 0 0 0 1 0 0 0 0 0 0 0 0 0 0 1 0]
 [0 0 0 0 0 0 0 0 0 1 0 0 0 1 0 0 0 0 0 0 0]
 [0 1 0 0 0 0 0 0 0 0 0 1 1 0 0 0 0 0 0 0 0]
 [0 0 0 1 0 0 0 1 0 0 0 0 0 0 0 0 0 1 1 0 0]
 [0 0 1 0 0 1 0 0 0 0 0 0 0 0 0 0 0 0 0 0 1]]
end
