mac
3
end
job
20
end
fam
3
end
proc_times
[[ 0 25 88 66 35 80 28 74 11 79 40 25 23 21 58 93 15 85 31 40 97]
 [ 0  3 12  9 14 86 63 60  7 29 19 40 49 24 19 61 28 40  6  5 38]
 [ 0 50 37 33 91 16 60 37 12  9 25 75 12 57 71 84 33 49  8 18 16]]
end
weight
[[ 0 54 93 62 32 29 66 13 30 25  8 30 77 52 17 55 77 62 16 60  4]]
end
setup_times
[[[ 0 51 42 59]
  [ 0  0 34 40]
  [ 0 53  0 48]
  [ 0 35 51  0]]

 [[ 0 59 44 41]
  [ 0  0 35 58]
  [ 0 49  0 47]
  [ 0 47 50  0]]

 [[ 0 45 58 56]
  [ 0  0 56 49]
  [ 0 32  0 44]
  [ 0 34 53  0]]]
end
fixed_cost
[[1735 1746 1763]]
end
unit_cost
[[42 45 45]]
end
job2fam
[[1 0 0 0 0 0 0 0 0 0 0 0 0 0 0 0 0 0 0 0 0]
 [0 0 1 0 1 0 0 1 0 1 0 0 0 1 0 0 1 0 0 0 0]
 [0 1 0 0 0 0 1 0 1 0 1 1 0 0 1 0 0 1 0 0 0]
 [0 0 0 1 0 1 0 0 0 0 0 0 1 0 0 1 0 0 1 1 1]]
end
