mac
5
end
job
20
end
fam
8
end
proc_times
[[  0  82  61   8  79  97  68  30  42  80  37  29  22  97  55   9  70  69
   25  49  45]
 [  0  66  79  43  50  13  90  95  63  55  91  15  90  39  42  11  31  12
   89  50  23]
 [  0  56  55  57  87  79  69  63  87  68  79   8  71  66  36  21  16  63
   99  50  38]
 [  0  47  10  20  96  46  42  43  18  22  56  45  88 100  35  17  13  60
   96  70  28]
 [  0  84  77  56  45  82  85  85  73  85  56   5   8  67  98  72  87  95
   32  32  93]]
end
weight
[[ 0 27 99 36 76 30 88 68 17 44 69 98 16 28 33 61 29 97  8  8 85]]
end
setup_times
[[[ 0 35 39 38 57 49 42 43 48]
  [ 0  0 52 33 39 55 46 51 49]
  [ 0 41  0 57 51 53 38 44 57]
  [ 0 38 42  0 36 42 56 44 52]
  [ 0 38 48 44  0 30 34 57 39]
  [ 0 59 41 57 44  0 53 55 52]
  [ 0 35 55 53 59 35  0 38 53]
  [ 0 57 53 33 34 45 50  0 41]
  [ 0 42 48 53 56 56 50 56  0]]

 [[ 0 47 54 59 52 35 38 31 51]
  [ 0  0 30 45 41 40 56 46 55]
  [ 0 32  0 58 35 47 58 59 56]
  [ 0 31 54  0 39 57 47 32 54]
  [ 0 48 49 42  0 54 57 43 58]
  [ 0 34 46 32 30  0 51 43 59]
  [ 0 32 56 48 34 57  0 38 37]
  [ 0 36 58 30 59 48 33  0 59]
  [ 0 38 40 42 47 44 35 44  0]]

 [[ 0 48 51 46 38 40 46 37 36]
  [ 0  0 55 44 49 43 55 34 34]
  [ 0 46  0 47 43 42 37 38 40]
  [ 0 58 35  0 44 30 43 54 59]
  [ 0 51 59 42  0 55 33 40 53]
  [ 0 32 59 49 32  0 46 48 55]
  [ 0 53 50 34 52 44  0 53 54]
  [ 0 44 34 51 39 43 50  0 52]
  [ 0 46 39 57 44 38 38 41  0]]

 [[ 0 38 43 40 54 39 41 31 38]
  [ 0  0 39 41 30 59 46 41 57]
  [ 0 31  0 55 46 32 32 51 55]
  [ 0 44 36  0 40 50 35 40 43]
  [ 0 53 56 32  0 36 35 42 32]
  [ 0 37 39 31 34  0 46 56 35]
  [ 0 34 43 52 51 59  0 57 30]
  [ 0 53 31 34 39 38 37  0 36]
  [ 0 36 37 59 48 52 34 39  0]]

 [[ 0 59 59 54 35 52 53 34 52]
  [ 0  0 59 49 54 50 35 38 34]
  [ 0 33  0 51 56 32 50 58 33]
  [ 0 54 35  0 49 34 30 30 36]
  [ 0 31 30 45  0 32 42 39 33]
  [ 0 30 30 59 56  0 57 38 37]
  [ 0 44 44 49 33 53  0 57 56]
  [ 0 37 55 49 47 38 57  0 35]
  [ 0 57 45 40 37 45 57 34  0]]]
end
fixed_cost
[[2735 2762 2712 2759 2708]]
end
unit_cost
[[41 60 57 43 52]]
end
job2fam
[[1 0 0 0 0 0 0 0 0 0 0 0 0 0 0 0 0 0 0 0 0]
 [0 0 0 0 0 0 0 0 0 0 0 0 0 0 1 0 1 0 0 0 0]
 [0 0 0 0 1 0 0 0 0 0 1 0 0 0 0 0 0 0 0 0 0]
 [0 0 0 0 0 0 1 0 0 0 0 0 0 0 0 1 0 0 0 0 0]
 [0 0 0 0 0 0 0 0 1 0 0 0 0 0 0 0 0 0 0 1 0]
 [0 0 0 0 0 0 0 0 0 1 0 0 0 1 0 0 0 0 0 0 0]
 [0 1 0 0 0 0 0 0 0 0 0 1 1 0 0 0 0 0 0 0 0]
 [0 0 0 1 0 0 0 1 0 0 0 0 0 0 0 0 0 1 1 0 0]
 [0 0 1 0 0 1 0 0 0 0 0 0 0 0 0 0 0 0 0 0 1]]
end
