mac
5
end
job
40
end
fam
5
end
proc_times
[[  0  24  55  87  34  41  75  62  88  79  10  22  68  34  78   9  46  10
   34  35  21  44  87  98  69  19  86  19  31  53  95  31  93  29  11  25
   34  87  17  80  49]
 [  0  29  11  21  51  66  36  73  73  73  47  20  61  80  39  41  79  84
    8  58  14  74  26  47  29  43  62  40  25  34  31  35  57  45  28  80
   34  83  62  12  92]
 [  0  97  21  71  29  30  13  55  68  17  54  33  57   6  96  70  96  59
   84  84  95  11  49  84  71  43  83  61 100  36  64   9  47  41  87  54
   30  55  73  58  28]
 [  0  39  47  76  14  31  63  43  60  97  34  53  60  71  86   6   2  47
   82  73  23  88  38   3  52  25  69  49  48  63  23  99  38  51  84  35
  100 100  14 100  95]
 [  0  75  64  87   5  55  91   2  92  37   1  49  64  39  57  22  11  22
   44  93   5  55  51  33  30  92  79  69  24  63  57  48  29  51  54  79
   73  54  64  91  46]]
end
weight
[[ 0 48 40 95 82 68 80 10 50 72 33 38 43 73 58 38 35 60 91 78 67 84 88 30
   7  9 71  9 49 80 59 70 91 26 10  1  7 75 29 66  6]]
end
setup_times
[[[ 0 50 49 59 53 49]
  [ 0  0 33 52 33 34]
  [ 0 57  0 32 58 34]
  [ 0 48 42  0 51 59]
  [ 0 32 42 40  0 37]
  [ 0 49 47 30 57  0]]

 [[ 0 40 41 34 47 56]
  [ 0  0 39 55 55 55]
  [ 0 35  0 52 33 44]
  [ 0 36 36  0 39 51]
  [ 0 36 51 37  0 52]
  [ 0 44 39 50 38  0]]

 [[ 0 33 41 42 51 57]
  [ 0  0 45 38 56 49]
  [ 0 45  0 48 47 45]
  [ 0 31 43  0 56 38]
  [ 0 30 50 41  0 52]
  [ 0 38 46 49 36  0]]

 [[ 0 44 51 38 45 30]
  [ 0  0 53 36 35 31]
  [ 0 37  0 34 31 53]
  [ 0 43 44  0 49 54]
  [ 0 30 56 34  0 54]
  [ 0 46 52 59 42  0]]

 [[ 0 32 37 32 47 42]
  [ 0  0 52 55 54 45]
  [ 0 42  0 37 31 46]
  [ 0 36 58  0 44 30]
  [ 0 52 44 51  0 41]
  [ 0 30 50 40 38  0]]]
end
fixed_cost
[[2635 2648 2678 2695 2623]]
end
unit_cost
[[50 57 54 53 45]]
end
job2fam
[[1 0 0 0 0 0 0 0 0 0 0 0 0 0 0 0 0 0 0 0 0 0 0 0 0 0 0 0 0 0 0 0 0 0 0 0
  0 0 0 0 0]
 [0 0 0 1 0 0 0 0 0 0 1 0 0 0 0 0 0 0 0 0 0 0 0 0 0 0 0 0 1 0 0 0 1 1 0 0
  0 0 0 0 0]
 [0 1 0 0 0 0 0 0 1 1 0 1 1 0 1 0 0 0 0 0 1 0 0 0 0 0 0 0 0 0 0 0 0 0 0 0
  0 0 0 0 0]
 [0 0 0 0 0 0 0 0 0 0 0 0 0 0 0 1 0 1 0 0 0 0 1 1 0 0 0 0 0 1 1 1 0 0 0 1
  0 0 0 1 1]
 [0 0 1 0 1 0 1 0 0 0 0 0 0 0 0 0 1 0 1 1 0 1 0 0 0 0 0 0 0 0 0 0 0 0 1 0
  1 1 0 0 0]
 [0 0 0 0 0 1 0 1 0 0 0 0 0 1 0 0 0 0 0 0 0 0 0 0 1 1 1 1 0 0 0 0 0 0 0 0
  0 0 1 0 0]]
end
