mac
5
end
job
40
end
fam
5
end
proc_times
[[  0   7  44  82  63  15  52  42  67  20  78  40  44  11  80  78  77  77
   94  12  72  93  47  44  47  27  32  17  96  57  85  72  50  11  89   3
   59  56   3  11  23]
 [  0  21  30  23  58  83  76  87   7  33  31  74  18   1  99  16  25  25
   56  90  15  27  98  99  85  88  73  28  81  24  69  52  17  97  49  59
   91  64  26  46   8]
 [  0  25  46  26  93  30  67  25  65  39  99  55  26  61  34  19  99   8
   94  75  44  57  92  60  87 100  50  94  96  64  34  54  68  94   2  79
   68  86   5   2  36]
 [  0  96  82  28  30  32  31  58  97  57  96   1  48  50  59   8  77  36
   64  89  96  57  26  88  87  19  79  61  89  85  41  76  50  10  21  76
   21  90  56  96  78]
 [  0  88  49  95  97  17  85  52  60  65   5  59   6  46  63  88  88  40
   29  40  20  63  27  87  14  60  16  91  12  91  42  46  42  20   4  74
   94  15   8  47  53]]
end
weight
[[ 0 87 34 10 32 11 62 65 19  5  4  5 49 21 13 22 78 90 13  9 13 77 42 31
  46 84 87 28 63 67 34 64  8 85  7 58 16 93 10 71 97]]
end
setup_times
[[[ 0 46 54 31 53 48]
  [ 0  0 48 58 44 32]
  [ 0 34  0 45 52 39]
  [ 0 43 35  0 43 40]
  [ 0 30 39 54  0 58]
  [ 0 52 44 54 42  0]]

 [[ 0 30 32 54 46 57]
  [ 0  0 39 52 56 43]
  [ 0 41  0 40 58 39]
  [ 0 34 56  0 56 54]
  [ 0 37 53 54  0 42]
  [ 0 34 44 48 48  0]]

 [[ 0 55 50 37 54 39]
  [ 0  0 31 43 51 50]
  [ 0 47  0 48 51 34]
  [ 0 44 32  0 53 40]
  [ 0 35 58 45  0 42]
  [ 0 32 37 39 49  0]]

 [[ 0 35 31 55 36 31]
  [ 0  0 56 52 52 50]
  [ 0 58  0 32 36 35]
  [ 0 38 30  0 30 53]
  [ 0 35 55 35  0 46]
  [ 0 38 34 30 30  0]]

 [[ 0 46 52 30 36 47]
  [ 0  0 42 31 56 45]
  [ 0 30  0 40 32 53]
  [ 0 39 50  0 53 32]
  [ 0 30 51 46  0 57]
  [ 0 57 57 34 35  0]]]
end
fixed_cost
[[2243 2277 2240 2253 2288]]
end
unit_cost
[[41 51 40 42 40]]
end
job2fam
[[1 0 0 0 0 0 0 0 0 0 0 0 0 0 0 0 0 0 0 0 0 0 0 0 0 0 0 0 0 0 0 0 0 0 0 0
  0 0 0 0 0]
 [0 0 0 1 0 0 0 0 0 0 1 0 0 0 0 0 0 0 0 0 0 0 0 0 0 0 0 0 1 0 0 0 1 1 0 0
  0 0 0 0 0]
 [0 1 0 0 0 0 0 0 1 1 0 1 1 0 1 0 0 0 0 0 1 0 0 0 0 0 0 0 0 0 0 0 0 0 0 0
  0 0 0 0 0]
 [0 0 0 0 0 0 0 0 0 0 0 0 0 0 0 1 0 1 0 0 0 0 1 1 0 0 0 0 0 1 1 1 0 0 0 1
  0 0 0 1 1]
 [0 0 1 0 1 0 1 0 0 0 0 0 0 0 0 0 1 0 1 1 0 1 0 0 0 0 0 0 0 0 0 0 0 0 1 0
  1 1 0 0 0]
 [0 0 0 0 0 1 0 1 0 0 0 0 0 1 0 0 0 0 0 0 0 0 0 0 1 1 1 1 0 0 0 0 0 0 0 0
  0 0 1 0 0]]
end
