mac
5
end
job
40
end
fam
5
end
proc_times
[[  0  23  13   6  17  78  32  99  38  96  96  44  27  91   1  76  37  67
   86  84  75  61  69  80  41  58  28  43  36  46  60  94  94  80  86  98
   43  82   5  26  99]
 [  0  46  72  55  76  48  28  23  40  44  54  25  61  33  15  96  41  37
   53  87  48  53  97  59  64  21 100  40  94  49  83  36  81  59  84  37
   22  47   3  74  77]
 [  0  59  27  38  93  88  84  61  66  96  59   4  54  35  87  47  99  15
   52  57  90   2  19  76  98  26  60  94  49   7  60  41  54  49  13  62
   49  76  33  44  49]
 [  0  30   3  51  74  12  66  25  84  50  39  76   1  90  52  66  40   6
   55  48  36  41  35  27 100   8  50  79  27  79  34  20  47  80  47  69
   79  36  45  60   5]
 [  0   2   9  96  54  17  49  62  27  40  86  17  84  68  36  33  77  28
   96   7  13  67  53  33  27  68  92  53  28  38  84  11  20  97  48  91
   20   9  83  39  61]]
end
weight
[[ 0 16 89 37  4  3 13 15 29  1 71 98 99 55 63 85 11 99 50 91 96 27 55 81
  20 31  6  9 77 62 36  6 91 66 49  5  2 57  7 92 89]]
end
setup_times
[[[ 0 37 57 59 37 41]
  [ 0  0 56 36 49 54]
  [ 0 52  0 53 50 38]
  [ 0 39 45  0 59 41]
  [ 0 35 38 42  0 40]
  [ 0 54 52 30 58  0]]

 [[ 0 39 48 43 44 39]
  [ 0  0 35 51 57 53]
  [ 0 45  0 55 33 50]
  [ 0 58 54  0 32 34]
  [ 0 36 48 53  0 39]
  [ 0 46 31 45 34  0]]

 [[ 0 57 46 55 42 57]
  [ 0  0 52 56 42 41]
  [ 0 49  0 57 39 44]
  [ 0 48 41  0 58 43]
  [ 0 48 43 43  0 32]
  [ 0 42 35 46 33  0]]

 [[ 0 38 39 51 55 43]
  [ 0  0 38 32 36 34]
  [ 0 49  0 55 59 30]
  [ 0 53 47  0 33 50]
  [ 0 45 34 56  0 33]
  [ 0 59 46 36 49  0]]

 [[ 0 51 43 42 35 36]
  [ 0  0 42 33 50 33]
  [ 0 54  0 45 36 44]
  [ 0 57 36  0 47 38]
  [ 0 31 49 54  0 46]
  [ 0 39 59 47 38  0]]]
end
fixed_cost
[[2697 2693 2699 2620 2630]]
end
unit_cost
[[51 58 49 44 52]]
end
job2fam
[[1 0 0 0 0 0 0 0 0 0 0 0 0 0 0 0 0 0 0 0 0 0 0 0 0 0 0 0 0 0 0 0 0 0 0 0
  0 0 0 0 0]
 [0 0 0 1 0 0 0 0 0 0 1 0 0 0 0 0 0 0 0 0 0 0 0 0 0 0 0 0 1 0 0 0 1 1 0 0
  0 0 0 0 0]
 [0 1 0 0 0 0 0 0 1 1 0 1 1 0 1 0 0 0 0 0 1 0 0 0 0 0 0 0 0 0 0 0 0 0 0 0
  0 0 0 0 0]
 [0 0 0 0 0 0 0 0 0 0 0 0 0 0 0 1 0 1 0 0 0 0 1 1 0 0 0 0 0 1 1 1 0 0 0 1
  0 0 0 1 1]
 [0 0 1 0 1 0 1 0 0 0 0 0 0 0 0 0 1 0 1 1 0 1 0 0 0 0 0 0 0 0 0 0 0 0 1 0
  1 1 0 0 0]
 [0 0 0 0 0 1 0 1 0 0 0 0 0 1 0 0 0 0 0 0 0 0 0 0 1 1 1 1 0 0 0 0 0 0 0 0
  0 0 1 0 0]]
end
