mac
5
end
job
40
end
fam
8
end
proc_times
[[  0  79  67  13   6  91  22  46  74  53  66  54  44  96  88  94 100  48
   98  79  58  19  71  63  80  44  73  49   6  70   4  46  99  62  43  61
   68  70  12  19  60]
 [  0  44   1  96  46  52  35   4  30  66  69  29  93  41  12  13  79  89
   40  85  46  46  10  20  18   2   7  69  48  56  14  57  90  12  43  29
   88  20  44  77  69]
 [  0  82  41  68  92  82  48  14  67  79  57  77  94  58  20  31  27   9
   17   7  46  61  67  65  30  65  96  66  81  10  78  64  33  99  15  22
   84   5  81  37  26]
 [  0  51  63  62  95   7  91  78  49  47  60  57  47  26  10  22  94  41
   86  82   1  78  12  95  65  99  41  33  93  61  57  33  68  47   6  90
   98  94  42  59  47]
 [  0  66  21  46  16  54  25  71  13  16  57  32  69   5  40  51  18   3
    9  69   6  11  79  10  96  60  20  56  26  46  80  33  81  55  18  83
   17  47  80  64  13]]
end
weight
[[ 0  9 53 94 34 61  7 51 85 80 98 33 94 13 80 52 25 83 99 43 32 21 95 66
  78 60  7  3 33 94 25 54 52 24 54 10 18 78 30 39 83]]
end
setup_times
[[[ 0 34 32 46 48 42 33 48 46]
  [ 0  0 54 39 46 40 41 35 59]
  [ 0 54  0 57 47 48 56 30 40]
  [ 0 50 57  0 43 33 35 41 59]
  [ 0 47 46 33  0 59 37 43 59]
  [ 0 46 57 33 38  0 39 42 48]
  [ 0 48 45 39 34 35  0 33 30]
  [ 0 36 51 52 49 32 47  0 58]
  [ 0 46 52 39 44 42 38 31  0]]

 [[ 0 50 50 36 53 50 36 53 39]
  [ 0  0 56 37 35 54 57 49 55]
  [ 0 51  0 41 38 38 38 58 35]
  [ 0 38 32  0 37 53 47 40 46]
  [ 0 41 55 42  0 37 57 40 35]
  [ 0 38 35 39 31  0 44 55 36]
  [ 0 40 45 53 34 33  0 53 52]
  [ 0 53 52 37 50 55 34  0 44]
  [ 0 40 46 43 40 47 55 54  0]]

 [[ 0 33 37 33 52 59 53 38 30]
  [ 0  0 46 57 59 30 50 45 38]
  [ 0 40  0 40 35 45 51 36 33]
  [ 0 30 53  0 52 52 46 34 45]
  [ 0 52 36 55  0 42 32 41 43]
  [ 0 59 39 58 32  0 41 50 37]
  [ 0 51 53 46 57 46  0 59 49]
  [ 0 56 54 52 49 33 48  0 50]
  [ 0 56 49 33 40 49 34 44  0]]

 [[ 0 44 30 41 43 55 57 39 31]
  [ 0  0 56 55 51 39 39 41 44]
  [ 0 44  0 31 51 58 57 55 51]
  [ 0 38 46  0 44 40 39 39 59]
  [ 0 50 48 34  0 55 47 30 56]
  [ 0 49 57 33 30  0 33 43 31]
  [ 0 48 39 30 45 51  0 41 36]
  [ 0 45 49 33 57 39 43  0 40]
  [ 0 53 47 32 47 42 49 53  0]]

 [[ 0 43 47 42 49 43 45 48 57]
  [ 0  0 50 30 57 30 43 30 52]
  [ 0 55  0 30 40 45 54 50 49]
  [ 0 46 57  0 52 38 51 48 36]
  [ 0 36 47 57  0 59 58 38 33]
  [ 0 57 45 39 40  0 43 45 51]
  [ 0 36 32 47 46 50  0 30 42]
  [ 0 32 45 37 58 50 42  0 43]
  [ 0 33 50 50 44 46 59 56  0]]]
end
fixed_cost
[[2546 2587 2621 2601 2596]]
end
unit_cost
[[52 44 46 59 53]]
end
job2fam
[[1 0 0 0 0 0 0 0 0 0 0 0 0 0 0 0 0 0 0 0 0 0 0 0 0 0 0 0 0 0 0 0 0 0 0 0
  0 0 0 0 0]
 [0 0 0 0 0 0 0 0 0 0 0 0 0 0 0 0 0 0 0 0 0 0 0 0 0 0 0 1 0 0 0 0 0 1 0 0
  0 1 0 0 0]
 [0 0 0 0 0 0 0 0 1 0 0 0 0 0 0 0 1 0 0 0 0 0 0 0 0 0 0 0 0 0 0 0 0 0 1 0
  0 0 0 0 0]
 [0 0 0 0 1 0 0 0 0 1 1 0 0 0 0 0 0 0 0 0 0 0 0 0 0 0 0 0 0 0 0 1 0 0 0 0
  0 0 0 0 1]
 [0 0 0 0 0 0 0 1 0 0 0 0 0 0 1 0 0 0 0 1 0 1 0 0 0 0 0 0 0 1 0 0 0 0 0 0
  0 0 0 1 0]
 [0 0 0 0 0 1 0 0 0 0 0 0 0 1 0 0 0 0 0 0 0 0 0 0 1 1 0 0 0 0 0 0 0 0 0 0
  0 0 0 0 0]
 [0 0 0 0 0 0 0 0 0 0 0 0 0 0 0 0 0 0 1 0 1 0 1 0 0 0 0 0 0 0 0 0 0 0 0 1
  0 0 1 0 0]
 [0 1 1 1 0 0 0 0 0 0 0 1 1 0 0 0 0 1 0 0 0 0 0 0 0 0 1 0 1 0 0 0 1 0 0 0
  0 0 0 0 0]
 [0 0 0 0 0 0 1 0 0 0 0 0 0 0 0 1 0 0 0 0 0 0 0 1 0 0 0 0 0 0 1 0 0 0 0 0
  1 0 0 0 0]]
end
