mac
5
end
job
40
end
fam
8
end
proc_times
[[  0  70  55  98  42  38  28  79  16  95  64  53  15  32  95  23  62  79
    9  20  39  96  42  38  83   4  44  68  23  19  25  84  69  56  46  92
    7  49  48  37  37]
 [  0  62  88  15  90  97  40  33 100  10   1  24  96  42  20  65  83  59
   93   6  74  21   1   1  56  47   9  17 100  12  15  58  28  86  14  22
   21  50   7  65  77]
 [  0  67  75   9  98  23  51  33  23  38  71  98  51  13  98  33  20   6
   39  53  57  95  37  23  77  76  99  43  64  18  38  43  20  76  68  67
    2  62  33  97  45]
 [  0  87  64  18  27  72   3  35  56  30  28  48  62  13  86  73  93  92
   23  60  63  50  13  74  52  66  23  45  74  42  20  34  32  40  75  85
   90  29  41  62  76]
 [  0  56  21  35  93  28  73  39  44  78  57  27  69  37  61  83   5  57
   71  19  77  97   2  74  45   1  32  18  39 100  76 100   2   2  57  16
   67  25  58  94  29]]
end
weight
[[ 0 44 21 86 35 41 58 69 60 17 47 20 40  7 84 72 14 64 27 97 93 79 89 14
  79 58 78 52 43 22 19 84 86 24 70 69 56 73 78 16 36]]
end
setup_times
[[[ 0 45 57 55 36 44 55 30 42]
  [ 0  0 36 58 58 33 41 55 53]
  [ 0 34  0 40 38 56 51 53 47]
  [ 0 36 46  0 32 30 42 43 50]
  [ 0 35 59 37  0 57 42 53 34]
  [ 0 32 53 32 45  0 30 36 36]
  [ 0 37 45 32 58 45  0 30 35]
  [ 0 54 51 42 46 57 38  0 32]
  [ 0 58 43 31 30 50 47 46  0]]

 [[ 0 32 30 42 39 39 40 42 39]
  [ 0  0 53 51 41 47 51 36 52]
  [ 0 50  0 44 59 32 41 36 38]
  [ 0 58 49  0 55 47 31 36 55]
  [ 0 31 50 52  0 36 48 50 54]
  [ 0 41 40 40 51  0 51 37 39]
  [ 0 40 58 46 49 51  0 52 41]
  [ 0 44 53 53 34 34 42  0 36]
  [ 0 42 35 47 57 36 57 35  0]]

 [[ 0 51 36 46 39 41 46 46 44]
  [ 0  0 41 31 49 36 41 59 51]
  [ 0 32  0 54 34 57 42 51 48]
  [ 0 50 38  0 58 47 48 41 44]
  [ 0 54 35 42  0 57 38 46 37]
  [ 0 55 47 34 45  0 56 30 37]
  [ 0 40 42 52 39 46  0 32 51]
  [ 0 36 42 37 39 33 33  0 39]
  [ 0 54 30 39 37 55 43 41  0]]

 [[ 0 44 40 46 43 31 31 45 58]
  [ 0  0 59 51 51 55 54 53 34]
  [ 0 49  0 54 43 39 51 57 54]
  [ 0 44 52  0 48 32 41 50 39]
  [ 0 33 39 56  0 54 48 45 49]
  [ 0 44 46 52 33  0 52 35 49]
  [ 0 51 49 38 50 36  0 39 39]
  [ 0 30 56 55 37 53 37  0 53]
  [ 0 37 41 50 48 48 51 43  0]]

 [[ 0 38 44 43 56 54 54 41 41]
  [ 0  0 31 52 46 33 36 49 46]
  [ 0 33  0 40 50 50 40 59 49]
  [ 0 52 42  0 38 51 31 53 38]
  [ 0 45 59 45  0 32 34 52 54]
  [ 0 33 59 38 39  0 55 36 41]
  [ 0 58 41 42 49 56  0 35 50]
  [ 0 56 55 45 33 48 49  0 46]
  [ 0 40 49 44 45 57 41 47  0]]]
end
fixed_cost
[[2615 2616 2548 2558 2618]]
end
unit_cost
[[47 59 53 50 53]]
end
job2fam
[[1 0 0 0 0 0 0 0 0 0 0 0 0 0 0 0 0 0 0 0 0 0 0 0 0 0 0 0 0 0 0 0 0 0 0 0
  0 0 0 0 0]
 [0 0 0 0 0 0 0 0 0 0 0 0 0 0 0 0 0 0 0 0 0 0 0 0 0 0 0 1 0 0 0 0 0 1 0 0
  0 1 0 0 0]
 [0 0 0 0 0 0 0 0 1 0 0 0 0 0 0 0 1 0 0 0 0 0 0 0 0 0 0 0 0 0 0 0 0 0 1 0
  0 0 0 0 0]
 [0 0 0 0 1 0 0 0 0 1 1 0 0 0 0 0 0 0 0 0 0 0 0 0 0 0 0 0 0 0 0 1 0 0 0 0
  0 0 0 0 1]
 [0 0 0 0 0 0 0 1 0 0 0 0 0 0 1 0 0 0 0 1 0 1 0 0 0 0 0 0 0 1 0 0 0 0 0 0
  0 0 0 1 0]
 [0 0 0 0 0 1 0 0 0 0 0 0 0 1 0 0 0 0 0 0 0 0 0 0 1 1 0 0 0 0 0 0 0 0 0 0
  0 0 0 0 0]
 [0 0 0 0 0 0 0 0 0 0 0 0 0 0 0 0 0 0 1 0 1 0 1 0 0 0 0 0 0 0 0 0 0 0 0 1
  0 0 1 0 0]
 [0 1 1 1 0 0 0 0 0 0 0 1 1 0 0 0 0 1 0 0 0 0 0 0 0 0 1 0 1 0 0 0 1 0 0 0
  0 0 0 0 0]
 [0 0 0 0 0 0 1 0 0 0 0 0 0 0 0 1 0 0 0 0 0 0 0 1 0 0 0 0 0 0 1 0 0 0 0 0
  1 0 0 0 0]]
end
