mac
5
end
job
50
end
fam
3
end
proc_times
[[  0  14  86  69  87  19  81  75  27  41   3  20   7  86  87   2  30  64
   75  82  40  83  24  73  99  32  91  93  65  68  64  74  97  95  27  90
   96   6  17  97  39  77  26  50  66  96  46  27  90  50  89]
 [  0   4  44  19  12  63  93  38 100  44  56  17  93  84  20  88  94  77
   31  53  68  89  84  23  84  43  97  26  92  12  39  59  11  74  86  49
   62  64  80  82  64  65  84  79  47  66  33  47  85  66  38]
 [  0  15  71  11  25  81  62  26  27  12  36  79  67  38  21  96  89  62
   90  61  76  83  22   1  47  92  36  46  49  58  46  20  79  20  13  29
   95  31  88  11  55   7  12   3  13  93  94  19  39  21  44]
 [  0  35  93  95  19  50  88  73  92  69  15  67  92  53  60  79  73  21
   19  77  61  67  87  82  80  40  57  29  48  94  68  32  44  95  56   8
   55  81  69  83  41  44  57  51  12  86  85  91  55  59  26]
 [  0  80  11  68  36   9  85   3  13  33  73  89  69  32  93  41   7  15
   61  88  98  11  56  22   4  25  73  52  93  68  50  67  49 100  62  24
   68  94  51  14  10  40   8  26  37  21   5  88  69  71  19]]
end
weight
[[ 0 80  8  5 48 57 26  7 52 83 98 84 69 63 72 76 43  6  1  5 72 49 39  6
  91 76 14 10 92 28 82 82 34 69 49 25 63 16 96 64 66 55 50 80 89  9 30 46
  47 31 95]]
end
setup_times
[[[ 0 41 57 54]
  [ 0  0 41 47]
  [ 0 57  0 49]
  [ 0 30 50  0]]

 [[ 0 44 39 44]
  [ 0  0 54 50]
  [ 0 39  0 41]
  [ 0 44 42  0]]

 [[ 0 32 57 30]
  [ 0  0 30 32]
  [ 0 59  0 55]
  [ 0 39 59  0]]

 [[ 0 48 57 45]
  [ 0  0 59 57]
  [ 0 35  0 52]
  [ 0 57 58  0]]

 [[ 0 33 41 43]
  [ 0  0 53 48]
  [ 0 56  0 43]
  [ 0 45 55  0]]]
end
fixed_cost
[[2656 2664 2598 2595 2647]]
end
unit_cost
[[58 47 57 41 42]]
end
job2fam
[[1 0 0 0 0 0 0 0 0 0 0 0 0 0 0 0 0 0 0 0 0 0 0 0 0 0 0 0 0 0 0 0 0 0 0 0
  0 0 0 0 0 0 0 0 0 0 0 0 0 0 0]
 [0 1 0 0 1 1 1 1 1 0 1 0 0 1 0 0 1 0 0 1 1 0 0 1 1 0 0 1 0 0 0 0 1 0 1 0
  1 0 0 0 0 0 0 0 1 0 0 0 0 0 0]
 [0 0 0 1 0 0 0 0 0 1 0 0 0 0 1 1 0 0 1 0 0 0 1 0 0 1 1 0 1 0 1 0 0 1 0 1
  0 1 1 1 0 0 0 0 0 0 1 1 0 0 1]
 [0 0 1 0 0 0 0 0 0 0 0 1 1 0 0 0 0 1 0 0 0 1 0 0 0 0 0 0 0 1 0 1 0 0 0 0
  0 0 0 0 1 1 1 1 0 1 0 0 1 1 0]]
end
