mac
5
end
job
50
end
fam
3
end
proc_times
[[  0  33  40  97  38   1   2  76  30  29  98  17  21  36  30  27  48  34
   43  17  46  71  97  33  85   1  33  58 100  95  50  74  89  30  25  23
   20  41  43  86  12  26  89  36  66  89  69  52  74  87  38]
 [  0  93  84  87   1  39  33  17  78  92  70  39  92  91  32  75  29  81
   44  19  81   8  58  13   4  91  30  69  50  11  99  31  75  64  82  25
   70  28 100  90  71  15   8   9  36  14  92  15  90  48  59]
 [  0  45  12  40   8  31  36  25  40  91   6  44  32  49   3  87  47  12
   46  24  53  24  19  46  48  61  44  67  70  28 100  22  86  79  33  13
   99  86  68  13  19  24  78  18  81  16  25  32  47  44  29]
 [  0  75   7  71  26  85  54  62  81   8  78  53  98  76  74  90  93  59
   83  83  59  18  48  43  38  50  73  46  78  26  52  44  96  12  54  14
   41  88  33  49  36  65  28   5  58  17  27  29  87   3  53]
 [  0  85  49   1 100  20  11  11   4  98  70   2  43  60  56  85  82  20
   99  25  35  30  42  91  34  71  14  69  86  27  74  68  43  23  64  53
   20   8  25  92   3  39  14  30  13  94  87  43  24  98  40]]
end
weight
[[ 0 34 30 30 62 67 89 19 47 30 60 72 59 62 88 77 14  3 41 86 69 88 89 20
  15 42 71 94 50 84 28 99  7 63 84 40 59 87 47 79 41 50 21 56 18 35 10 89
  33 19 34]]
end
setup_times
[[[ 0 42 48 46]
  [ 0  0 39 52]
  [ 0 38  0 39]
  [ 0 39 33  0]]

 [[ 0 31 39 48]
  [ 0  0 40 57]
  [ 0 38  0 48]
  [ 0 51 49  0]]

 [[ 0 58 41 30]
  [ 0  0 53 48]
  [ 0 50  0 49]
  [ 0 50 58  0]]

 [[ 0 31 50 57]
  [ 0  0 33 35]
  [ 0 32  0 44]
  [ 0 49 53  0]]

 [[ 0 55 45 38]
  [ 0  0 40 34]
  [ 0 40  0 33]
  [ 0 32 49  0]]]
end
fixed_cost
[[2333 2421 2384 2363 2342]]
end
unit_cost
[[46 57 46 50 42]]
end
job2fam
[[1 0 0 0 0 0 0 0 0 0 0 0 0 0 0 0 0 0 0 0 0 0 0 0 0 0 0 0 0 0 0 0 0 0 0 0
  0 0 0 0 0 0 0 0 0 0 0 0 0 0 0]
 [0 1 0 0 1 1 1 1 1 0 1 0 0 1 0 0 1 0 0 1 1 0 0 1 1 0 0 1 0 0 0 0 1 0 1 0
  1 0 0 0 0 0 0 0 1 0 0 0 0 0 0]
 [0 0 0 1 0 0 0 0 0 1 0 0 0 0 1 1 0 0 1 0 0 0 1 0 0 1 1 0 1 0 1 0 0 1 0 1
  0 1 1 1 0 0 0 0 0 0 1 1 0 0 1]
 [0 0 1 0 0 0 0 0 0 0 0 1 1 0 0 0 0 1 0 0 0 1 0 0 0 0 0 0 0 1 0 1 0 0 0 0
  0 0 0 0 1 1 1 1 0 1 0 0 1 1 0]]
end
