mac
5
end
job
50
end
fam
3
end
proc_times
[[  0  32  73  60  62  73  49  25  92  29  62   5  12  30  72  99  38  62
    1  99  70  65  31  97  51  89  48  30  94  42  93  15  61  25  58  39
   43  69  87   6   8  24  16  47  67  19  20  36  56  66  37]
 [  0  85  39  17  88  15  21  20  39  27  44  99  26  97  17  45   7  55
   68  97  39  33  74  64  95  38  77  47  22  24  62  46  47  72   9  88
   62  35  59  26  18  72  56  39  52   2  97  66  94  66  84]
 [  0  97  85  83  42  38   5  36  59  25  47  34  20  73  66  81  20   9
   80   1  50  68  47  71  61  39  89   6  80  76  11   3  44  62  83  79
   56  72  36  56  94  59  41  18  32  81  83  51  92  43   6]
 [  0  79  27  97  89  23  55  61  21  82  53  99  38  80  46  72  20  60
   33  26  77   4  91   1  28  37  47  61   5  63  96  73  67  16  43  56
  100  37  26   5   8  72  80  68  75  79  42  41  71 100  97]
 [  0  68  83  49 100  51  20  96   1  30  52  12  26  83  15  81  11  39
   59  13  55  51  41  22  95  31  32  77 100   2  74   4  65  51  91  26
   37  53  40  54  55  22  51  17  93  86  95  33  17  95  91]]
end
weight
[[ 0 99 63 30 34  5 95 15 32 85 46 72 19 78 16 65 85 98 19 52  4 66 37 83
  20 77 97 74  3 32 12 50 90 62 11 19  9 86  4 82 57 34 77 76 73 50 47  4
   1 77 54]]
end
setup_times
[[[ 0 31 52 40]
  [ 0  0 42 30]
  [ 0 44  0 36]
  [ 0 44 40  0]]

 [[ 0 44 41 35]
  [ 0  0 55 37]
  [ 0 50  0 33]
  [ 0 34 48  0]]

 [[ 0 46 35 38]
  [ 0  0 55 30]
  [ 0 35  0 31]
  [ 0 48 53  0]]

 [[ 0 35 56 37]
  [ 0  0 41 33]
  [ 0 45  0 45]
  [ 0 44 33  0]]

 [[ 0 59 43 41]
  [ 0  0 53 54]
  [ 0 57  0 34]
  [ 0 36 58  0]]]
end
fixed_cost
[[2641 2636 2632 2633 2656]]
end
unit_cost
[[52 51 54 54 46]]
end
job2fam
[[1 0 0 0 0 0 0 0 0 0 0 0 0 0 0 0 0 0 0 0 0 0 0 0 0 0 0 0 0 0 0 0 0 0 0 0
  0 0 0 0 0 0 0 0 0 0 0 0 0 0 0]
 [0 1 0 0 1 1 1 1 1 0 1 0 0 1 0 0 1 0 0 1 1 0 0 1 1 0 0 1 0 0 0 0 1 0 1 0
  1 0 0 0 0 0 0 0 1 0 0 0 0 0 0]
 [0 0 0 1 0 0 0 0 0 1 0 0 0 0 1 1 0 0 1 0 0 0 1 0 0 1 1 0 1 0 1 0 0 1 0 1
  0 1 1 1 0 0 0 0 0 0 1 1 0 0 1]
 [0 0 1 0 0 0 0 0 0 0 0 1 1 0 0 0 0 1 0 0 0 1 0 0 0 0 0 0 0 1 0 1 0 0 0 0
  0 0 0 0 1 1 1 1 0 1 0 0 1 1 0]]
end
