mac
5
end
job
50
end
fam
3
end
proc_times
[[  0  23  35  22   2  67  35   1  85  71   7  42  45  98   8  22  65  30
   89  26  88  76  24  79  79  70  96  64  41  14  25  43  31  38  35  42
   69  49  12  56  28  97  34  77  79  67  75  22  64  51  69]
 [  0  59   9  78  31  98   4  98  13  43  23  13  81  28  91  72  27  45
   74  81  55  89  14  42  72  92  59  34  39   6  62   3  66  44  46  48
   12  49  10  11  55  96  96  89  61  47  27  34  24  73  72]
 [  0  18  68  31  63  14  24  74  11  47  33  24  59  28  94  70  17  80
   52  66  70  62  63  46  89  54  65  38  59  24  42  53  40  31   9  95
   43  72  65  80  53  88  40  80  55  49  31  26  87  63  47]
 [  0  45  70  69  57  44  81  25  49  32  66  44  46  96  73   2  69  42
   98  89  19  93  22  23  80  92 100  78  79  31  56  90   7  38  91  88
   39   5  76  16  24  76  36   1   4  14  42  73   2  16  81]
 [  0  94   7  56  46  71  29  62  99  66  78  46  41 100  74  95  97  33
   55  62  37  97  43   3  64  88  56  95  30  44  56  31  52  33  87  95
   62  51   1  36  97  64  40  82  29  23  87  63   6  91  77]]
end
weight
[[ 0 53 35 46 50 97 35 42  4 92 65 98 45 74 28 53 15 26 12 10 27 44 54 87
  32 30 33 70 69 16 98 40 89 91 72 86 94 79 49 73 31 17 15 93  7 56 42 61
  82  4 10]]
end
setup_times
[[[ 0 40 51 46]
  [ 0  0 45 37]
  [ 0 55  0 54]
  [ 0 56 40  0]]

 [[ 0 56 31 39]
  [ 0  0 51 57]
  [ 0 45  0 43]
  [ 0 46 36  0]]

 [[ 0 31 41 40]
  [ 0  0 30 36]
  [ 0 32  0 37]
  [ 0 58 48  0]]

 [[ 0 36 52 57]
  [ 0  0 36 41]
  [ 0 59  0 47]
  [ 0 49 52  0]]

 [[ 0 36 41 31]
  [ 0  0 30 43]
  [ 0 33  0 57]
  [ 0 58 39  0]]]
end
fixed_cost
[[2409 2422 2379 2432 2441]]
end
unit_cost
[[47 42 46 43 51]]
end
job2fam
[[1 0 0 0 0 0 0 0 0 0 0 0 0 0 0 0 0 0 0 0 0 0 0 0 0 0 0 0 0 0 0 0 0 0 0 0
  0 0 0 0 0 0 0 0 0 0 0 0 0 0 0]
 [0 1 0 0 1 1 1 1 1 0 1 0 0 1 0 0 1 0 0 1 1 0 0 1 1 0 0 1 0 0 0 0 1 0 1 0
  1 0 0 0 0 0 0 0 1 0 0 0 0 0 0]
 [0 0 0 1 0 0 0 0 0 1 0 0 0 0 1 1 0 0 1 0 0 0 1 0 0 1 1 0 1 0 1 0 0 1 0 1
  0 1 1 1 0 0 0 0 0 0 1 1 0 0 1]
 [0 0 1 0 0 0 0 0 0 0 0 1 1 0 0 0 0 1 0 0 0 1 0 0 0 0 0 0 0 1 0 1 0 0 0 0
  0 0 0 0 1 1 1 1 0 1 0 0 1 1 0]]
end
