mac
5
end
job
50
end
fam
3
end
proc_times
[[  0  90  41  27  29 100  96   1  55  64  31  64  42  88  63   7  42  94
   26  59   3  89  74  13  62  86  22  81  46  87  60  19  63  60  73  52
   62  20  51 100  23  63  64  51  71  42  81  28  37  59  39]
 [  0   4  14  66  25   4  71  16  96  41  62  51  63  61  57  97   6  67
   27  60  22  90  98  27  95  61  26  43  67  60  29  50  65  82  89  16
   54  84  13  50  45   3  33  10  68  45  18  74  21   1  89]
 [  0  81  58  99  28  63  47  95  54  65  60  70  10  88  51  90 100  31
   67  99  85  96  63  86  91  29  27   2  44  22  84  30  32  32  47  46
   25  52  66  43  11  33  10  86  42  16  39  32  52  83  37]
 [  0 100  36  41  95  81  97   4  13  46  41  46  42  61  25  93  29  48
   44  84   5  76  35   9  84  86  87  98  85  60  20  94  68  40  50   1
   94  13  31  11  50  83  92  93  69  39 100  97  64  98  17]
 [  0  77  71  58  40  59  74  11  41   1  67  73  69  62  15  75  28  71
   75  62  40  37  98  29  66  98   7  79  74  78  42  50   8   8  31  94
   67  76  25  58  89  11  96  36  66  65  96  33  37  23  61]]
end
weight
[[ 0  3 33 36 76  9  7 96 68 27 92 68 85 79 92  8 13 13 60 30 59 93 50 28
   1 82 66 83 23 95 92 32 66 93 71 73 72 33 91 37 56 40 93 87 85 11 95 14
  45 30  8]]
end
setup_times
[[[ 0 40 42 30]
  [ 0  0 34 31]
  [ 0 59  0 42]
  [ 0 39 48  0]]

 [[ 0 52 40 53]
  [ 0  0 57 41]
  [ 0 54  0 53]
  [ 0 45 45  0]]

 [[ 0 40 52 46]
  [ 0  0 46 59]
  [ 0 49  0 45]
  [ 0 39 58  0]]

 [[ 0 55 51 55]
  [ 0  0 51 48]
  [ 0 34  0 39]
  [ 0 58 57  0]]

 [[ 0 41 44 38]
  [ 0  0 33 52]
  [ 0 42  0 56]
  [ 0 53 40  0]]]
end
fixed_cost
[[2975 3040 2956 2969 2985]]
end
unit_cost
[[54 62 60 47 55]]
end
job2fam
[[1 0 0 0 0 0 0 0 0 0 0 0 0 0 0 0 0 0 0 0 0 0 0 0 0 0 0 0 0 0 0 0 0 0 0 0
  0 0 0 0 0 0 0 0 0 0 0 0 0 0 0]
 [0 1 0 0 1 1 1 1 1 0 1 0 0 1 0 0 1 0 0 1 1 0 0 1 1 0 0 1 0 0 0 0 1 0 1 0
  1 0 0 0 0 0 0 0 1 0 0 0 0 0 0]
 [0 0 0 1 0 0 0 0 0 1 0 0 0 0 1 1 0 0 1 0 0 0 1 0 0 1 1 0 1 0 1 0 0 1 0 1
  0 1 1 1 0 0 0 0 0 0 1 1 0 0 1]
 [0 0 1 0 0 0 0 0 0 0 0 1 1 0 0 0 0 1 0 0 0 1 0 0 0 0 0 0 0 1 0 1 0 0 0 0
  0 0 0 0 1 1 1 1 0 1 0 0 1 1 0]]
end
