mac
5
end
job
50
end
fam
3
end
proc_times
[[  0  40  47  97  70  18  31  83  97  97  75  38  70   9  58  98  40  62
   93  29  87  14  89  77  38  16  65  86  58  52  91  74  79  10  73  82
   26  41  97  19  10  48  20  19  38  99  58  50  15  23  73]
 [  0  44  59  44  72  63  72  87  58  98  87   8  41  55  69  94  88  84
   96  38   8  46   9  75  50  84  62  97  92  86  14  54  85  54  10  12
   79  54  63  49  19  55  28  94   9  78  36  83  86  95  75]
 [  0  15  83  10  47  80  67  72   6  68  28  84  61  37  49  43  36  17
   16   4  15  49  12  18  39  86  65   5  87  68  78  48  43  54  44  44
   75   1   2  87  54  12  68  82  18  72  55   5  68  77  90]
 [  0  34  58  57  13  86  63  38  90  21   5  74   1  30  71  24   6  93
   21  48  99  14  12  16   7  48  69  21  92  98  69  62  16   7  34  22
   52  75  58  69  95  95  67  24  35  95  23  53  74  66  63]
 [  0  62  39  91  96  21  90  88  68  67  70  65  59  97  91  46  89  16
   20   2  39  98  43  99   3  83   7 100  13  14  35  92  46  28  58  72
   55  73  32  73   6  74  47  87  35  18  25  82  81   3   8]]
end
weight
[[ 0 87 74 15 78 56 80 33 98 57  2 23 63 19 34 30 13  5 58 56 33 23 21  6
  68 44 98 38 51 17 49 88 57 87 55 63 81 53 36 55 24 84 88 41 87  2 81 47
  62 40 35]]
end
setup_times
[[[ 0 59 46 51]
  [ 0  0 35 39]
  [ 0 55  0 47]
  [ 0 37 48  0]]

 [[ 0 39 38 37]
  [ 0  0 49 46]
  [ 0 59  0 48]
  [ 0 57 41  0]]

 [[ 0 47 43 37]
  [ 0  0 39 39]
  [ 0 33  0 43]
  [ 0 40 36  0]]

 [[ 0 44 41 44]
  [ 0  0 46 58]
  [ 0 39  0 52]
  [ 0 51 59  0]]

 [[ 0 48 59 57]
  [ 0  0 54 49]
  [ 0 31  0 38]
  [ 0 51 38  0]]]
end
fixed_cost
[[2719 2728 2764 2745 2747]]
end
unit_cost
[[49 56 51 49 50]]
end
job2fam
[[1 0 0 0 0 0 0 0 0 0 0 0 0 0 0 0 0 0 0 0 0 0 0 0 0 0 0 0 0 0 0 0 0 0 0 0
  0 0 0 0 0 0 0 0 0 0 0 0 0 0 0]
 [0 1 0 0 1 1 1 1 1 0 1 0 0 1 0 0 1 0 0 1 1 0 0 1 1 0 0 1 0 0 0 0 1 0 1 0
  1 0 0 0 0 0 0 0 1 0 0 0 0 0 0]
 [0 0 0 1 0 0 0 0 0 1 0 0 0 0 1 1 0 0 1 0 0 0 1 0 0 1 1 0 1 0 1 0 0 1 0 1
  0 1 1 1 0 0 0 0 0 0 1 1 0 0 1]
 [0 0 1 0 0 0 0 0 0 0 0 1 1 0 0 0 0 1 0 0 0 1 0 0 0 0 0 0 0 1 0 1 0 0 0 0
  0 0 0 0 1 1 1 1 0 1 0 0 1 1 0]]
end
