mac
5
end
job
50
end
fam
5
end
proc_times
[[  0  77   4  55  12  62  77  12  12  95  52  42  16  67  34  78  41  50
   90  51  82  12  64  86  40  48  64  96  43   4   1  76  47  29  42  69
   42  92  26  46  29  77   8  10  52  27  24  55  85  88  93]
 [  0  49  72  65  89   1  61  88  97  91  16  81  65  61  31  94  99  21
  100  36  80  67  65  96  67  91  45  46  17  94  57  43  71  62  14  20
   78  65  76  43  24  15  32  19  27  89  36   7   4  41  26]
 [  0  36  40  80  62  78  69  76  70   7   5  17  72  65  14  74  99  25
   74  61  73  96  14   8  29  90  78  54  45  91  73  61  86  34  15  23
   79  74  60  59   6  26  34  45  79  28  24  66  30  17  31]
 [  0  72  96  47  50  33  88  52  54  27  15  93  90 100  60  54  74  81
   67  45  50  71   3  76  78  38  15  73  58  16  96  57  57  90  84  91
   15  28  18   2   1  18  95  96  53  15  36  41  27  61  75]
 [  0  68  25  26  79  57  53  79  88  58  69  24   6  68  83  34  81  88
   51   7  55  27  60  64  91  36  25  72  51  31  38  32  33  62  38  15
   65  21  55  77   4  83  11  44  56  77  23  55  84  96  19]]
end
weight
[[ 0 18 21 48 26 27 96 15 81 90 71 30 59 97 92 33 81 65 42 11 67 98 53 40
  54 25 25 97 34 85 94  4  3 96 24 78 69 33 81 56 58 48 47 19 86 64 27 59
  96 91 94]]
end
setup_times
[[[ 0 51 49 30 57 41]
  [ 0  0 40 47 46 45]
  [ 0 51  0 34 46 32]
  [ 0 33 38  0 58 39]
  [ 0 56 30 35  0 52]
  [ 0 37 31 44 37  0]]

 [[ 0 43 44 36 36 34]
  [ 0  0 32 30 51 33]
  [ 0 58  0 47 34 39]
  [ 0 57 35  0 40 35]
  [ 0 53 40 54  0 55]
  [ 0 46 51 37 53  0]]

 [[ 0 38 39 42 34 42]
  [ 0  0 56 53 39 51]
  [ 0 59  0 59 42 38]
  [ 0 54 32  0 34 39]
  [ 0 58 59 32  0 51]
  [ 0 52 42 53 57  0]]

 [[ 0 33 55 52 54 46]
  [ 0  0 34 48 36 38]
  [ 0 46  0 51 32 33]
  [ 0 34 35  0 48 58]
  [ 0 53 43 45  0 57]
  [ 0 49 57 55 59  0]]

 [[ 0 57 48 38 43 37]
  [ 0  0 54 47 58 40]
  [ 0 41  0 40 38 43]
  [ 0 39 48  0 51 32]
  [ 0 49 34 35  0 56]
  [ 0 50 57 36 32  0]]]
end
fixed_cost
[[2979 3074 2971 3035 3061]]
end
unit_cost
[[48 64 61 56 60]]
end
job2fam
[[1 0 0 0 0 0 0 0 0 0 0 0 0 0 0 0 0 0 0 0 0 0 0 0 0 0 0 0 0 0 0 0 0 0 0 0
  0 0 0 0 0 0 0 0 0 0 0 0 0 0 0]
 [0 0 0 0 0 0 1 0 0 0 0 0 1 1 0 1 0 0 0 0 1 0 0 0 1 0 0 0 0 1 0 0 0 0 0 0
  1 0 0 1 0 0 1 0 0 0 0 0 0 0 0]
 [0 1 0 0 1 1 0 0 0 0 0 0 0 0 0 0 0 0 0 1 0 0 0 1 0 0 1 0 0 0 0 0 0 0 0 0
  0 1 0 0 0 1 0 1 0 1 0 0 0 0 0]
 [0 0 0 1 0 0 0 0 0 1 0 0 0 0 1 0 0 0 1 0 0 1 0 0 0 1 0 1 1 0 0 0 1 0 1 1
  0 0 0 0 0 0 0 0 0 0 1 0 0 0 0]
 [0 0 1 0 0 0 0 1 1 0 1 0 0 0 0 0 1 1 0 0 0 0 0 0 0 0 0 0 0 0 1 1 0 1 0 0
  0 0 1 0 0 0 0 0 1 0 0 1 0 0 1]
 [0 0 0 0 0 0 0 0 0 0 0 1 0 0 0 0 0 0 0 0 0 0 1 0 0 0 0 0 0 0 0 0 0 0 0 0
  0 0 0 0 1 0 0 0 0 0 0 0 1 1 0]]
end
