mac
5
end
job
50
end
fam
8
end
proc_times
[[  0  99  59  10  28  81  35  35  91  62  25  12  39  13  74  25  58  63
  100  13  73  84  50  78   4  58  30  35  69   1   6  81  78  77  52  84
   59  47  84   8  74  25  64   6  63   9  13  68  18  12  26]
 [  0  26  74  65  29  34  26  14  81   1  62  38  70  23  74  20  12  36
    2   3  24  15  79  10  25   3  71  77  41  70   5   9  16  61   2  84
   34  20  28  22  40  13  10  65   3   2  78  69  91  27  44]
 [  0  12  41  59  66  50  35   3  39  77   9  85  16  32  52  57  90  36
   34  76  33  79  90  68  96  21  88  33  83  91  20  39  62  39  48  78
   23  16   2  65  99  25  91  81  57  79  82  39  40  54  34]
 [  0  13  96  51  39  85  53   4  57  30   5  55  30  57  88  55   7  83
   39  64  25 100  53  51  16   6  27  81  39  99  37  74  77   4  12  58
    3  63  57  68  64  82  66  71  57   1  21  73  91  99  43]
 [  0  13  41  64  94   2  56  35  51  28  15   4  70  10  25   3  96   8
   83  81  57  68   2  24  95  12  13  16  46  73  85  75  45  23  42  35
   37  73  99   6  94  98  61  31  28  20  15  86  12  90  69]]
end
weight
[[ 0 92 49 51 44  5 78 79 42 61 24 68  2 28  1 93 50  2 16  3 53 39 85 72
  74 18 19 86  2  8 85 81 12 58 56 76 91 49 67 40 13 32 53 31  5 97 77 67
  56 77 48]]
end
setup_times
[[[ 0 40 40 37 35 45 40 31 44]
  [ 0  0 53 51 32 38 53 39 41]
  [ 0 40  0 39 44 45 53 33 57]
  [ 0 46 47  0 39 47 35 57 43]
  [ 0 50 39 49  0 32 59 31 39]
  [ 0 49 49 59 42  0 49 36 48]
  [ 0 34 51 33 34 34  0 57 52]
  [ 0 46 32 32 54 45 51  0 59]
  [ 0 39 46 38 48 52 31 41  0]]

 [[ 0 31 56 42 38 53 44 30 35]
  [ 0  0 32 46 32 45 46 53 50]
  [ 0 38  0 42 46 38 45 42 47]
  [ 0 31 31  0 49 45 42 58 38]
  [ 0 30 40 50  0 33 48 55 51]
  [ 0 54 51 58 47  0 39 52 35]
  [ 0 45 46 58 36 43  0 32 52]
  [ 0 57 31 40 40 30 35  0 56]
  [ 0 52 35 47 47 59 37 43  0]]

 [[ 0 31 53 45 35 50 47 46 46]
  [ 0  0 51 53 35 53 52 45 46]
  [ 0 36  0 32 53 39 52 42 33]
  [ 0 32 35  0 55 42 36 37 48]
  [ 0 40 43 32  0 59 49 41 39]
  [ 0 40 32 56 44  0 58 56 36]
  [ 0 52 31 45 48 47  0 49 48]
  [ 0 34 37 38 45 32 33  0 48]
  [ 0 37 30 40 52 56 36 38  0]]

 [[ 0 31 46 35 52 43 45 48 35]
  [ 0  0 30 41 43 40 38 47 40]
  [ 0 33  0 54 57 46 53 32 50]
  [ 0 43 37  0 35 40 33 34 54]
  [ 0 35 49 38  0 45 55 57 39]
  [ 0 35 44 55 36  0 30 34 35]
  [ 0 54 44 52 58 49  0 44 40]
  [ 0 37 52 35 55 59 43  0 51]
  [ 0 51 54 33 51 48 46 39  0]]

 [[ 0 50 52 59 44 42 51 41 49]
  [ 0  0 54 31 43 38 33 54 42]
  [ 0 33  0 57 47 42 44 49 31]
  [ 0 43 54  0 58 41 46 44 59]
  [ 0 30 55 31  0 50 39 54 41]
  [ 0 44 54 31 41  0 47 56 58]
  [ 0 57 39 57 31 38  0 31 55]
  [ 0 54 53 58 52 35 32  0 54]
  [ 0 30 57 45 49 56 43 49  0]]]
end
fixed_cost
[[2001 1976 1962 1928 1923]]
end
unit_cost
[[39 43 45 42 42]]
end
job2fam
[[1 0 0 0 0 0 0 0 0 0 0 0 0 0 0 0 0 0 0 0 0 0 0 0 0 0 0 0 0 0 0 0 0 0 0 0
  0 0 0 0 0 0 0 0 0 0 0 0 0 0 0]
 [0 0 0 0 0 0 1 0 0 0 0 0 0 0 0 0 0 1 0 0 1 0 0 0 0 1 0 0 0 1 0 0 0 0 0 0
  0 0 0 0 0 0 0 0 0 0 0 0 0 0 0]
 [0 1 0 0 0 0 0 0 1 0 0 0 0 0 0 1 0 0 0 1 0 0 0 1 0 0 1 0 0 0 0 1 0 0 0 0
  1 0 0 0 0 0 0 1 0 0 0 0 0 0 0]
 [0 0 0 0 0 0 0 0 0 0 0 0 0 1 0 0 0 0 0 0 0 1 0 0 0 0 0 0 0 0 1 0 0 0 0 1
  0 0 0 1 0 0 0 0 0 1 0 0 0 0 0]
 [0 0 0 0 0 0 0 0 0 1 1 0 0 0 1 0 0 0 0 0 0 0 0 0 1 0 0 1 0 0 0 0 0 0 1 0
  0 1 0 0 0 0 0 0 0 0 0 0 0 0 1]
 [0 0 0 1 0 0 0 0 0 0 0 0 0 0 0 0 0 0 0 0 0 0 0 0 0 0 0 0 0 0 0 0 0 0 0 0
  0 0 1 0 1 1 0 0 0 0 0 1 0 0 0]
 [0 0 1 0 0 1 0 1 0 0 0 1 0 0 0 0 1 0 0 0 0 0 1 0 0 0 0 0 1 0 0 0 1 0 0 0
  0 0 0 0 0 0 0 0 0 0 0 0 0 0 0]
 [0 0 0 0 1 0 0 0 0 0 0 0 1 0 0 0 0 0 1 0 0 0 0 0 0 0 0 0 0 0 0 0 0 1 0 0
  0 0 0 0 0 0 1 0 1 0 0 0 1 1 0]
 [0 0 0 0 0 0 0 0 0 0 0 0 0 0 0 0 0 0 0 0 0 0 0 0 0 0 0 0 0 0 0 0 0 0 0 0
  0 0 0 0 0 0 0 0 0 0 1 0 0 0 0]]
end
