mac
3
end
job
20
end
fam
5
end
proc_times
[[  0  12  50  48  80  40   8  32 100   3  98   2   4  33  90  98  53  74
   21  75  10]
 [  0  54  14  19   6  56   8  33  31  79  51  55  72   8   6   7  94  85
   12  91  27]
 [  0  44  27  34  71  63  84  13  62   8  24  52  93  80  85  45  27  46
   60  81  63]]
end
weight
[[ 0 79 19 37 96 36 65 90 70 37 74 95 37 62 86 68 44 38 15 47 82]]
end
setup_times
[[[ 0 32 44 49 55 33]
  [ 0  0 32 33 51 40]
  [ 0 43  0 40 56 36]
  [ 0 33 42  0 34 48]
  [ 0 55 33 52  0 47]
  [ 0 34 43 34 59  0]]

 [[ 0 47 50 52 44 32]
  [ 0  0 53 50 35 54]
  [ 0 41  0 42 59 43]
  [ 0 46 52  0 59 46]
  [ 0 47 32 47  0 45]
  [ 0 33 42 30 51  0]]

 [[ 0 44 48 38 38 43]
  [ 0  0 51 53 52 57]
  [ 0 56  0 53 39 43]
  [ 0 41 56  0 58 58]
  [ 0 56 38 57  0 56]
  [ 0 54 57 52 37  0]]]
end
fixed_cost
[[2904 2818 2801]]
end
unit_cost
[[63 62 59]]
end
job2fam
[[1 0 0 0 0 0 0 0 0 0 0 0 0 0 0 0 0 0 0 0 0]
 [0 1 1 0 0 0 0 0 0 0 0 0 0 0 0 0 1 0 0 0 0]
 [0 0 0 0 0 0 0 1 0 0 1 1 0 0 0 0 0 0 0 0 0]
 [0 0 0 0 0 0 0 0 0 0 0 0 1 0 1 1 0 1 0 0 0]
 [0 0 0 0 0 1 1 0 1 1 0 0 0 0 0 0 0 0 0 0 1]
 [0 0 0 1 1 0 0 0 0 0 0 0 0 1 0 0 0 0 1 1 0]]
end
