mac
5
end
job
50
end
fam
8
end
proc_times
[[  0  13  35  78  92  68  32   1  26  35  64  78  45  50  61  17  91  47
    2  40  77  58  81  10  83  18  31  93   2  33  37  78  99  38  12  47
   84  19  24  31  58  14  74  51  36  12  48  46  20  20  72]
 [  0  91  33  73  12  58  90  98   8  62   5  14  40  77  67  96  10  13
    9  93  21  37  26  68  83  60  38  67  86  52  85  59  93  82  38  77
   95  33  80  81  83  50  94  25  30  81   8  18  79  50   8]
 [  0  36  42  26  77  12  77  59   9  69  86  30  66  60   6   4  65  95
   72  56  81  79  68  55  16  67  61  80  51  99  11  43  47  26 100  77
   97  63  57  20  32  81  61  25  78  68   5  80  39   6  85]
 [  0  90  92   5  85  42  94  15  88 100  12  58  13  25  33  80  67  84
   48  83  51  20   6  39  18  81  86  67  90  32  49  13   5   6  56  10
   91  89  67  24  52  96  97  38  17  66  30  98  49  85  71]
 [  0  92  79  13  11  35  80  33  75  44   5  76  86  56  65  25  54  55
   28  32  40  24  71  85  34  83  54  99  67  99  86  83  40  95  99  43
   80  28  25  49  76   7  22  62  42   6  41  35  30  18  70]]
end
weight
[[ 0 57 90 35 46 20 43 76 47 37 21 50 46 63 91 15 91 39 38 20 93 55 87 18
   5 44 52 64 41 43 57 95 16 39  2 43 10 17 17 67 64 98 20 85 80  6 61 49
  19 58 18]]
end
setup_times
[[[ 0 56 36 44 48 36 48 58 56]
  [ 0  0 30 48 55 44 33 53 32]
  [ 0 51  0 31 45 37 39 52 51]
  [ 0 35 54  0 46 42 51 31 59]
  [ 0 42 31 53  0 51 40 38 56]
  [ 0 37 46 38 37  0 42 56 37]
  [ 0 52 38 54 58 36  0 49 30]
  [ 0 58 39 32 53 44 45  0 49]
  [ 0 45 41 48 40 39 37 52  0]]

 [[ 0 39 40 51 42 46 50 53 56]
  [ 0  0 44 56 45 33 55 43 44]
  [ 0 41  0 54 53 30 43 36 41]
  [ 0 40 35  0 37 37 37 33 35]
  [ 0 56 30 36  0 41 54 53 59]
  [ 0 31 52 34 52  0 43 56 57]
  [ 0 55 31 48 36 56  0 42 31]
  [ 0 30 40 30 48 44 53  0 39]
  [ 0 57 52 52 30 39 53 53  0]]

 [[ 0 53 55 57 41 53 51 57 32]
  [ 0  0 34 33 56 32 31 31 45]
  [ 0 50  0 58 52 49 41 30 44]
  [ 0 35 57  0 48 58 54 57 58]
  [ 0 31 51 43  0 38 33 45 36]
  [ 0 39 56 40 30  0 49 32 53]
  [ 0 50 42 32 39 48  0 47 56]
  [ 0 36 50 36 41 35 59  0 50]
  [ 0 47 40 57 30 58 40 57  0]]

 [[ 0 31 53 35 32 48 35 41 36]
  [ 0  0 35 53 37 59 50 52 51]
  [ 0 58  0 35 53 51 49 39 44]
  [ 0 30 31  0 44 40 35 37 45]
  [ 0 50 42 30  0 44 57 56 47]
  [ 0 59 40 46 46  0 38 35 56]
  [ 0 38 39 40 53 58  0 32 54]
  [ 0 59 31 34 47 56 51  0 34]
  [ 0 48 35 43 58 33 33 49  0]]

 [[ 0 41 52 36 52 40 44 51 55]
  [ 0  0 56 44 42 39 44 57 52]
  [ 0 35  0 31 41 58 52 36 45]
  [ 0 46 53  0 34 53 44 54 36]
  [ 0 39 53 36  0 31 54 59 53]
  [ 0 40 42 32 52  0 55 55 56]
  [ 0 36 40 35 50 45  0 59 31]
  [ 0 40 56 52 34 44 47  0 54]
  [ 0 56 56 51 57 47 57 30  0]]]
end
fixed_cost
[[2548 2538 2504 2490 2542]]
end
unit_cost
[[55 42 50 49 48]]
end
job2fam
[[1 0 0 0 0 0 0 0 0 0 0 0 0 0 0 0 0 0 0 0 0 0 0 0 0 0 0 0 0 0 0 0 0 0 0 0
  0 0 0 0 0 0 0 0 0 0 0 0 0 0 0]
 [0 0 0 0 0 0 1 0 0 0 0 0 0 0 0 0 0 1 0 0 1 0 0 0 0 1 0 0 0 1 0 0 0 0 0 0
  0 0 0 0 0 0 0 0 0 0 0 0 0 0 0]
 [0 1 0 0 0 0 0 0 1 0 0 0 0 0 0 1 0 0 0 1 0 0 0 1 0 0 1 0 0 0 0 1 0 0 0 0
  1 0 0 0 0 0 0 1 0 0 0 0 0 0 0]
 [0 0 0 0 0 0 0 0 0 0 0 0 0 1 0 0 0 0 0 0 0 1 0 0 0 0 0 0 0 0 1 0 0 0 0 1
  0 0 0 1 0 0 0 0 0 1 0 0 0 0 0]
 [0 0 0 0 0 0 0 0 0 1 1 0 0 0 1 0 0 0 0 0 0 0 0 0 1 0 0 1 0 0 0 0 0 0 1 0
  0 1 0 0 0 0 0 0 0 0 0 0 0 0 1]
 [0 0 0 1 0 0 0 0 0 0 0 0 0 0 0 0 0 0 0 0 0 0 0 0 0 0 0 0 0 0 0 0 0 0 0 0
  0 0 1 0 1 1 0 0 0 0 0 1 0 0 0]
 [0 0 1 0 0 1 0 1 0 0 0 1 0 0 0 0 1 0 0 0 0 0 1 0 0 0 0 0 1 0 0 0 1 0 0 0
  0 0 0 0 0 0 0 0 0 0 0 0 0 0 0]
 [0 0 0 0 1 0 0 0 0 0 0 0 1 0 0 0 0 0 1 0 0 0 0 0 0 0 0 0 0 0 0 0 0 1 0 0
  0 0 0 0 0 0 1 0 1 0 0 0 1 1 0]
 [0 0 0 0 0 0 0 0 0 0 0 0 0 0 0 0 0 0 0 0 0 0 0 0 0 0 0 0 0 0 0 0 0 0 0 0
  0 0 0 0 0 0 0 0 0 0 1 0 0 0 0]]
end
