mac
5
end
job
60
end
fam
5
end
proc_times
[[  0  58  44  46  98   7  79  50  67  75  53  51  53  22  71  66  16  41
   83   5  68   3   3  17  38   4   9  81  55  47  34  11 100  25  98  49
   41  21   4   3  57  44  61  88  83  53  19  98  65  15  56   4  79  15
   83  17  19  76  41  57  77]
 [  0  65  28  47  49  79  62  77  89  18  72  36  43  98  46  80  98  37
   44  82  72  53  58  82  33  40  99  47  94  64   4  91  57  38  23  14
   93  91  57  23  18  47  12  15  76  19  51  45  25  93  73   1  99   6
   91   9  19  74  10  64  11]
 [  0  43  53  74   5  67  70  96   9  30  53  34  57  55   7  99  38  34
   26  12  70  82   3  97  14 100  96  65  47  72  41  44   4  32  72  31
    1  47  13  26  65  20  71  37  40  91  55   6  74  42  63  62  41  33
    1  92  95   6   2  71  90]
 [  0  40  88  98  81  81  48  13  96  61  90 100  81  15  22  73  71  12
   34  26  41  99  67  50  37  14   4  52   3  45  31  12  33  52  73   1
   54  51  47  96  35   7  33  88  84  80  38  15  56  46 100  76  41  24
   36  16  31  19  55   9  91]
 [  0  48  51  11  81  84  79  60  30  74   4  29  92 100  72  97  66  69
    4  32  33  89  39  95  49  40  98  15  46  66   5  52  77  56  14  95
   89  96  42  70  13  33  67  42  83  66  12  91  29  16  15  49  49  86
   50  13  30   2  81  73  55]]
end
weight
[[ 0 24 71 74 86 78 45 37 97 85 98 77 34 63 95 66 20 24 83 61 97 84 37 95
  28 45 49 37 44 18 33 57 33 89 77 29 22 44 45 68 83 10 41 55 70 63 22 56
  80 52 57 37 23 37 51 61 34  2 69 26 74]]
end
setup_times
[[[ 0 33 50 48 43 56]
  [ 0  0 54 51 56 58]
  [ 0 51  0 48 44 59]
  [ 0 31 57  0 35 40]
  [ 0 45 57 56  0 40]
  [ 0 42 33 51 57  0]]

 [[ 0 48 50 58 37 53]
  [ 0  0 58 53 39 40]
  [ 0 48  0 41 31 53]
  [ 0 57 47  0 51 32]
  [ 0 31 45 30  0 42]
  [ 0 56 57 45 52  0]]

 [[ 0 50 45 35 30 50]
  [ 0  0 58 36 42 48]
  [ 0 38  0 54 37 48]
  [ 0 38 47  0 58 51]
  [ 0 54 47 45  0 33]
  [ 0 41 41 49 53  0]]

 [[ 0 49 54 30 33 41]
  [ 0  0 58 34 33 53]
  [ 0 59  0 48 50 57]
  [ 0 41 37  0 46 50]
  [ 0 53 40 37  0 38]
  [ 0 32 53 48 35  0]]

 [[ 0 56 46 58 51 32]
  [ 0  0 37 47 52 30]
  [ 0 40  0 44 50 53]
  [ 0 31 58  0 39 59]
  [ 0 35 45 53  0 38]
  [ 0 52 36 40 39  0]]]
end
fixed_cost
[[3002 3051 2968 3073 2978]]
end
unit_cost
[[58 64 61 63 58]]
end
job2fam
[[1 0 0 0 0 0 0 0 0 0 0 0 0 0 0 0 0 0 0 0 0 0 0 0 0 0 0 0 0 0 0 0 0 0 0 0
  0 0 0 0 0 0 0 0 0 0 0 0 0 0 0 0 0 0 0 0 0 0 0 0 0]
 [0 0 0 0 0 0 1 0 0 0 0 0 0 1 0 0 1 0 0 0 1 1 0 0 0 0 0 0 0 1 0 0 1 1 0 0
  1 0 0 0 0 0 0 0 0 0 0 0 1 1 0 0 1 0 0 0 0 0 0 1 0]
 [0 1 0 0 0 0 0 0 0 0 0 1 0 0 0 0 0 1 0 0 0 0 1 0 0 0 0 1 0 0 0 0 0 0 1 0
  0 1 1 0 0 0 0 0 0 0 1 0 0 0 0 0 0 1 0 0 1 0 0 0 0]
 [0 0 0 1 0 0 0 0 0 1 0 0 0 0 1 0 0 0 0 1 0 0 0 0 0 0 1 0 1 0 0 0 0 0 0 0
  0 0 0 0 1 1 1 0 1 0 0 1 0 0 0 1 0 0 0 1 0 1 0 0 1]
 [0 0 1 0 1 1 0 1 0 0 0 0 1 0 0 0 0 0 0 0 0 0 0 1 1 1 0 0 0 0 1 1 0 0 0 1
  0 0 0 0 0 0 0 0 0 1 0 0 0 0 1 0 0 0 1 0 0 0 1 0 0]
 [0 0 0 0 0 0 0 0 1 0 1 0 0 0 0 1 0 0 1 0 0 0 0 0 0 0 0 0 0 0 0 0 0 0 0 0
  0 0 0 1 0 0 0 1 0 0 0 0 0 0 0 0 0 0 0 0 0 0 0 0 0]]
end
