mac
5
end
job
60
end
fam
5
end
proc_times
[[  0   3  68  81  31 100  39  15  87  11  67  11  15  54  82  63  54  33
   18  86  51  98  63  66  80  88  94  93   9  29  55   2  13  58  27  27
   81  92  82   9  23  21  97  78  94  45  67  94  97  80  53  63  35  82
   92  80   7  47  63  41   5]
 [  0  77  19  68  14  85  36  19  51  94  17  56  36  36  23  79   7  30
   87  14  72  12  12  58  10   1  25  55  73  78  89  55   8  64  98 100
   14  95  48  10  66  12  34  41  84  96  60  78  49  57  12  91  53  66
   26  59   1  48  68  68  52]
 [  0  64  79  76  93  46   4  58  11  60  71  13  22   3  51  88  10  21
   41  71  52  14  71  95  88  76   6  14  74  36  89  13  31  85  26  60
   64  56  68  62  89  71  11  16  91  89  86  13  97   4  13  56  56  17
   69  96  72  75   3  77  25]
 [  0  19 100  57  18  21  22  60  12   2  63  50  24  71  16  29   1  10
   27  82  25  14  92  58  77  12  39  34  70  55  25   5  32  27  73  49
   87  75  91  56  86  14  62  42  73   8  26  98  23  78  98  35  66  54
   45  74  54  63  45  98  52]
 [  0  54   7  96  49  39  13  95  98  76  53  86  51  21  57  80  78  25
   58  93   8  99  73  22   9   3   4  71  21  61  76  29   8  81  50  42
   77  91  15  72  47  90  21  90   5  41  43  34  93  70  43  74  61  10
   95  43  71  14  95  56  71]]
end
weight
[[ 0 76 52 73 56 91 58 43 18 44 14 48 38  4 13 57 93 64  6 62 49 24  4  6
  83 95 11 86 62 33 39 37 50 17 40 95 79 46 63 70 31  5 33 74 85 90 66 84
  25 34 49 95 46 31 60  6 94 59 89 21 50]]
end
setup_times
[[[ 0 59 51 59 39 51]
  [ 0  0 42 34 50 30]
  [ 0 37  0 59 50 30]
  [ 0 34 52  0 39 51]
  [ 0 59 32 49  0 34]
  [ 0 56 42 56 41  0]]

 [[ 0 35 36 43 44 49]
  [ 0  0 52 44 54 52]
  [ 0 53  0 58 48 42]
  [ 0 33 42  0 42 52]
  [ 0 41 53 57  0 44]
  [ 0 42 55 43 58  0]]

 [[ 0 40 56 59 31 31]
  [ 0  0 35 45 46 35]
  [ 0 45  0 59 32 33]
  [ 0 47 34  0 48 32]
  [ 0 40 36 51  0 55]
  [ 0 50 31 53 37  0]]

 [[ 0 57 41 56 45 30]
  [ 0  0 56 46 50 51]
  [ 0 53  0 43 54 35]
  [ 0 46 58  0 48 31]
  [ 0 46 36 44  0 46]
  [ 0 49 39 54 41  0]]

 [[ 0 56 41 32 50 41]
  [ 0  0 35 30 55 53]
  [ 0 47  0 48 41 43]
  [ 0 37 54  0 44 44]
  [ 0 44 42 44  0 42]
  [ 0 45 55 40 41  0]]]
end
fixed_cost
[[2621 2663 2689 2674 2666]]
end
unit_cost
[[44 52 54 55 54]]
end
job2fam
[[1 0 0 0 0 0 0 0 0 0 0 0 0 0 0 0 0 0 0 0 0 0 0 0 0 0 0 0 0 0 0 0 0 0 0 0
  0 0 0 0 0 0 0 0 0 0 0 0 0 0 0 0 0 0 0 0 0 0 0 0 0]
 [0 0 0 0 0 0 1 0 0 0 0 0 0 1 0 0 1 0 0 0 1 1 0 0 0 0 0 0 0 1 0 0 1 1 0 0
  1 0 0 0 0 0 0 0 0 0 0 0 1 1 0 0 1 0 0 0 0 0 0 1 0]
 [0 1 0 0 0 0 0 0 0 0 0 1 0 0 0 0 0 1 0 0 0 0 1 0 0 0 0 1 0 0 0 0 0 0 1 0
  0 1 1 0 0 0 0 0 0 0 1 0 0 0 0 0 0 1 0 0 1 0 0 0 0]
 [0 0 0 1 0 0 0 0 0 1 0 0 0 0 1 0 0 0 0 1 0 0 0 0 0 0 1 0 1 0 0 0 0 0 0 0
  0 0 0 0 1 1 1 0 1 0 0 1 0 0 0 1 0 0 0 1 0 1 0 0 1]
 [0 0 1 0 1 1 0 1 0 0 0 0 1 0 0 0 0 0 0 0 0 0 0 1 1 1 0 0 0 0 1 1 0 0 0 1
  0 0 0 0 0 0 0 0 0 1 0 0 0 0 1 0 0 0 1 0 0 0 1 0 0]
 [0 0 0 0 0 0 0 0 1 0 1 0 0 0 0 1 0 0 1 0 0 0 0 0 0 0 0 0 0 0 0 0 0 0 0 0
  0 0 0 1 0 0 0 1 0 0 0 0 0 0 0 0 0 0 0 0 0 0 0 0 0]]
end
