mac
5
end
job
50
end
fam
8
end
proc_times
[[  0  12  21  34  47  86  39  34  62  50  42  68  14  43  94  24  64  60
   41  92  80  96  29  23  97  95  92  36   3  40  44  18  54  90  61  14
   45  68  27  34  93  61  59  95  85  56  33  78  87  54  60]
 [  0  45  23  86  14  87  60  77  51  53  75  28  11  17  25 100  11  70
   99  70  87  77  19  96   6  40  28  29  90  78  90  77  56  77  24   7
   46  62  29  66  76  99  20  89  96  42  15  48  30  57  54]
 [  0  75   4  70  44  34  80  46   8  16   4   3  75  23  18  70  72  17
   37  91  77  75  51  75  74  93  52  11  31  77  92  10  60   3  14  28
   20   7   8 100  25  83   9  27  94  36   3  24  97   2  44]
 [  0  84  53  93  11  78   5  42  50  42  81  29  33  43  83  17  34  21
   25  40  61  63  38  93  84   5  11  22  72  90  86  93  93  60  25  87
   44  41  57  10  15   3  49  74  91  62  93  94  51  26  63]
 [  0  57  64  29  60  88  31  64   9  43  77  60  97  46  16  25  45  71
   22  23  65  79  25  29  25  14  40  41  84  66  87  71  95  83  52  55
   72  34  50  85  97  44  86  16  57   5  74  54  15  56  87]]
end
weight
[[ 0 25 38 12 58  1 93 72 32 30 30 14 52 89 79 35 24 70  9  6 10 46 52 75
  26 34 75 84 86 22 99 32 37 16  6 75 18 86 88  2 22 32 47  5 60 81 23 75
  74 68 54]]
end
setup_times
[[[ 0 41 54 52 59 36 48 42 50]
  [ 0  0 55 46 46 57 51 33 59]
  [ 0 48  0 32 30 56 38 41 59]
  [ 0 46 40  0 41 36 48 48 48]
  [ 0 46 51 39  0 59 33 52 46]
  [ 0 42 31 32 32  0 32 49 36]
  [ 0 59 47 34 49 55  0 54 42]
  [ 0 37 45 43 59 35 35  0 59]
  [ 0 44 41 54 53 57 55 58  0]]

 [[ 0 55 35 53 59 30 40 40 38]
  [ 0  0 52 45 45 35 46 54 58]
  [ 0 48  0 49 57 54 49 49 38]
  [ 0 40 46  0 34 52 50 48 43]
  [ 0 52 30 49  0 32 37 52 43]
  [ 0 49 58 57 34  0 53 50 49]
  [ 0 33 56 35 39 30  0 50 36]
  [ 0 54 57 30 39 55 57  0 32]
  [ 0 36 47 53 54 42 48 59  0]]

 [[ 0 49 47 45 41 54 48 47 41]
  [ 0  0 44 43 49 56 36 51 37]
  [ 0 41  0 58 38 59 38 53 54]
  [ 0 33 42  0 56 42 35 55 40]
  [ 0 54 30 47  0 45 33 32 37]
  [ 0 52 59 46 52  0 40 44 59]
  [ 0 37 52 47 38 56  0 45 59]
  [ 0 42 52 47 37 42 49  0 51]
  [ 0 52 40 54 46 32 36 32  0]]

 [[ 0 39 40 36 45 54 59 37 30]
  [ 0  0 32 49 30 43 48 49 45]
  [ 0 38  0 38 33 36 33 45 52]
  [ 0 54 38  0 42 32 37 36 36]
  [ 0 59 46 33  0 37 57 48 54]
  [ 0 43 51 32 45  0 39 48 45]
  [ 0 40 53 48 39 43  0 30 54]
  [ 0 36 31 41 43 36 30  0 59]
  [ 0 31 31 53 38 41 35 49  0]]

 [[ 0 59 31 33 53 36 37 40 59]
  [ 0  0 36 30 47 59 57 52 39]
  [ 0 55  0 45 39 56 49 37 56]
  [ 0 57 44  0 48 32 54 59 44]
  [ 0 41 32 44  0 43 57 57 41]
  [ 0 39 35 49 48  0 50 30 38]
  [ 0 41 59 35 32 55  0 31 42]
  [ 0 50 49 37 43 45 47  0 57]
  [ 0 58 48 30 35 47 53 35  0]]]
end
fixed_cost
[[2350 2427 2396 2423 2433]]
end
unit_cost
[[43 49 53 37 50]]
end
job2fam
[[1 0 0 0 0 0 0 0 0 0 0 0 0 0 0 0 0 0 0 0 0 0 0 0 0 0 0 0 0 0 0 0 0 0 0 0
  0 0 0 0 0 0 0 0 0 0 0 0 0 0 0]
 [0 0 0 0 0 0 1 0 0 0 0 0 0 0 0 0 0 1 0 0 1 0 0 0 0 1 0 0 0 1 0 0 0 0 0 0
  0 0 0 0 0 0 0 0 0 0 0 0 0 0 0]
 [0 1 0 0 0 0 0 0 1 0 0 0 0 0 0 1 0 0 0 1 0 0 0 1 0 0 1 0 0 0 0 1 0 0 0 0
  1 0 0 0 0 0 0 1 0 0 0 0 0 0 0]
 [0 0 0 0 0 0 0 0 0 0 0 0 0 1 0 0 0 0 0 0 0 1 0 0 0 0 0 0 0 0 1 0 0 0 0 1
  0 0 0 1 0 0 0 0 0 1 0 0 0 0 0]
 [0 0 0 0 0 0 0 0 0 1 1 0 0 0 1 0 0 0 0 0 0 0 0 0 1 0 0 1 0 0 0 0 0 0 1 0
  0 1 0 0 0 0 0 0 0 0 0 0 0 0 1]
 [0 0 0 1 0 0 0 0 0 0 0 0 0 0 0 0 0 0 0 0 0 0 0 0 0 0 0 0 0 0 0 0 0 0 0 0
  0 0 1 0 1 1 0 0 0 0 0 1 0 0 0]
 [0 0 1 0 0 1 0 1 0 0 0 1 0 0 0 0 1 0 0 0 0 0 1 0 0 0 0 0 1 0 0 0 1 0 0 0
  0 0 0 0 0 0 0 0 0 0 0 0 0 0 0]
 [0 0 0 0 1 0 0 0 0 0 0 0 1 0 0 0 0 0 1 0 0 0 0 0 0 0 0 0 0 0 0 0 0 1 0 0
  0 0 0 0 0 0 1 0 1 0 0 0 1 1 0]
 [0 0 0 0 0 0 0 0 0 0 0 0 0 0 0 0 0 0 0 0 0 0 0 0 0 0 0 0 0 0 0 0 0 0 0 0
  0 0 0 0 0 0 0 0 0 0 1 0 0 0 0]]
end
