mac
5
end
job
60
end
fam
8
end
proc_times
[[  0  31  61  10  86  18  24  38   3  43   7  49  15  25   7  13  84  12
   52  59  67  14  43   1  81  62  70  18  33  42  23  79  46  11  57  15
   41  28   4  68  80  35  61  81  85  44  50  25  84  87  42  26  81  50
   42  72  38  77   5  52  96]
 [  0  24  60  65  36  31  66  58  15  84  36  56  34  39   7 100  98  60
   65  53   5  74  24  16  80  58   2  72  56  30  54  26  11  56  74  72
    3  69   1  57  99  85   7  91  19  32  85  11   3  72  51  15  51   8
   97  84  60  17  51  18  90]
 [  0  84  18  64  87  91  62  38  95  78   9  54  95  45  69  96   3  34
   65  58  40  63  58  55  62  73  35  87  56  81   6  77  96  38  83  57
   50  66  28  73  14   2  97  59  63  27  27 100  85  66  58  95  32  24
   37  85  54  78  93  27  72]
 [  0  88  21  33  75  91  19  50  70  96   9  13   4  90  25  77  23  12
   88  33  48  82  77  29  11  26  18  12  47  73  32  68  75  60  47  34
   17  15  46   9  87  31  49  89  77   7  56  55  92  20  42  87  41  10
   40  24  43  19  23  39  19]
 [  0  98  97  77  82  86  91  96  49  98  72  67  56   7  70   5  42  31
   51   4  48  55  76  47  55  14  48  31  66   4  36  72  17  72  11   2
   96   4  17  23  76  42  51   4  43  36   3  48  89  41  47   1  60  63
   31  97  72  67  18  57  17]]
end
weight
[[ 0 96 31 75 47 71  6 51 35 10 87 68 22 48 58  8 53 92 63 66 21 39 76  1
  74  2 50 35  2 11 68 50 74 17 62 41 81  2 49 58 29  4 57 97 84 72 51 73
  89 69 20 56 58 59 16 52 38 58 31 77 46]]
end
setup_times
[[[ 0 52 49 43 31 40 48 50 31]
  [ 0  0 32 40 38 54 31 52 59]
  [ 0 44  0 30 51 35 59 52 53]
  [ 0 47 53  0 57 38 59 32 46]
  [ 0 40 35 33  0 39 33 59 30]
  [ 0 37 53 57 45  0 46 34 36]
  [ 0 31 32 30 35 55  0 56 33]
  [ 0 40 36 34 47 41 30  0 52]
  [ 0 41 54 40 51 32 56 56  0]]

 [[ 0 41 57 53 47 37 37 30 52]
  [ 0  0 59 47 44 40 56 35 37]
  [ 0 37  0 31 37 48 33 42 58]
  [ 0 47 43  0 49 45 53 30 44]
  [ 0 58 33 38  0 40 53 51 56]
  [ 0 49 46 51 49  0 33 33 44]
  [ 0 42 44 51 36 40  0 35 45]
  [ 0 58 51 59 51 38 46  0 35]
  [ 0 40 41 53 49 50 43 57  0]]

 [[ 0 41 48 44 51 44 31 31 56]
  [ 0  0 56 42 46 50 32 56 55]
  [ 0 50  0 40 33 59 55 44 47]
  [ 0 36 47  0 54 46 50 41 55]
  [ 0 58 39 59  0 30 44 56 35]
  [ 0 50 51 56 35  0 46 30 49]
  [ 0 48 36 59 57 49  0 45 50]
  [ 0 43 52 38 55 57 55  0 48]
  [ 0 51 47 50 59 52 38 37  0]]

 [[ 0 35 48 42 36 55 52 35 43]
  [ 0  0 44 36 50 50 59 57 50]
  [ 0 32  0 40 36 31 44 38 46]
  [ 0 59 58  0 44 58 46 33 50]
  [ 0 36 54 41  0 33 33 30 39]
  [ 0 41 44 36 43  0 43 54 45]
  [ 0 44 55 45 55 32  0 38 36]
  [ 0 48 44 35 49 42 39  0 43]
  [ 0 33 51 41 58 36 43 35  0]]

 [[ 0 46 52 52 41 35 33 49 30]
  [ 0  0 56 58 41 54 44 50 55]
  [ 0 41  0 52 30 46 30 38 38]
  [ 0 46 53  0 48 54 51 46 42]
  [ 0 53 44 49  0 49 54 57 41]
  [ 0 35 51 38 43  0 49 55 54]
  [ 0 35 51 48 45 32  0 49 58]
  [ 0 43 49 48 44 41 34  0 50]
  [ 0 44 36 47 54 38 51 41  0]]]
end
fixed_cost
[[2191 2202 2185 2154 2139]]
end
unit_cost
[[43 41 42 54 46]]
end
job2fam
[[1 0 0 0 0 0 0 0 0 0 0 0 0 0 0 0 0 0 0 0 0 0 0 0 0 0 0 0 0 0 0 0 0 0 0 0
  0 0 0 0 0 0 0 0 0 0 0 0 0 0 0 0 0 0 0 0 0 0 0 0 0]
 [0 0 0 0 0 0 0 0 0 0 0 0 0 0 0 0 0 0 0 0 0 0 0 0 0 0 0 1 0 1 0 0 0 0 0 0
  1 0 0 0 0 1 1 0 0 1 0 0 0 0 0 0 0 0 0 0 0 0 0 1 0]
 [0 1 0 0 0 0 0 0 0 0 0 0 0 1 0 0 0 0 0 0 0 0 0 1 1 0 0 0 0 0 0 0 1 0 0 0
  0 0 0 0 0 0 0 0 0 0 1 0 0 1 1 0 0 0 0 0 1 0 0 0 0]
 [0 0 0 0 0 0 0 0 0 0 0 0 0 0 0 0 1 0 0 1 0 0 0 0 0 0 0 0 0 0 0 0 0 0 1 0
  0 0 0 0 0 0 0 1 0 0 0 0 1 0 0 0 0 0 1 0 0 0 0 0 0]
 [0 0 0 1 0 0 0 0 0 1 0 0 0 0 1 0 0 1 0 0 0 0 0 0 0 1 0 0 0 0 0 0 0 1 0 0
  0 1 1 0 0 0 0 0 0 0 0 1 0 0 0 0 0 0 0 0 0 0 0 0 0]
 [0 0 0 0 1 0 1 0 1 0 0 0 0 0 0 0 0 0 0 0 0 0 1 0 0 0 1 0 0 0 0 0 0 0 0 0
  0 0 0 0 1 0 0 0 1 0 0 0 0 0 0 0 0 0 0 0 0 0 0 0 0]
 [0 0 0 0 0 1 0 1 0 0 1 0 0 0 0 0 0 0 1 0 0 1 0 0 0 0 0 0 0 0 1 1 0 0 0 0
  0 0 0 1 0 0 0 0 0 0 0 0 0 0 0 0 1 0 0 1 0 0 1 0 0]
 [0 0 1 0 0 0 0 0 0 0 0 1 1 0 0 1 0 0 0 0 1 0 0 0 0 0 0 0 1 0 0 0 0 0 0 1
  0 0 0 0 0 0 0 0 0 0 0 0 0 0 0 0 0 1 0 0 0 1 0 0 1]
 [0 0 0 0 0 0 0 0 0 0 0 0 0 0 0 0 0 0 0 0 0 0 0 0 0 0 0 0 0 0 0 0 0 0 0 0
  0 0 0 0 0 0 0 0 0 0 0 0 0 0 0 1 0 0 0 0 0 0 0 0 0]]
end
