mac
5
end
job
60
end
fam
8
end
proc_times
[[  0  87   7  41 100  89  18  41  33  10  48  95  95   1  60  78  26  74
   76  95  97  47  55  34  13  77  69  88  15  43  95   4  48   5  68  48
   90  38  33  46  62  44  88  79  85  22  34  31  85  18   9  69  49  55
   49  69  25  18  21   3   8]
 [  0  20  53  13  73  38  92  95 100   2  15  48  18   5  72  24  53  41
   23  88  68  29  54   6  44  21  89  78  13  44  11   5  92  87  98  79
   51  54  20  90  51  69  97  24  86  19  42   6   1  63  86  34 100  53
   13  19  68  72  89  11  35]
 [  0   4  72  91  51  88  33  73  86  88  89  61  68  52  80  77  69  95
   69  93  84  12   7  88  87   2  85  29  47   5  10  72  15  21  29  48
   66  68  28  77  59  98  87  68  10  98  15  22  65  46   3  81  89  76
   93  93  43  63  13  19  51]
 [  0  68   6  25  44   2  59  16  82  58  94  73  13   5  82  40  78   5
   31  72  88  81  36  95  23  57  21  69  53  12  89   3  41  65  18 100
   19  22  17  88  91  30  36  81  23  80  34  28  94  88  92  92  89  39
   20  61  64  91  56   2  62]
 [  0   1  52  32  87  42  82  78   8  90  11  78  97  20  99  27   7  96
   41  93  10  52  59  70  86  46  34  36  55  55   2  85  32  20   3  57
   29  57  94  76  71  46  17   6   7  87  90  60  94   6  83  66  36   6
   77  18  57  20  71 100   2]]
end
weight
[[ 0 11 19 82 54 15 54 80 58 48 20 51 85 74  4 78  5 38  6 14 21 31 55 24
  96 54 34 10 74 82 92 11 49 33  1 77 67 38 40 25 17 33 65 31 48 14 37 58
  86 87 82 21 17 84 42 91 47 18 24 52  1]]
end
setup_times
[[[ 0 52 51 58 43 40 38 47 52]
  [ 0  0 42 30 50 41 37 36 45]
  [ 0 58  0 35 59 41 32 50 45]
  [ 0 48 44  0 47 43 55 50 57]
  [ 0 42 44 46  0 49 37 42 50]
  [ 0 49 30 47 46  0 44 32 47]
  [ 0 58 58 49 37 36  0 31 48]
  [ 0 49 52 45 37 52 55  0 37]
  [ 0 44 31 48 53 55 52 32  0]]

 [[ 0 32 52 58 39 30 55 56 50]
  [ 0  0 55 34 54 34 59 44 32]
  [ 0 34  0 40 59 57 40 35 34]
  [ 0 40 52  0 38 42 35 49 51]
  [ 0 51 33 47  0 47 51 31 37]
  [ 0 54 57 52 42  0 48 43 30]
  [ 0 48 35 41 45 48  0 56 54]
  [ 0 54 47 48 40 32 41  0 57]
  [ 0 39 49 40 42 55 57 48  0]]

 [[ 0 36 33 46 49 58 32 58 52]
  [ 0  0 58 52 56 41 48 45 31]
  [ 0 51  0 45 55 58 38 36 45]
  [ 0 30 57  0 40 56 48 39 46]
  [ 0 47 35 46  0 42 48 56 54]
  [ 0 50 58 54 50  0 58 46 42]
  [ 0 57 46 47 52 46  0 47 30]
  [ 0 57 32 30 46 30 50  0 41]
  [ 0 40 50 40 48 38 32 51  0]]

 [[ 0 55 57 58 46 33 53 39 57]
  [ 0  0 32 34 48 58 46 57 46]
  [ 0 33  0 50 35 58 34 59 37]
  [ 0 47 46  0 49 51 55 53 41]
  [ 0 59 48 58  0 55 42 41 43]
  [ 0 54 48 40 44  0 33 31 52]
  [ 0 37 49 46 46 40  0 41 34]
  [ 0 35 45 30 53 30 36  0 56]
  [ 0 48 40 54 58 40 51 50  0]]

 [[ 0 49 36 37 53 34 32 44 31]
  [ 0  0 32 37 52 55 51 40 52]
  [ 0 48  0 38 35 31 43 44 39]
  [ 0 41 50  0 46 41 43 30 51]
  [ 0 44 39 48  0 37 30 31 57]
  [ 0 47 38 56 44  0 33 39 51]
  [ 0 52 38 49 47 43  0 44 47]
  [ 0 53 34 41 31 53 51  0 45]
  [ 0 42 31 56 32 31 54 44  0]]]
end
fixed_cost
[[2317 2269 2324 2343 2319]]
end
unit_cost
[[52 40 41 39 52]]
end
job2fam
[[1 0 0 0 0 0 0 0 0 0 0 0 0 0 0 0 0 0 0 0 0 0 0 0 0 0 0 0 0 0 0 0 0 0 0 0
  0 0 0 0 0 0 0 0 0 0 0 0 0 0 0 0 0 0 0 0 0 0 0 0 0]
 [0 0 0 0 0 0 0 0 0 0 0 0 0 0 0 0 0 0 0 0 0 0 0 0 0 0 0 1 0 1 0 0 0 0 0 0
  1 0 0 0 0 1 1 0 0 1 0 0 0 0 0 0 0 0 0 0 0 0 0 1 0]
 [0 1 0 0 0 0 0 0 0 0 0 0 0 1 0 0 0 0 0 0 0 0 0 1 1 0 0 0 0 0 0 0 1 0 0 0
  0 0 0 0 0 0 0 0 0 0 1 0 0 1 1 0 0 0 0 0 1 0 0 0 0]
 [0 0 0 0 0 0 0 0 0 0 0 0 0 0 0 0 1 0 0 1 0 0 0 0 0 0 0 0 0 0 0 0 0 0 1 0
  0 0 0 0 0 0 0 1 0 0 0 0 1 0 0 0 0 0 1 0 0 0 0 0 0]
 [0 0 0 1 0 0 0 0 0 1 0 0 0 0 1 0 0 1 0 0 0 0 0 0 0 1 0 0 0 0 0 0 0 1 0 0
  0 1 1 0 0 0 0 0 0 0 0 1 0 0 0 0 0 0 0 0 0 0 0 0 0]
 [0 0 0 0 1 0 1 0 1 0 0 0 0 0 0 0 0 0 0 0 0 0 1 0 0 0 1 0 0 0 0 0 0 0 0 0
  0 0 0 0 1 0 0 0 1 0 0 0 0 0 0 0 0 0 0 0 0 0 0 0 0]
 [0 0 0 0 0 1 0 1 0 0 1 0 0 0 0 0 0 0 1 0 0 1 0 0 0 0 0 0 0 0 1 1 0 0 0 0
  0 0 0 1 0 0 0 0 0 0 0 0 0 0 0 0 1 0 0 1 0 0 1 0 0]
 [0 0 1 0 0 0 0 0 0 0 0 1 1 0 0 1 0 0 0 0 1 0 0 0 0 0 0 0 1 0 0 0 0 0 0 1
  0 0 0 0 0 0 0 0 0 0 0 0 0 0 0 0 0 1 0 0 0 1 0 0 1]
 [0 0 0 0 0 0 0 0 0 0 0 0 0 0 0 0 0 0 0 0 0 0 0 0 0 0 0 0 0 0 0 0 0 0 0 0
  0 0 0 0 0 0 0 0 0 0 0 0 0 0 0 1 0 0 0 0 0 0 0 0 0]]
end
