mac
5
end
job
60
end
fam
8
end
proc_times
[[  0  40  65  80  17  35  18  81   1   8  51  89  86  61  20  38  60   1
   27  34  51  63  61  65  80  54  97 100  16  13  65  35  75  10  17  40
   31   8  49   8  13  13  18  63  13  63  84  38  37  61  74  39  16  43
   79  22  14  53  24  43  75]
 [  0  57  84  43  20  87  92  36  25  80  60  23  33  47  14  15  40  57
   63  84  64  56  41  68  35  19  88  99  45  50  92  71  38  70  84  94
   91  59  29  92  50  25  27  85  20  60   6  39  83  93  37  96  36  26
    7  22  40  20  62  78  30]
 [  0  15   5  24  51  41  12   5  61  21  65  99   4  32  88  70  64  87
   87  22  73  54  63  78  32  97  99  16  66  59  22  84  71  30  71  40
   22  83  84  62 100  44  35  18  87  13  96  15  86  10  50  86  95  57
   60  44  36  17  50 100  20]
 [  0  12  19  81  10  12  85  41  53  47  28   7  93  68  72  62  98  96
   46  97  14   3  39  96  84  81  74  49  43  64 100  82  91  88  14  29
   18  53  74  89  17  44  92  60  66  53   5   5   1   9  81  35  17  52
   99   9   7  97   7   2  77]
 [  0  29  85  28  57  62  34  75  94  63  84  30  11  38  53   5  67  84
    3  76  17  39  14  82  48  11  13  44  69  54  94  77  45  64  62  86
   35  41  30  57  32  72   4  86  57  97  92  30   9  14  21   3  83  81
   17  74  76  32  42  17  19]]
end
weight
[[ 0 64 53 21 86 79 72 40 52  6 17 66 79 75  4 30 70 57 80 55 77 28 19 12
  14 42 65 13 86 55 13 43 82 85 82 20 34 39 31 77 50 80 91 74 51 34 32 73
  50 59 28 24 56 37 36 69 46  6 66 22  1]]
end
setup_times
[[[ 0 44 30 54 32 41 40 57 39]
  [ 0  0 47 44 32 35 58 32 33]
  [ 0 43  0 56 33 38 35 43 56]
  [ 0 50 50  0 48 46 33 43 30]
  [ 0 39 39 39  0 57 39 38 39]
  [ 0 37 59 54 33  0 45 41 46]
  [ 0 30 58 56 46 36  0 32 34]
  [ 0 55 58 58 50 54 48  0 48]
  [ 0 44 40 50 38 57 51 46  0]]

 [[ 0 55 30 41 32 37 52 31 57]
  [ 0  0 35 52 47 54 59 33 30]
  [ 0 44  0 44 38 40 34 50 53]
  [ 0 33 37  0 33 42 33 44 42]
  [ 0 56 49 40  0 38 52 33 53]
  [ 0 37 36 36 47  0 34 55 39]
  [ 0 58 36 30 33 32  0 55 48]
  [ 0 31 38 35 41 44 37  0 48]
  [ 0 41 31 31 41 52 44 41  0]]

 [[ 0 34 47 40 33 32 37 52 33]
  [ 0  0 55 39 44 32 35 34 56]
  [ 0 58  0 39 38 49 33 38 37]
  [ 0 39 53  0 35 46 53 48 34]
  [ 0 31 30 51  0 59 59 57 34]
  [ 0 55 53 40 48  0 35 51 58]
  [ 0 59 44 41 51 32  0 58 55]
  [ 0 59 47 35 47 50 45  0 45]
  [ 0 56 40 38 56 49 53 32  0]]

 [[ 0 39 34 53 51 35 44 44 31]
  [ 0  0 44 56 37 57 44 38 56]
  [ 0 37  0 35 45 45 45 46 43]
  [ 0 42 55  0 44 31 32 39 32]
  [ 0 47 45 45  0 50 46 59 45]
  [ 0 52 36 36 47  0 43 31 59]
  [ 0 47 51 34 47 55  0 44 54]
  [ 0 57 40 43 52 36 45  0 36]
  [ 0 57 30 38 50 51 34 33  0]]

 [[ 0 58 39 41 45 47 54 59 45]
  [ 0  0 54 59 34 42 38 37 46]
  [ 0 57  0 59 43 48 31 30 59]
  [ 0 42 50  0 57 38 54 33 30]
  [ 0 57 44 32  0 41 54 39 57]
  [ 0 55 33 58 33  0 47 47 32]
  [ 0 48 50 54 30 31  0 37 37]
  [ 0 55 36 59 50 52 54  0 35]
  [ 0 35 47 38 30 39 42 40  0]]]
end
fixed_cost
[[2403 2421 2445 2436 2413]]
end
unit_cost
[[39 53 42 51 56]]
end
job2fam
[[1 0 0 0 0 0 0 0 0 0 0 0 0 0 0 0 0 0 0 0 0 0 0 0 0 0 0 0 0 0 0 0 0 0 0 0
  0 0 0 0 0 0 0 0 0 0 0 0 0 0 0 0 0 0 0 0 0 0 0 0 0]
 [0 0 0 0 0 0 0 0 0 0 0 0 0 0 0 0 0 0 0 0 0 0 0 0 0 0 0 1 0 1 0 0 0 0 0 0
  1 0 0 0 0 1 1 0 0 1 0 0 0 0 0 0 0 0 0 0 0 0 0 1 0]
 [0 1 0 0 0 0 0 0 0 0 0 0 0 1 0 0 0 0 0 0 0 0 0 1 1 0 0 0 0 0 0 0 1 0 0 0
  0 0 0 0 0 0 0 0 0 0 1 0 0 1 1 0 0 0 0 0 1 0 0 0 0]
 [0 0 0 0 0 0 0 0 0 0 0 0 0 0 0 0 1 0 0 1 0 0 0 0 0 0 0 0 0 0 0 0 0 0 1 0
  0 0 0 0 0 0 0 1 0 0 0 0 1 0 0 0 0 0 1 0 0 0 0 0 0]
 [0 0 0 1 0 0 0 0 0 1 0 0 0 0 1 0 0 1 0 0 0 0 0 0 0 1 0 0 0 0 0 0 0 1 0 0
  0 1 1 0 0 0 0 0 0 0 0 1 0 0 0 0 0 0 0 0 0 0 0 0 0]
 [0 0 0 0 1 0 1 0 1 0 0 0 0 0 0 0 0 0 0 0 0 0 1 0 0 0 1 0 0 0 0 0 0 0 0 0
  0 0 0 0 1 0 0 0 1 0 0 0 0 0 0 0 0 0 0 0 0 0 0 0 0]
 [0 0 0 0 0 1 0 1 0 0 1 0 0 0 0 0 0 0 1 0 0 1 0 0 0 0 0 0 0 0 1 1 0 0 0 0
  0 0 0 1 0 0 0 0 0 0 0 0 0 0 0 0 1 0 0 1 0 0 1 0 0]
 [0 0 1 0 0 0 0 0 0 0 0 1 1 0 0 1 0 0 0 0 1 0 0 0 0 0 0 0 1 0 0 0 0 0 0 1
  0 0 0 0 0 0 0 0 0 0 0 0 0 0 0 0 0 1 0 0 0 1 0 0 1]
 [0 0 0 0 0 0 0 0 0 0 0 0 0 0 0 0 0 0 0 0 0 0 0 0 0 0 0 0 0 0 0 0 0 0 0 0
  0 0 0 0 0 0 0 0 0 0 0 0 0 0 0 1 0 0 0 0 0 0 0 0 0]]
end
