mac
5
end
job
60
end
fam
12
end
proc_times
[[  0  63  15  39   6  51  33  82  44 100  32  39  69  34   7  61   6  30
   23  85  61  42  37  63  30  45  17  64  94  93  85  90  17  35  66  94
   38  54  22  94  17  81  69  38  74  30  47  42  29  37  46  71  27   2
   35  34  87  97  12  77  70]
 [  0  55  79  24  66  47  97  71  61   5  99  61   7  43  24  98   9  61
   50  30  87  11  77  97  50   5  52  38  53   8  99  62  97  36  86  93
   22  45  25  22   9  27   5  33  85  82  91  35  76  78  58  57  23  45
   52  99  46  36  15  24  49]
 [  0  88   7  75   5  37  63  97  19   9  44  26  61   6   9  19  29  31
   39  58  52  28  31  56  26  73  73 100  53  67  19  59  13  92  92  97
   94  92  28   8 100  94   8  25  68  26  85  69  74  32  85  19  74  21
    5  29  10   9  45  49   5]
 [  0  76  42   1  89  34   3  70  35  91   7  51  79  28  46  38  39  76
    3  34  33  75  19  33  42  75  55  35  97  31  99  35  55  10  21  79
   62   2  57  52  66  18  18   9  16  63  80  21  35  50  89   1  66   1
   31  62  78  60  93  62  18]
 [  0   3  86  79   7  54   2  48  87  69  26  37  99  69  95  53  39  60
   81  90  66   7  55  36  19   2  90  83  28  18   5  52  59  28  98   6
   31  28  76  28  28  81  17  15  36  31  41  41  71   2  46  20  37  30
  100  66  39  85  94  19  92]]
end
weight
[[ 0  9 52 40 31 68 35 81  1 14 78 22 68 40  7 20 63  3 97 47 87 45 44 50
  87 97 80 83 66 74 47 37  9 11 43 62 24 27 88 17 85 55 76 73 61 78  6 18
  54  1 83 37 20 98 98 75 45 43  5 38 20]]
end
setup_times
[[[ 0 59 42 47 35 54 32 36 58 45 34 42 45]
  [ 0  0 55 53 56 50 46 46 57 34 57 37 35]
  [ 0 34  0 48 34 38 39 51 44 46 43 57 43]
  [ 0 59 40  0 41 59 47 59 51 55 30 38 47]
  [ 0 54 41 52  0 47 38 45 46 39 40 41 36]
  [ 0 31 40 58 40  0 44 53 36 41 50 55 51]
  [ 0 45 51 32 32 32  0 51 40 57 39 38 35]
  [ 0 34 39 31 58 38 48  0 35 37 35 36 44]
  [ 0 58 32 53 42 33 32 31  0 51 48 52 51]
  [ 0 38 40 38 50 56 36 40 42  0 43 48 39]
  [ 0 37 31 51 31 30 59 56 50 54  0 42 35]
  [ 0 41 37 45 51 40 42 51 37 37 33  0 37]
  [ 0 52 48 58 56 35 53 39 49 34 35 46  0]]

 [[ 0 56 38 47 45 30 58 35 42 38 39 50 38]
  [ 0  0 37 37 33 31 31 35 30 44 58 57 49]
  [ 0 59  0 59 40 58 48 44 59 31 46 41 32]
  [ 0 31 35  0 44 35 43 48 40 48 50 33 58]
  [ 0 35 44 40  0 56 52 57 52 32 46 41 33]
  [ 0 33 49 30 45  0 30 41 38 51 59 37 52]
  [ 0 37 47 50 51 48  0 53 38 33 41 39 38]
  [ 0 33 37 59 47 48 40  0 33 58 59 33 31]
  [ 0 43 53 30 34 55 53 59  0 54 42 53 40]
  [ 0 50 49 43 55 58 37 58 57  0 42 59 59]
  [ 0 44 59 52 34 57 32 34 31 36  0 54 44]
  [ 0 56 59 32 48 48 47 31 57 33 41  0 59]
  [ 0 55 37 44 40 42 49 46 59 42 31 51  0]]

 [[ 0 30 55 36 35 45 42 53 30 40 48 36 46]
  [ 0  0 38 36 33 50 33 36 48 33 51 37 42]
  [ 0 34  0 33 31 45 55 56 34 55 34 49 55]
  [ 0 46 58  0 59 43 44 55 32 50 51 57 32]
  [ 0 32 46 48  0 43 57 53 36 44 36 37 31]
  [ 0 57 48 54 57  0 49 40 33 55 37 43 56]
  [ 0 49 33 42 57 40  0 55 49 55 38 32 54]
  [ 0 46 31 41 44 56 42  0 44 33 39 50 45]
  [ 0 31 44 51 48 31 30 52  0 59 54 48 37]
  [ 0 39 37 46 48 49 32 51 43  0 37 42 53]
  [ 0 56 55 54 44 56 51 38 37 31  0 47 36]
  [ 0 59 35 56 32 57 30 36 57 31 57  0 54]
  [ 0 30 45 48 33 51 37 56 39 58 30 39  0]]

 [[ 0 31 36 49 51 42 36 44 55 56 58 54 52]
  [ 0  0 42 33 39 50 51 41 59 54 39 48 32]
  [ 0 58  0 49 31 32 51 35 34 49 54 58 33]
  [ 0 31 51  0 44 45 39 31 32 37 56 51 40]
  [ 0 33 34 38  0 42 53 34 53 33 58 30 31]
  [ 0 59 34 33 55  0 57 34 30 40 36 53 55]
  [ 0 48 56 42 36 42  0 45 51 36 48 52 30]
  [ 0 47 48 41 37 40 42  0 42 33 53 41 43]
  [ 0 51 59 33 40 34 39 41  0 32 38 43 47]
  [ 0 41 31 53 48 43 33 55 54  0 44 30 58]
  [ 0 51 44 50 46 36 36 36 37 39  0 51 39]
  [ 0 32 44 38 47 40 49 55 47 56 33  0 57]
  [ 0 59 35 45 42 35 50 54 57 35 37 54  0]]

 [[ 0 58 55 39 51 41 44 46 54 49 32 38 41]
  [ 0  0 30 54 30 32 31 45 39 47 58 31 50]
  [ 0 34  0 53 35 36 49 57 52 31 44 53 55]
  [ 0 55 35  0 43 44 38 53 40 44 30 51 55]
  [ 0 35 37 51  0 34 30 31 45 42 48 40 45]
  [ 0 42 39 54 33  0 55 45 34 57 54 43 59]
  [ 0 57 53 39 48 40  0 58 44 32 54 37 38]
  [ 0 33 59 39 41 36 46  0 51 31 30 54 44]
  [ 0 55 51 34 54 50 48 47  0 44 49 59 46]
  [ 0 37 38 52 52 44 42 40 38  0 58 59 59]
  [ 0 47 35 32 37 45 57 38 49 33  0 47 54]
  [ 0 44 47 47 49 35 52 35 32 43 58  0 42]
  [ 0 48 52 39 41 50 42 47 57 55 48 35  0]]]
end
fixed_cost
[[2195 2184 2255 2185 2215]]
end
unit_cost
[[48 42 54 43 41]]
end
job2fam
[[1 0 0 0 0 0 0 0 0 0 0 0 0 0 0 0 0 0 0 0 0 0 0 0 0 0 0 0 0 0 0 0 0 0 0 0
  0 0 0 0 0 0 0 0 0 0 0 0 0 0 0 0 0 0 0 0 0 0 0 0 0]
 [0 1 0 0 0 0 0 0 0 0 0 0 0 0 0 0 0 0 0 0 1 0 0 0 0 0 0 0 0 1 1 0 0 1 0 0
  0 0 0 0 0 0 0 0 0 0 0 0 0 0 0 0 0 0 0 0 0 0 0 0 0]
 [0 0 0 0 0 0 0 0 0 0 0 0 0 0 0 0 0 0 0 0 0 0 0 1 0 0 0 0 0 0 0 0 0 0 0 0
  0 0 0 0 0 0 0 0 1 0 0 0 0 1 0 0 0 0 0 0 1 1 0 0 0]
 [0 0 0 0 0 0 0 0 0 0 1 0 0 1 0 0 0 0 0 1 0 0 0 0 0 0 0 0 0 0 0 0 0 0 0 0
  0 0 0 0 0 0 0 0 0 0 0 0 1 0 0 0 0 0 0 1 0 0 0 0 0]
 [0 0 0 1 0 1 0 1 0 0 0 0 0 0 0 0 0 0 0 0 0 0 0 0 0 1 0 0 0 0 0 0 0 0 0 0
  0 0 0 0 0 1 0 0 0 0 1 0 0 0 0 0 0 0 0 0 0 0 0 0 0]
 [0 0 0 0 0 0 0 0 1 0 0 0 0 0 1 0 1 0 0 0 0 0 0 0 0 0 0 0 0 0 0 0 0 0 0 0
  0 1 0 0 0 0 0 0 0 0 0 0 0 0 0 0 0 0 0 0 0 0 0 0 0]
 [0 0 0 0 0 0 0 0 0 1 0 0 0 0 0 0 0 0 1 0 0 0 0 0 0 0 0 0 0 0 0 1 0 0 1 1
  0 0 0 0 0 0 0 0 0 0 0 0 0 0 1 0 0 0 0 0 0 0 0 0 0]
 [0 0 0 0 0 0 0 0 0 0 0 0 0 0 0 1 0 1 0 0 0 1 0 0 0 0 1 0 1 0 0 0 1 0 0 0
  0 0 0 0 0 0 0 0 0 0 0 0 0 0 0 0 0 0 0 0 0 0 0 0 0]
 [0 0 0 0 0 0 0 0 0 0 0 0 0 0 0 0 0 0 0 0 0 0 1 0 1 0 0 0 0 0 0 0 0 0 0 0
  0 0 0 0 0 0 0 0 0 0 0 1 0 0 0 1 0 1 0 0 0 0 0 0 0]
 [0 0 0 0 0 0 0 0 0 0 0 0 1 0 0 0 0 0 0 0 0 0 0 0 0 0 0 1 0 0 0 0 0 0 0 0
  0 0 1 1 0 0 1 0 0 0 0 0 0 0 0 0 0 0 0 0 0 0 0 0 1]
 [0 0 1 0 1 0 0 0 0 0 0 1 0 0 0 0 0 0 0 0 0 0 0 0 0 0 0 0 0 0 0 0 0 0 0 0
  1 0 0 0 1 0 0 1 0 0 0 0 0 0 0 0 1 0 1 0 0 0 0 1 0]
 [0 0 0 0 0 0 0 0 0 0 0 0 0 0 0 0 0 0 0 0 0 0 0 0 0 0 0 0 0 0 0 0 0 0 0 0
  0 0 0 0 0 0 0 0 0 1 0 0 0 0 0 0 0 0 0 0 0 0 1 0 0]
 [0 0 0 0 0 0 1 0 0 0 0 0 0 0 0 0 0 0 0 0 0 0 0 0 0 0 0 0 0 0 0 0 0 0 0 0
  0 0 0 0 0 0 0 0 0 0 0 0 0 0 0 0 0 0 0 0 0 0 0 0 0]]
end
