mac
5
end
job
70
end
fam
5
end
proc_times
[[  0  42  19  61  19   4  34  30  13  16  33  27  28  93  16  23  74  40
   12  79  90  19  65  86  22   9  62  56  43  21  70 100  43  32  74  41
    3  46  94  73  71  13  92  86  63  23  10  85  28   5  80   6  89  78
   92  66  32  82   7  35  43  82  80  78  80  87  81  69  47  44   1]
 [  0  94  41  34  73  52  96  87  77  55  99  10  72  77  99  99  59  37
   23  74  74  42   7  98  30  53  29  31  52  65  87  54  94  73  43  80
   69  80  55   8  17  12  11  38   6  82  14  39  19   1   3  64  33   2
    9  28  53  72  99  89  67  92  18  53  74  96  36  68  84  72  69]
 [  0  94  20  29   6  36  34  71   8   6  61  46  29  21  69  78  41  27
    6  60  45  77  50  13  90   7  51   9  63  70  67   1  10  68  18  56
   20  58  78  17  13   6  90  53  78  67  10  76  13   1  66  97  92  74
   32  49  67  14  74  24  36  16  21  40  22   6  28  58  52  53  93]
 [  0   6   2  81  83  37   8  74  24  39  60  84   8  53  15  89  54  90
  100  50  28  93  11  59  52  86  28  34  50  14  19  17  31 100  87  43
   70  69  65  64  53  83  65  20  34   5  96  47  72  78  33  99  56  99
   87  29  47   5  24  45  34  20  31  20  93  15   4  55  68  64  41]
 [  0  48  12  45  76  24  96  87  32  31  85  20  86  19  62   3  98  98
   33  16  54   1   8  32  28  16  63  66  12   9  80  22  15  11  30  93
   23  81  60  72  77  22  53  33  27   8  10  47  64  46   9  36  38  10
   87  52  26  41  76  70  44  18  51  29  25  84  85  74  61  69  85]]
end
weight
[[ 0 39 19  8 69 69  1 62 62 89 41  9 45 34 86 76 72 76 83 84 42 56 64 67
  50 71  2 10 63 10 21 79  5 80 48  5 68  2 20 25 81 98 26 42 83 35 34 96
   9 49 17 29  9 89  7 33 70  5 82 54 24  4 40 89 41 47 44 86 99 85  4]]
end
setup_times
[[[ 0 35 59 47 36 49]
  [ 0  0 38 30 57 31]
  [ 0 47  0 38 38 40]
  [ 0 51 33  0 54 32]
  [ 0 35 31 37  0 34]
  [ 0 38 59 33 40  0]]

 [[ 0 36 35 50 49 39]
  [ 0  0 30 36 52 42]
  [ 0 50  0 37 32 45]
  [ 0 30 40  0 36 41]
  [ 0 48 34 57  0 34]
  [ 0 50 34 43 36  0]]

 [[ 0 39 47 37 34 42]
  [ 0  0 48 40 43 53]
  [ 0 58  0 52 51 52]
  [ 0 40 59  0 58 50]
  [ 0 51 54 51  0 41]
  [ 0 30 31 41 41  0]]

 [[ 0 48 43 34 32 31]
  [ 0  0 41 55 42 52]
  [ 0 59  0 49 50 35]
  [ 0 40 41  0 45 56]
  [ 0 53 54 43  0 32]
  [ 0 51 54 52 46  0]]

 [[ 0 36 36 55 52 37]
  [ 0  0 55 46 44 48]
  [ 0 47  0 53 33 45]
  [ 0 59 52  0 37 38]
  [ 0 52 50 43  0 56]
  [ 0 45 57 50 36  0]]]
end
fixed_cost
[[2162 2149 2176 2133 2100]]
end
unit_cost
[[39 53 43 44 41]]
end
job2fam
[[1 0 0 0 0 0 0 0 0 0 0 0 0 0 0 0 0 0 0 0 0 0 0 0 0 0 0 0 0 0 0 0 0 0 0 0
  0 0 0 0 0 0 0 0 0 0 0 0 0 0 0 0 0 0 0 0 0 0 0 0 0 0 0 0 0 0 0 0 0 0 0]
 [0 1 1 0 0 0 1 0 0 0 0 0 1 1 0 0 0 0 1 0 1 1 0 1 0 0 1 0 1 0 1 0 0 0 0 1
  0 0 0 0 0 0 0 1 0 0 1 0 0 0 0 0 0 0 0 0 0 0 0 0 0 0 0 0 1 0 0 0 0 0 0]
 [0 0 0 1 0 0 0 0 0 0 0 1 0 0 1 0 0 0 0 0 0 0 1 0 0 1 0 0 0 0 0 1 0 0 0 0
  1 0 0 0 0 0 0 0 1 1 0 0 0 0 0 0 0 1 0 0 0 0 0 0 0 0 0 1 0 0 0 1 1 0 0]
 [0 0 0 0 0 0 0 0 1 1 0 0 0 0 0 1 1 0 0 0 0 0 0 0 0 0 0 0 0 0 0 0 0 1 0 0
  0 0 1 0 1 1 0 0 0 0 0 0 1 0 0 1 0 0 1 0 0 0 0 1 0 0 1 0 0 0 1 0 0 1 0]
 [0 0 0 0 1 0 0 1 0 0 1 0 0 0 0 0 0 1 0 0 0 0 0 0 0 0 0 0 0 1 0 0 0 0 1 0
  0 1 0 1 0 0 1 0 0 0 0 1 0 0 0 0 1 0 0 1 1 1 1 0 1 1 0 0 0 0 0 0 0 0 1]
 [0 0 0 0 0 1 0 0 0 0 0 0 0 0 0 0 0 0 0 1 0 0 0 0 1 0 0 1 0 0 0 0 1 0 0 0
  0 0 0 0 0 0 0 0 0 0 0 0 0 1 1 0 0 0 0 0 0 0 0 0 0 0 0 0 0 1 0 0 0 0 0]]
end
