mac
5
end
job
70
end
fam
8
end
proc_times
[[  0  55  87  79  12  69  86  28  68  81   4  60  29  32  10  94  72  68
   50  68  11  86  37  58  93 100  71  91   8  25  38  71  18  95  13  99
   77  53  27   8  70  70  81  33  32  74  70  49  49  14  60  95  77  54
   44  67  64  58  14  44  89 100  58  22  41   9  92  79  50  88  21]
 [  0  86  10  56  99  55  49   7  63  13  44  53  82  77  91  32 100   6
   63  34  22  87  36 100  48  98  97  44  75  72  92  17  11  38  65  39
   97   5  14  64  66  61  29  84  80  71  88  88  73  64  54  56  16  17
   21   7   7  43  57  94  13  89  90  16  10  69  37  75  55  73  22]
 [  0  72  49  90  99  26  51  31  60  65  36  59  26  73  43  90  46  73
   84  63  63  97  22  24  18  73  80   9  98  61   5  27  44  43   7  77
    6  60  97  73  47  81  41  92  57  65  33  70  28   9   7  65  16  42
   98   9  97  13  79  41  65  45  86  17  15  81  35  97  98  82  98]
 [  0  22  35  74  35  28  20  16  18  41  37  62  29  49  11  32  23  29
    1  91  73  92  64   4  52  31  39  89  44  98  55  74  55  95  50   3
   23  68 100  58  91  30 100  64  11  69  94  19  11  28  33  23  19   1
   79  33  75  65  56  93   6   3  19  81  91   7  18  97   5  33  89]
 [  0   9  24  64  45  48  23  94  85  97  67   5  71  84  13  78  90  59
   60  82  15   5  10  94  88  64  97  17  21  51  48  41  84  77  58  18
   32  73  24  21  93  55  67  74  12  68  96  11  57  64   4  32  14  99
   13  30  57  88  75  64  83  22  63  53  55  12  30  13   3  48  69]]
end
weight
[[ 0 28 21 61 24 92 26  3 17  2 72 54 12 51 75 18 80 32 65 71  4 40 13 16
  43 34 41 49 98 85 66  2 24 82 71 17 46 29 47 85 43 38 70 87 64  2 60 67
  10 93 95 89 87 49 66 55 52 45 34  5  7 71  5 46 90 94 39 88 84 70 44]]
end
setup_times
[[[ 0 50 54 52 52 34 40 46 51]
  [ 0  0 59 38 52 38 36 59 44]
  [ 0 48  0 30 51 30 54 52 43]
  [ 0 48 32  0 38 55 53 51 40]
  [ 0 44 33 35  0 32 39 37 46]
  [ 0 33 50 57 56  0 47 42 38]
  [ 0 51 38 35 50 40  0 59 34]
  [ 0 31 38 47 30 42 54  0 39]
  [ 0 56 52 31 40 57 55 53  0]]

 [[ 0 54 40 58 30 31 35 45 50]
  [ 0  0 32 49 31 46 33 50 56]
  [ 0 34  0 43 55 52 30 49 46]
  [ 0 58 50  0 54 58 34 43 43]
  [ 0 36 40 51  0 59 31 55 41]
  [ 0 38 38 45 37  0 42 40 35]
  [ 0 51 40 51 31 40  0 54 48]
  [ 0 46 57 41 40 34 41  0 50]
  [ 0 38 48 47 36 54 32 47  0]]

 [[ 0 50 53 56 41 47 38 43 53]
  [ 0  0 54 42 34 30 41 55 37]
  [ 0 47  0 46 35 58 42 55 59]
  [ 0 40 41  0 46 45 44 32 58]
  [ 0 42 33 40  0 45 57 51 42]
  [ 0 53 33 53 33  0 51 31 30]
  [ 0 34 31 49 58 35  0 32 41]
  [ 0 45 36 46 33 59 40  0 45]
  [ 0 38 42 37 42 59 44 58  0]]

 [[ 0 41 59 58 32 51 35 40 47]
  [ 0  0 51 57 48 39 35 35 48]
  [ 0 39  0 45 57 32 50 49 33]
  [ 0 50 56  0 46 52 41 52 56]
  [ 0 39 54 51  0 44 48 41 36]
  [ 0 33 50 38 39  0 37 30 38]
  [ 0 42 57 33 40 55  0 41 53]
  [ 0 53 46 58 37 36 38  0 52]
  [ 0 47 46 46 35 32 39 34  0]]

 [[ 0 48 45 58 57 34 58 50 48]
  [ 0  0 34 56 31 42 56 31 49]
  [ 0 59  0 32 48 36 58 30 41]
  [ 0 39 57  0 45 56 52 49 47]
  [ 0 45 56 43  0 45 33 43 35]
  [ 0 50 34 56 39  0 35 32 36]
  [ 0 40 34 49 59 43  0 30 44]
  [ 0 51 42 35 43 42 44  0 55]
  [ 0 36 47 30 52 42 53 40  0]]]
end
fixed_cost
[[2667 2696 2734 2689 2741]]
end
unit_cost
[[46 51 56 48 57]]
end
job2fam
[[1 0 0 0 0 0 0 0 0 0 0 0 0 0 0 0 0 0 0 0 0 0 0 0 0 0 0 0 0 0 0 0 0 0 0 0
  0 0 0 0 0 0 0 0 0 0 0 0 0 0 0 0 0 0 0 0 0 0 0 0 0 0 0 0 0 0 0 0 0 0 0]
 [0 0 0 0 0 0 1 0 0 0 0 0 0 1 0 0 0 0 0 0 0 0 1 1 0 0 0 0 0 0 0 0 0 0 1 0
  0 0 0 0 0 0 0 0 0 0 0 0 0 0 0 1 0 1 0 0 0 0 0 0 1 0 0 0 1 0 0 0 0 0 0]
 [0 0 0 0 0 0 0 0 0 0 0 0 0 0 0 1 0 0 0 0 0 1 0 0 0 1 1 0 0 1 0 0 0 0 0 0
  1 0 0 0 0 0 0 0 0 0 0 0 1 0 1 0 0 0 0 0 0 0 0 0 0 0 0 0 0 0 0 0 1 0 0]
 [0 0 0 0 0 0 0 0 0 0 0 1 0 0 1 0 0 0 0 0 0 0 0 0 0 0 0 0 0 0 1 0 0 1 0 0
  0 0 0 0 0 0 1 0 0 0 0 0 0 1 0 0 0 0 0 0 0 1 0 0 0 0 0 0 0 0 0 1 0 0 0]
 [0 0 1 0 0 0 0 0 0 1 0 0 0 0 0 0 0 0 0 0 0 0 0 0 0 0 0 0 0 0 0 0 1 0 0 0
  0 0 0 0 0 0 0 1 1 0 0 0 0 0 0 0 0 0 1 1 0 0 1 1 0 0 0 0 0 0 1 0 0 0 0]
 [0 1 0 0 0 1 0 0 1 0 1 0 0 0 0 0 0 0 0 0 1 0 0 0 0 0 0 0 0 0 0 0 0 0 0 0
  0 0 1 0 0 0 0 0 0 0 0 0 0 0 0 0 0 0 0 0 0 0 0 0 0 0 0 0 0 0 0 0 0 0 1]
 [0 0 0 1 1 0 0 1 0 0 0 0 1 0 0 0 1 1 0 0 0 0 0 0 1 0 0 0 1 0 0 1 0 0 0 0
  0 0 0 1 0 0 0 0 0 1 0 0 0 0 0 0 0 0 0 0 0 0 0 0 0 0 0 1 0 0 0 0 0 1 0]
 [0 0 0 0 0 0 0 0 0 0 0 0 0 0 0 0 0 0 1 0 0 0 0 0 0 0 0 0 0 0 0 0 0 0 0 1
  0 1 0 0 1 1 0 0 0 0 1 1 0 0 0 0 0 0 0 0 0 0 0 0 0 1 1 0 0 1 0 0 0 0 0]
 [0 0 0 0 0 0 0 0 0 0 0 0 0 0 0 0 0 0 0 1 0 0 0 0 0 0 0 1 0 0 0 0 0 0 0 0
  0 0 0 0 0 0 0 0 0 0 0 0 0 0 0 0 1 0 0 0 1 0 0 0 0 0 0 0 0 0 0 0 0 0 0]]
end
