mac
5
end
job
70
end
fam
8
end
proc_times
[[  0  29  26  27  49  10  20  70  20  77  99  63  59  69  30  19  55  36
   63  37  29  19  10  77  11  32  91  27  94  89   9   4  78  12  16  35
   86  55  27  84  13  38  54   8  19  89  15  97  15  49  72 100 100   1
   40 100  18  67  17  58  99   8  81  80  10  30  82  64  55  48  46]
 [  0  83  86   3  23  67  22  37  65  90  65  77  52  44  79  36  18  31
   43  65  78  65  90  44  68  95  22  80  32  31  20  94  98  54  68  34
   71   7  11  86  37   9  51   9  12  96  54  84  83  68   9  79   6  60
   72  47  12  95  14  92  36  40  38  94  93  18   3  27  53  89  87]
 [  0  42  94  44  83   9  69  90   5  72  59  44  89  68  76  76  15   4
   44  47  75  71  70  37  55  58  78  40  98  35  94  70  48  23  37  64
   76  86  42  99  67  95  31  92   3  96  13   1  21  58  14  93  36  30
    1  45  14  83  71  62  81  65  36  64  37  44   2  88  61  50  57]
 [  0  93  81  71  24  63  31  11  71  46  81   7  96  57  73  72 100  96
   31  62  76  60   9  97  47  60  88  19  60   7  52  30  11  20   6  28
   50  31  12  57  72  40  38  59  40  75  35  10  57  67  62  31  81  52
   48   6  19  89  51  80  28  88  32  66  22  50  33  29  10   1  18]
 [  0  77   8  92  84  28  73  49  91  39  84  99  55  78  50  67  38  92
   99  90  26   2  42  77   6  98   9  69  59  17  92  68  43  63  81  92
   67  16  23  76  97  66  82  20  99  94  69  24  68  41  10  18  96  83
   84   2  56  43  30  29  79  59  84  59  43  38  96  68  25  53  66]]
end
weight
[[ 0 98 96 86 69  7  9  5 56 15 73  1 53 63 14 55 96  5 16 32 66 81  8 67
  62 22 77 15 26 44  2 11 88 23 87 61 19 98 66 69 23 10 52 20 87 62 71 50
  25  6 68 81 80 59  5  4 53 49 55 46 96 29 47 93 43 94 78 33 54 48 73]]
end
setup_times
[[[ 0 37 41 40 52 35 44 58 42]
  [ 0  0 49 52 52 51 34 46 30]
  [ 0 44  0 42 55 56 57 43 41]
  [ 0 41 49  0 40 30 54 58 45]
  [ 0 33 38 58  0 45 52 35 55]
  [ 0 40 55 35 51  0 50 59 43]
  [ 0 57 53 55 40 54  0 49 46]
  [ 0 56 59 32 57 39 35  0 38]
  [ 0 35 43 44 44 37 57 51  0]]

 [[ 0 55 37 50 57 52 46 41 46]
  [ 0  0 47 44 31 55 57 37 58]
  [ 0 58  0 34 31 56 39 51 39]
  [ 0 58 39  0 48 50 39 45 30]
  [ 0 38 39 53  0 33 46 57 40]
  [ 0 43 51 38 51  0 55 58 42]
  [ 0 51 45 31 52 40  0 48 49]
  [ 0 35 32 53 33 47 40  0 34]
  [ 0 33 42 44 35 57 54 50  0]]

 [[ 0 56 52 32 39 43 40 48 45]
  [ 0  0 33 53 51 47 51 59 45]
  [ 0 58  0 41 49 54 38 46 45]
  [ 0 33 36  0 59 37 50 33 55]
  [ 0 50 56 32  0 30 55 42 41]
  [ 0 39 48 43 36  0 55 48 55]
  [ 0 54 58 59 54 53  0 56 46]
  [ 0 36 45 46 32 59 57  0 46]
  [ 0 54 37 57 30 33 40 49  0]]

 [[ 0 51 56 47 54 41 55 32 48]
  [ 0  0 59 51 38 31 54 58 32]
  [ 0 51  0 55 41 44 31 34 43]
  [ 0 53 45  0 35 34 35 55 47]
  [ 0 47 35 35  0 51 41 47 45]
  [ 0 42 50 38 53  0 41 58 35]
  [ 0 52 52 44 30 43  0 32 37]
  [ 0 50 55 57 44 38 50  0 52]
  [ 0 35 44 41 43 38 54 59  0]]

 [[ 0 43 38 36 58 54 35 41 51]
  [ 0  0 58 59 45 39 35 45 48]
  [ 0 30  0 36 32 45 39 59 49]
  [ 0 50 30  0 33 54 45 46 56]
  [ 0 52 35 49  0 46 47 46 57]
  [ 0 51 30 42 42  0 43 40 56]
  [ 0 37 42 58 36 54  0 47 59]
  [ 0 53 31 38 57 30 30  0 58]
  [ 0 55 57 31 59 52 57 31  0]]]
end
fixed_cost
[[2619 2616 2607 2556 2589]]
end
unit_cost
[[40 58 45 54 49]]
end
job2fam
[[1 0 0 0 0 0 0 0 0 0 0 0 0 0 0 0 0 0 0 0 0 0 0 0 0 0 0 0 0 0 0 0 0 0 0 0
  0 0 0 0 0 0 0 0 0 0 0 0 0 0 0 0 0 0 0 0 0 0 0 0 0 0 0 0 0 0 0 0 0 0 0]
 [0 0 0 0 0 0 1 0 0 0 0 0 0 1 0 0 0 0 0 0 0 0 1 1 0 0 0 0 0 0 0 0 0 0 1 0
  0 0 0 0 0 0 0 0 0 0 0 0 0 0 0 1 0 1 0 0 0 0 0 0 1 0 0 0 1 0 0 0 0 0 0]
 [0 0 0 0 0 0 0 0 0 0 0 0 0 0 0 1 0 0 0 0 0 1 0 0 0 1 1 0 0 1 0 0 0 0 0 0
  1 0 0 0 0 0 0 0 0 0 0 0 1 0 1 0 0 0 0 0 0 0 0 0 0 0 0 0 0 0 0 0 1 0 0]
 [0 0 0 0 0 0 0 0 0 0 0 1 0 0 1 0 0 0 0 0 0 0 0 0 0 0 0 0 0 0 1 0 0 1 0 0
  0 0 0 0 0 0 1 0 0 0 0 0 0 1 0 0 0 0 0 0 0 1 0 0 0 0 0 0 0 0 0 1 0 0 0]
 [0 0 1 0 0 0 0 0 0 1 0 0 0 0 0 0 0 0 0 0 0 0 0 0 0 0 0 0 0 0 0 0 1 0 0 0
  0 0 0 0 0 0 0 1 1 0 0 0 0 0 0 0 0 0 1 1 0 0 1 1 0 0 0 0 0 0 1 0 0 0 0]
 [0 1 0 0 0 1 0 0 1 0 1 0 0 0 0 0 0 0 0 0 1 0 0 0 0 0 0 0 0 0 0 0 0 0 0 0
  0 0 1 0 0 0 0 0 0 0 0 0 0 0 0 0 0 0 0 0 0 0 0 0 0 0 0 0 0 0 0 0 0 0 1]
 [0 0 0 1 1 0 0 1 0 0 0 0 1 0 0 0 1 1 0 0 0 0 0 0 1 0 0 0 1 0 0 1 0 0 0 0
  0 0 0 1 0 0 0 0 0 1 0 0 0 0 0 0 0 0 0 0 0 0 0 0 0 0 0 1 0 0 0 0 0 1 0]
 [0 0 0 0 0 0 0 0 0 0 0 0 0 0 0 0 0 0 1 0 0 0 0 0 0 0 0 0 0 0 0 0 0 0 0 1
  0 1 0 0 1 1 0 0 0 0 1 1 0 0 0 0 0 0 0 0 0 0 0 0 0 1 1 0 0 1 0 0 0 0 0]
 [0 0 0 0 0 0 0 0 0 0 0 0 0 0 0 0 0 0 0 1 0 0 0 0 0 0 0 1 0 0 0 0 0 0 0 0
  0 0 0 0 0 0 0 0 0 0 0 0 0 0 0 0 1 0 0 0 1 0 0 0 0 0 0 0 0 0 0 0 0 0 0]]
end
