mac
5
end
job
70
end
fam
5
end
proc_times
[[  0  79  31  98  64  86  30   8  79  97  86  36  13  51  99  49  48  32
   86   2  63  39  48  43  35  50   2  18  50  65   9  93  51  64  13  23
   44  62  28  23  15  54  58   3  19  42  19  38  92  79  82   3  33  88
   18  42  42   1  95  22  45  29  14  25  91  93  52 100  88  37  21]
 [  0  24  50  18  17  98   6  14  81  12  84   1   2  78  91  52  84  26
   37  73  28  48  21  99  96  90  44   4  42  91  85  91  89  22  73  12
   43  63  71  50  94  62   3  47  65  68  27  35  12  61  78  42  29  53
   43   1  39  42  73  23  10  78  14  55  80  98  89  30  82   3  57]
 [  0  81  82  64   6  50  20   3  23  60  77  41  18  83   4  38  89  23
   61  15  27  84  76  42  11  94  59  44   1  71  80  11  86  75  23  21
   15   7  47  90  50  61  38  66  66  88  83  80  57  94   9  32   5  24
   82  19  68  81 100  65  37  98  96  78  69  55  79  34  30  42  86]
 [  0  83  10  31  92  36  78  11  28  40  64  22   9  96  72  73  62  68
   66  18  87   3  16  10   2  86  20  63  76  30  59  84  39  60  44  45
   28  89  18  12  47  44  12   2  35  49  37  18  63  50  86  58  89  47
   95  22  93  91  90  31  31  94  26  72  73  14  17   8  17   6  31]
 [  0   4  73  97  88  76  18  84   7  47  96  48   3  43  17  41  91  24
   68  86  85  92  47  70  22  91  56  82  33   5  93  65  71  25  44   4
   98  54  63  35  63  38  40  83  44   3  38  57   2  97  31  52  69   1
   99  20  11   7  39  20  89  71  16  67  32   9  23  56  28  32  26]]
end
weight
[[ 0 37 97 82 16 97 79  3 59  8 13 82 59 35 30 33 74 32 71 56 97 85 79 65
  19 36 41 10 76 60 14 54 84 42 34 32 15 83 74 83 50 34 90 72 60 35  4 72
  38 87  3  1  8 66 84 98 36 58 52 10 89 22 56 57 89 26 49 75  3 85 58]]
end
setup_times
[[[ 0 36 35 55 47 55]
  [ 0  0 48 49 35 33]
  [ 0 38  0 33 54 48]
  [ 0 40 52  0 55 56]
  [ 0 31 33 58  0 33]
  [ 0 48 36 41 51  0]]

 [[ 0 37 46 51 32 51]
  [ 0  0 58 51 42 59]
  [ 0 44  0 56 39 43]
  [ 0 54 35  0 56 44]
  [ 0 30 30 45  0 39]
  [ 0 30 42 41 58  0]]

 [[ 0 57 47 45 40 42]
  [ 0  0 47 39 40 57]
  [ 0 57  0 44 32 42]
  [ 0 45 55  0 48 36]
  [ 0 39 48 41  0 57]
  [ 0 58 50 54 47  0]]

 [[ 0 38 54 53 41 31]
  [ 0  0 59 47 44 43]
  [ 0 38  0 39 32 53]
  [ 0 33 54  0 42 54]
  [ 0 48 50 55  0 49]
  [ 0 56 38 42 30  0]]

 [[ 0 56 40 59 53 32]
  [ 0  0 38 31 38 38]
  [ 0 43  0 41 49 30]
  [ 0 41 34  0 36 50]
  [ 0 47 49 41  0 43]
  [ 0 40 30 33 45  0]]]
end
fixed_cost
[[2628 2577 2591 2626 2638]]
end
unit_cost
[[60 61 53 42 50]]
end
job2fam
[[1 0 0 0 0 0 0 0 0 0 0 0 0 0 0 0 0 0 0 0 0 0 0 0 0 0 0 0 0 0 0 0 0 0 0 0
  0 0 0 0 0 0 0 0 0 0 0 0 0 0 0 0 0 0 0 0 0 0 0 0 0 0 0 0 0 0 0 0 0 0 0]
 [0 1 1 0 0 0 1 0 0 0 0 0 1 1 0 0 0 0 1 0 1 1 0 1 0 0 1 0 1 0 1 0 0 0 0 1
  0 0 0 0 0 0 0 1 0 0 1 0 0 0 0 0 0 0 0 0 0 0 0 0 0 0 0 0 1 0 0 0 0 0 0]
 [0 0 0 1 0 0 0 0 0 0 0 1 0 0 1 0 0 0 0 0 0 0 1 0 0 1 0 0 0 0 0 1 0 0 0 0
  1 0 0 0 0 0 0 0 1 1 0 0 0 0 0 0 0 1 0 0 0 0 0 0 0 0 0 1 0 0 0 1 1 0 0]
 [0 0 0 0 0 0 0 0 1 1 0 0 0 0 0 1 1 0 0 0 0 0 0 0 0 0 0 0 0 0 0 0 0 1 0 0
  0 0 1 0 1 1 0 0 0 0 0 0 1 0 0 1 0 0 1 0 0 0 0 1 0 0 1 0 0 0 1 0 0 1 0]
 [0 0 0 0 1 0 0 1 0 0 1 0 0 0 0 0 0 1 0 0 0 0 0 0 0 0 0 0 0 1 0 0 0 0 1 0
  0 1 0 1 0 0 1 0 0 0 0 1 0 0 0 0 1 0 0 1 1 1 1 0 1 1 0 0 0 0 0 0 0 0 1]
 [0 0 0 0 0 1 0 0 0 0 0 0 0 0 0 0 0 0 0 1 0 0 0 0 1 0 0 1 0 0 0 0 1 0 0 0
  0 0 0 0 0 0 0 0 0 0 0 0 0 1 1 0 0 0 0 0 0 0 0 0 0 0 0 0 0 1 0 0 0 0 0]]
end
