mac
5
end
job
70
end
fam
8
end
proc_times
[[  0  60  90   6   7  74  37  63   8   8  94  67  84  32  34  66  66  98
   96   3  53  15  80  81  38  98  95  50  18  44  92  33  28  14  61  81
   69  80  41  89  47  93  52  28  62  24  44  35  98  59  32  74  48  92
   48  14  55  47  95  18  93  81  51  97  98   5  89  47  20  48  22]
 [  0  44  81  98  93  16  16  52  45  18  65  31  34  45  35  23  58  75
   84  84  52  51  85  77  53   2  12  16  33   3  73  44  41  21  58  19
   57  40  41  50  66  92  63  23  42  93  78  71  56  89  73  13  98  81
   67  13   8  44  38  81  85  23  81  95  29  48  84  43  28  42  86]
 [  0  21  95  77  64  90  65  29  62  36  91  86  65  12  42  13  87  42
   65  37   8   9  44  15   7  47 100  22  42   7  58  38  95  14  13  58
   50  21  53  44  49  27  78  94  29  88   6  70  32  25  47  17  82  71
    4  84  26  86  31  71  55  55  17  65  21  78  48  29  22  73  13]
 [  0  36  92  50  37  58  19  64  34  94  27  58  98  57  10  30  17  32
   42  24  39  17  41  19  30  41  95  92  34  24  93  95  89  69  60  62
   94  17  87  44  11   5  59  31  74  84  53  29   8  99  27  89  36  58
   83  62  45  85  54  87  26   8  45  59  36  50  31  66  85  39  86]
 [  0  28   7  23  97   3  86  26   5  58  85  46  37  22  15  71  16   9
   86  44  30  85  58  85   8  59  18  87  79  99  49  61  21   2  87  40
   26  88  48  21  28  11  59  63  85  96   9  57  28  99  46  23  71  55
   82  28   1  48  77  99  31  48  25   9  59  86  72  96  24  43  31]]
end
weight
[[ 0 51 15 43 71 19 58 27 62 72 96 78 49  6  1 15 79 75 62 21 69 74 44 73
  48 81 37 80 12  5 34 92 70 22  3  4 41 11 84 22  5 34 86 35  6 26 56 81
  77 44 54  1 48 53 68 96 32  2 30 40 95 77  4 19  8 23 63 79 12 98 94]]
end
setup_times
[[[ 0 37 31 42 36 47 50 35 33]
  [ 0  0 59 55 42 32 51 48 50]
  [ 0 52  0 35 40 31 34 50 39]
  [ 0 49 31  0 43 48 53 50 43]
  [ 0 46 59 38  0 31 43 49 51]
  [ 0 52 48 40 42  0 50 49 46]
  [ 0 47 42 41 57 35  0 48 51]
  [ 0 45 50 47 41 42 57  0 56]
  [ 0 54 46 40 33 53 44 34  0]]

 [[ 0 51 54 35 41 30 31 58 53]
  [ 0  0 52 59 56 53 32 33 55]
  [ 0 38  0 30 52 36 30 37 59]
  [ 0 47 50  0 50 53 43 55 50]
  [ 0 43 37 31  0 44 38 39 36]
  [ 0 56 32 56 45  0 35 53 34]
  [ 0 47 50 56 59 42  0 41 40]
  [ 0 39 52 49 46 38 32  0 36]
  [ 0 52 42 30 41 55 52 54  0]]

 [[ 0 30 33 32 57 37 41 57 58]
  [ 0  0 33 58 32 33 55 42 57]
  [ 0 55  0 46 39 50 45 34 52]
  [ 0 38 34  0 55 58 58 46 53]
  [ 0 34 43 36  0 50 34 50 40]
  [ 0 48 55 46 54  0 39 51 38]
  [ 0 54 48 57 57 33  0 55 56]
  [ 0 56 47 53 39 55 51  0 31]
  [ 0 49 31 56 50 50 31 35  0]]

 [[ 0 38 55 38 39 53 39 57 56]
  [ 0  0 39 52 30 35 45 40 51]
  [ 0 50  0 42 50 41 56 55 42]
  [ 0 36 38  0 41 38 31 49 49]
  [ 0 30 59 34  0 58 51 57 49]
  [ 0 42 46 52 37  0 36 34 52]
  [ 0 53 34 32 48 32  0 42 52]
  [ 0 38 43 56 36 54 56  0 30]
  [ 0 51 44 55 45 56 40 42  0]]

 [[ 0 47 38 51 42 43 35 49 37]
  [ 0  0 52 49 32 49 40 44 50]
  [ 0 50  0 39 46 43 39 41 53]
  [ 0 35 58  0 33 34 41 58 55]
  [ 0 33 30 49  0 41 56 56 44]
  [ 0 38 54 38 40  0 47 58 47]
  [ 0 54 34 52 39 54  0 47 47]
  [ 0 52 52 39 42 36 31  0 58]
  [ 0 59 31 47 59 31 59 45  0]]]
end
fixed_cost
[[2104 2098 2126 2076 2076]]
end
unit_cost
[[44 39 47 40 36]]
end
job2fam
[[1 0 0 0 0 0 0 0 0 0 0 0 0 0 0 0 0 0 0 0 0 0 0 0 0 0 0 0 0 0 0 0 0 0 0 0
  0 0 0 0 0 0 0 0 0 0 0 0 0 0 0 0 0 0 0 0 0 0 0 0 0 0 0 0 0 0 0 0 0 0 0]
 [0 0 0 0 0 0 1 0 0 0 0 0 0 1 0 0 0 0 0 0 0 0 1 1 0 0 0 0 0 0 0 0 0 0 1 0
  0 0 0 0 0 0 0 0 0 0 0 0 0 0 0 1 0 1 0 0 0 0 0 0 1 0 0 0 1 0 0 0 0 0 0]
 [0 0 0 0 0 0 0 0 0 0 0 0 0 0 0 1 0 0 0 0 0 1 0 0 0 1 1 0 0 1 0 0 0 0 0 0
  1 0 0 0 0 0 0 0 0 0 0 0 1 0 1 0 0 0 0 0 0 0 0 0 0 0 0 0 0 0 0 0 1 0 0]
 [0 0 0 0 0 0 0 0 0 0 0 1 0 0 1 0 0 0 0 0 0 0 0 0 0 0 0 0 0 0 1 0 0 1 0 0
  0 0 0 0 0 0 1 0 0 0 0 0 0 1 0 0 0 0 0 0 0 1 0 0 0 0 0 0 0 0 0 1 0 0 0]
 [0 0 1 0 0 0 0 0 0 1 0 0 0 0 0 0 0 0 0 0 0 0 0 0 0 0 0 0 0 0 0 0 1 0 0 0
  0 0 0 0 0 0 0 1 1 0 0 0 0 0 0 0 0 0 1 1 0 0 1 1 0 0 0 0 0 0 1 0 0 0 0]
 [0 1 0 0 0 1 0 0 1 0 1 0 0 0 0 0 0 0 0 0 1 0 0 0 0 0 0 0 0 0 0 0 0 0 0 0
  0 0 1 0 0 0 0 0 0 0 0 0 0 0 0 0 0 0 0 0 0 0 0 0 0 0 0 0 0 0 0 0 0 0 1]
 [0 0 0 1 1 0 0 1 0 0 0 0 1 0 0 0 1 1 0 0 0 0 0 0 1 0 0 0 1 0 0 1 0 0 0 0
  0 0 0 1 0 0 0 0 0 1 0 0 0 0 0 0 0 0 0 0 0 0 0 0 0 0 0 1 0 0 0 0 0 1 0]
 [0 0 0 0 0 0 0 0 0 0 0 0 0 0 0 0 0 0 1 0 0 0 0 0 0 0 0 0 0 0 0 0 0 0 0 1
  0 1 0 0 1 1 0 0 0 0 1 1 0 0 0 0 0 0 0 0 0 0 0 0 0 1 1 0 0 1 0 0 0 0 0]
 [0 0 0 0 0 0 0 0 0 0 0 0 0 0 0 0 0 0 0 1 0 0 0 0 0 0 0 1 0 0 0 0 0 0 0 0
  0 0 0 0 0 0 0 0 0 0 0 0 0 0 0 0 1 0 0 0 1 0 0 0 0 0 0 0 0 0 0 0 0 0 0]]
end
