mac
5
end
job
70
end
fam
12
end
proc_times
[[  0  72  41  48  74  20   7   6  90  39  36  94  68  92  16  57  85  30
   96  89  39  37  93  87  58  66  72   7  64  43  90  27  96  65  83  46
   45   9  52  57  92  38  84  13  15  64  86  46  81  55  37   7  61  31
   37  18   1  93   3   6  22  43  37  31  96  66  94  12  81  15  76]
 [  0  26  95  27  66   9  59  77  88  61  23  99  23   3  86  21  87  30
    3  94  79  32  11 100  86  62  23  66  87   9  93  63  59  90  69  76
   41  16   5  66  76  35  37  45  98  77  22  52  71  76  48  91  32  75
   32  80  49  89  14  89  60  67  25  67  66  63  64  73  87   1  17]
 [  0  37  94  33  10  95  24  18  50  82  79  36  70  78  91  83  11  92
   82  41  91  78  33  96  44  25  45  15   6  62  38  65  56   9  51  80
   57  31  17  96  76  35  86  83  67 100  95  17  47  21   3  56  39  17
   87  12  69  88  66  36  24  30  38  76  58  35   7  72  53  85  32]
 [  0  53  97  51  31  70  23  51  16  53  54  43  14  29  42  59   8  61
    8  63  28  19  27  17  60  85  10  40  61  86  83  16   7  16  86  97
   77  84  81  68  59  44  23  32  56  73  79  54  52  20  84  65  43  14
   94  97  58   6  99   1  96  73  74  82  52  14   1  25  63  73  69]
 [  0  46  45  81  90  50  10  95  43  23  52  47  33  57  18  46  71  43
   27  56  29  61  49  79  73  50  18  64  28  42  15  10  90  27  13  67
   95  20  73  88  31 100  88  15  18  26  42   3  23  30  61  54  16  25
   75  17  37  37  34  90  65  26  78  46  59  93  31  78  45  24  49]]
end
weight
[[ 0  1 48 39 15  3 10 97 93  4 75 98 81  4 48 72 32 11 99 48 57 32 95 66
  69 74 90 54 27 78  3 93 93 63 25 16 51  5 46 25  9 43 36 35 14 38  8  4
  19 59 80 23 13 67 10 88  4 68 93  5 50 83 82 72 16 16 11 90 82 15 50]]
end
setup_times
[[[ 0 31 45 40 38 37 51 51 37 34 34 54 53]
  [ 0  0 38 37 50 40 50 39 42 37 49 33 51]
  [ 0 35  0 30 46 30 40 34 34 31 40 34 55]
  [ 0 59 52  0 44 46 37 44 52 51 47 35 59]
  [ 0 33 49 46  0 44 45 33 41 54 32 54 31]
  [ 0 40 51 58 33  0 50 38 59 49 54 42 53]
  [ 0 49 54 31 43 31  0 47 55 42 37 52 37]
  [ 0 53 59 53 59 53 41  0 51 39 47 55 41]
  [ 0 56 35 43 32 58 58 57  0 56 41 49 59]
  [ 0 53 44 47 38 52 44 36 40  0 35 56 34]
  [ 0 36 37 41 43 49 39 34 48 40  0 42 35]
  [ 0 55 53 51 58 34 49 56 58 38 50  0 58]
  [ 0 54 31 40 52 50 48 33 57 36 45 54  0]]

 [[ 0 56 41 53 43 38 46 34 41 35 40 42 59]
  [ 0  0 34 42 44 54 47 37 47 51 42 30 49]
  [ 0 31  0 55 31 48 43 32 57 45 45 35 40]
  [ 0 47 34  0 43 37 39 44 55 55 30 39 54]
  [ 0 48 55 48  0 50 34 36 32 59 40 58 46]
  [ 0 55 36 45 41  0 34 45 36 46 59 41 33]
  [ 0 59 48 30 50 35  0 48 47 37 49 31 48]
  [ 0 55 37 40 40 51 46  0 50 50 42 52 38]
  [ 0 45 32 59 36 39 45 43  0 56 45 59 37]
  [ 0 33 37 57 55 34 40 47 40  0 34 51 43]
  [ 0 54 45 51 57 40 56 47 48 56  0 36 44]
  [ 0 36 58 38 44 55 58 35 56 39 41  0 34]
  [ 0 50 45 58 39 39 59 31 46 34 40 36  0]]

 [[ 0 48 58 44 48 38 31 57 32 37 58 43 31]
  [ 0  0 46 41 47 41 36 34 49 56 51 38 53]
  [ 0 48  0 45 46 36 58 46 57 55 50 31 53]
  [ 0 47 48  0 45 31 58 39 30 39 52 52 52]
  [ 0 36 53 31  0 57 45 43 35 53 57 44 36]
  [ 0 40 56 39 41  0 46 45 54 59 51 39 31]
  [ 0 37 43 47 56 36  0 46 38 31 52 38 44]
  [ 0 42 55 38 30 49 46  0 57 40 44 39 48]
  [ 0 37 43 38 43 39 45 42  0 37 39 32 30]
  [ 0 49 40 52 30 40 59 31 51  0 42 35 34]
  [ 0 38 37 52 54 53 41 38 44 47  0 42 33]
  [ 0 55 46 40 35 47 59 32 36 46 58  0 41]
  [ 0 59 53 52 42 51 36 53 49 59 36 50  0]]

 [[ 0 47 49 43 37 38 46 57 33 51 40 44 32]
  [ 0  0 45 31 48 32 44 45 49 32 49 40 48]
  [ 0 34  0 52 42 49 58 34 57 43 42 44 32]
  [ 0 53 41  0 48 41 32 55 40 34 36 38 36]
  [ 0 42 32 37  0 50 43 58 42 53 52 40 47]
  [ 0 42 56 43 47  0 44 50 51 40 30 42 40]
  [ 0 43 42 52 54 43  0 37 43 30 34 42 36]
  [ 0 47 33 38 35 36 30  0 52 56 36 51 43]
  [ 0 50 51 56 31 31 43 30  0 32 49 57 57]
  [ 0 48 45 38 35 58 47 48 37  0 30 31 58]
  [ 0 56 48 36 46 36 46 52 42 41  0 34 38]
  [ 0 34 43 45 47 32 55 49 33 38 59  0 53]
  [ 0 44 50 53 58 42 52 32 45 44 40 36  0]]

 [[ 0 59 48 55 53 44 52 34 31 56 43 48 41]
  [ 0  0 30 51 48 53 49 40 34 36 57 35 45]
  [ 0 37  0 40 59 32 32 40 54 46 49 33 57]
  [ 0 47 40  0 58 32 35 30 48 55 51 39 49]
  [ 0 46 32 57  0 34 36 48 42 36 54 38 44]
  [ 0 34 32 48 33  0 59 56 57 53 52 57 52]
  [ 0 48 40 31 34 37  0 43 32 49 37 57 39]
  [ 0 52 58 58 44 50 58  0 41 33 30 53 45]
  [ 0 30 37 55 46 30 49 48  0 31 47 54 59]
  [ 0 47 46 46 37 58 56 59 56  0 41 59 46]
  [ 0 45 50 48 47 34 52 32 47 47  0 36 33]
  [ 0 57 50 35 35 46 37 58 48 50 31  0 48]
  [ 0 32 45 38 38 48 34 42 40 58 35 33  0]]]
end
fixed_cost
[[2436 2443 2405 2466 2466]]
end
unit_cost
[[47 46 44 46 50]]
end
job2fam
[[1 0 0 0 0 0 0 0 0 0 0 0 0 0 0 0 0 0 0 0 0 0 0 0 0 0 0 0 0 0 0 0 0 0 0 0
  0 0 0 0 0 0 0 0 0 0 0 0 0 0 0 0 0 0 0 0 0 0 0 0 0 0 0 0 0 0 0 0 0 0 0]
 [0 0 0 0 0 0 0 0 0 0 0 0 0 1 0 0 0 0 0 0 1 0 0 0 0 0 0 0 0 0 0 0 0 0 0 0
  0 0 0 0 0 0 0 0 0 1 0 0 0 0 0 0 0 0 0 0 0 0 1 0 0 0 0 0 1 0 0 0 0 0 0]
 [0 0 0 0 0 0 0 0 0 0 0 0 0 0 0 0 0 0 0 0 0 0 0 0 1 1 0 0 1 0 0 0 0 0 0 0
  0 0 0 0 1 0 1 0 0 0 0 0 0 1 1 0 0 0 1 0 0 0 0 0 0 0 0 0 0 0 0 0 1 0 0]
 [0 1 0 1 0 0 0 0 0 0 0 0 0 0 0 0 0 0 0 0 0 0 0 0 0 0 0 0 0 0 0 0 0 1 0 0
  1 0 0 0 0 0 0 0 0 0 0 0 0 0 0 0 0 0 0 0 0 0 0 0 0 0 0 0 0 1 0 0 0 0 0]
 [0 0 0 0 0 0 0 0 0 0 0 0 0 0 1 0 0 0 0 0 0 1 0 0 0 0 0 0 0 0 0 0 0 0 1 0
  0 0 0 0 0 0 0 0 0 0 0 0 0 0 0 0 0 0 0 1 0 1 0 0 0 0 0 0 0 0 0 0 0 1 0]
 [0 0 0 0 0 1 0 0 0 0 0 0 0 0 0 1 0 0 0 0 0 0 0 0 0 0 0 0 0 1 1 0 0 0 0 0
  0 0 0 0 0 0 0 0 0 0 0 1 0 0 0 0 0 0 0 0 0 0 0 0 0 0 0 0 0 0 1 0 0 0 0]
 [0 0 1 0 0 0 0 1 0 1 0 0 0 0 0 0 0 1 0 0 0 0 0 0 0 0 0 0 0 0 0 0 0 0 0 0
  0 0 0 0 0 0 0 0 1 0 0 0 0 0 0 0 0 0 0 0 0 0 0 0 0 0 0 1 0 0 0 0 0 0 0]
 [0 0 0 0 0 0 1 0 0 0 0 0 0 0 0 0 0 0 0 0 0 0 0 0 0 0 0 0 0 0 0 0 0 0 0 0
  0 0 0 0 0 1 0 1 0 0 0 0 1 0 0 0 1 0 0 0 0 0 0 0 0 0 0 0 0 0 0 1 0 0 1]
 [0 0 0 0 1 0 0 0 0 0 1 0 0 0 0 0 0 0 0 0 0 0 1 0 0 0 1 1 0 0 0 1 0 0 0 0
  0 0 0 0 0 0 0 0 0 0 0 0 0 0 0 0 0 0 0 0 0 0 0 0 0 0 0 0 0 0 0 0 0 0 0]
 [0 0 0 0 0 0 0 0 0 0 0 0 1 0 0 0 1 0 0 1 0 0 0 0 0 0 0 0 0 0 0 0 0 0 0 0
  0 0 0 1 0 0 0 0 0 0 0 0 0 0 0 0 0 1 0 0 1 0 0 1 0 0 0 0 0 0 0 0 0 0 0]
 [0 0 0 0 0 0 0 0 1 0 0 1 0 0 0 0 0 0 0 0 0 0 0 1 0 0 0 0 0 0 0 0 1 0 0 1
  0 1 0 0 0 0 0 0 0 0 1 0 0 0 0 1 0 0 0 0 0 0 0 0 0 0 0 0 0 0 0 0 0 0 0]
 [0 0 0 0 0 0 0 0 0 0 0 0 0 0 0 0 0 0 0 0 0 0 0 0 0 0 0 0 0 0 0 0 0 0 0 0
  0 0 1 0 0 0 0 0 0 0 0 0 0 0 0 0 0 0 0 0 0 0 0 0 1 0 1 0 0 0 0 0 0 0 0]
 [0 0 0 0 0 0 0 0 0 0 0 0 0 0 0 0 0 0 1 0 0 0 0 0 0 0 0 0 0 0 0 0 0 0 0 0
  0 0 0 0 0 0 0 0 0 0 0 0 0 0 0 0 0 0 0 0 0 0 0 0 0 1 0 0 0 0 0 0 0 0 0]]
end
