mac
5
end
job
70
end
fam
12
end
proc_times
[[  0   5  10  99  53  70  97  83  56  32  59  67  88  67  68   8  78  51
   32  20  85  86  72   1  29   1  30   8  52  66  22  40   4  63  91  57
   78  74  21  87  80  49  16  61  75  22  19  20  83   5   5  55  51   2
   61   7  31  59  16  64  55  18   9  21  88  94  62   4  71  13  15]
 [  0   3  75  71  26  90  29  75  64  53  39  33   6  82  30  56  44  36
  100  26  55  86  68  44  36  69  31  24  14  93  22  74  75   3  21  25
   89  77  92  49  68  90  63  27   8  61  67  46  39  42  63  20  10  97
   65  16  24  95  38  77   6  21  76  11  28  94  87   2  48  70  34]
 [  0  70  43  76  39  21  73  84  29  16  60  78   5  55  43  26  19  57
   19  16  96  61  51  37  72   6  25  17   6   4  27  37  89  76  88  34
   28  12  51  66  47  29  64  44  91  48  59  50  88  66  82  21  59  95
   93  90  75  88  69  60  73  52  91  83  94  14  62  92  12  26  48]
 [  0  27  85  17  93   1  55  93  90  10  90  25  80  34  60  16  38  55
   18  74  26  51  96  66  11  94  55  23  22  99  79 100  17  26  62  98
   12  59  48  21 100  63  50   5  89  90   2   8  10  35  68  38  93  35
   48  48  64  64  33  33  62  29  37  52  15  15  85  52  19  94  82]
 [  0 100  28   6  41  54  32  91  89  29  29  21  57  24   4  57  63   3
   38  78  99  84  88  59  12  31  56  46  17  25  87  50  38  44  26  17
   10   5  66   5  71  30  49  26  89  41  80  86  69  79  77  64  99  61
   45  79  86  51  78  91  13  91  62  90  13  23  26  23  16  89  37]]
end
weight
[[ 0 23 87 98 48 65 78 11 70 88 96 91 99 85  7 82 54 47 53 21 58 94 20 29
  77 22  8  9 46  4 69 52 30 55  1 82 51 22 58 19 91 25 91 97 44 18 39 77
  80 29 15  3 13 48 57 48  7 36  2  8 22 73 36 85 27 59 35 42 26  3 20]]
end
setup_times
[[[ 0 53 30 38 43 52 46 44 43 52 45 59 46]
  [ 0  0 43 45 54 41 42 57 33 54 32 39 49]
  [ 0 31  0 39 31 41 31 30 32 42 37 45 33]
  [ 0 39 36  0 52 42 37 53 54 41 43 39 50]
  [ 0 35 40 51  0 39 44 36 36 39 35 44 58]
  [ 0 53 37 43 52  0 33 45 48 58 55 53 44]
  [ 0 45 50 38 58 58  0 59 48 40 58 59 32]
  [ 0 30 44 43 45 48 47  0 31 49 46 57 31]
  [ 0 54 33 30 37 39 52 51  0 51 51 49 52]
  [ 0 57 47 34 40 42 44 51 51  0 41 40 38]
  [ 0 51 39 57 47 51 57 53 47 42  0 50 48]
  [ 0 31 37 32 45 32 45 56 54 41 47  0 49]
  [ 0 39 41 49 46 30 58 43 39 37 56 54  0]]

 [[ 0 35 48 44 51 47 57 46 58 49 42 31 49]
  [ 0  0 55 35 52 44 43 30 43 37 42 41 54]
  [ 0 47  0 38 57 34 50 44 32 45 38 52 30]
  [ 0 30 37  0 53 49 44 31 54 53 37 40 52]
  [ 0 49 44 43  0 53 45 44 51 36 43 56 49]
  [ 0 56 45 39 33  0 34 31 32 52 33 37 56]
  [ 0 35 38 51 49 32  0 39 46 56 55 51 56]
  [ 0 41 54 32 52 51 39  0 30 50 41 44 33]
  [ 0 44 34 54 45 36 36 56  0 37 34 32 31]
  [ 0 37 48 40 48 56 52 30 38  0 37 33 42]
  [ 0 33 41 56 55 45 31 46 51 30  0 48 36]
  [ 0 30 32 50 59 32 43 59 32 45 51  0 31]
  [ 0 56 51 33 34 44 46 39 34 54 51 32  0]]

 [[ 0 41 56 52 44 30 33 59 54 36 33 40 52]
  [ 0  0 57 35 39 38 58 47 59 45 30 51 56]
  [ 0 49  0 33 41 32 40 45 35 48 55 40 32]
  [ 0 41 37  0 47 31 44 35 30 43 44 43 55]
  [ 0 36 44 31  0 51 59 41 57 47 50 48 56]
  [ 0 32 47 54 54  0 39 46 44 38 39 55 37]
  [ 0 57 34 56 56 55  0 44 54 31 38 58 31]
  [ 0 57 52 31 55 52 54  0 41 41 56 46 41]
  [ 0 31 43 49 31 31 37 43  0 45 30 32 31]
  [ 0 41 53 57 38 36 53 56 31  0 46 34 47]
  [ 0 52 42 50 39 42 54 45 46 55  0 41 48]
  [ 0 47 57 31 53 47 51 59 53 51 33  0 59]
  [ 0 33 50 59 33 30 45 51 56 33 30 52  0]]

 [[ 0 35 56 51 59 53 38 59 40 40 34 38 53]
  [ 0  0 44 34 43 57 42 38 37 34 55 51 41]
  [ 0 43  0 57 36 57 35 51 56 57 49 59 38]
  [ 0 37 58  0 54 51 53 54 35 52 58 36 35]
  [ 0 32 42 30  0 39 30 31 47 33 43 32 37]
  [ 0 56 55 54 58  0 45 30 51 56 49 41 34]
  [ 0 33 44 54 34 55  0 46 54 42 44 37 54]
  [ 0 34 41 49 57 31 39  0 35 39 44 35 33]
  [ 0 41 48 48 43 38 53 45  0 48 37 46 50]
  [ 0 59 54 30 33 59 40 43 49  0 58 38 44]
  [ 0 59 57 30 45 53 56 57 59 34  0 44 46]
  [ 0 51 53 39 42 31 59 39 55 30 48  0 45]
  [ 0 31 54 30 37 40 32 43 41 33 42 40  0]]

 [[ 0 47 38 34 44 43 39 55 39 43 53 33 40]
  [ 0  0 49 52 46 48 39 47 51 40 56 47 36]
  [ 0 39  0 55 57 57 47 38 46 39 30 43 30]
  [ 0 43 53  0 57 51 53 38 30 59 47 52 37]
  [ 0 35 54 38  0 43 59 44 48 54 55 57 49]
  [ 0 59 46 40 39  0 40 54 43 50 51 53 51]
  [ 0 31 40 36 35 51  0 41 44 31 46 52 36]
  [ 0 47 55 31 57 57 47  0 31 44 47 47 56]
  [ 0 53 38 51 39 44 47 52  0 52 55 32 31]
  [ 0 45 40 43 59 39 44 46 59  0 53 57 50]
  [ 0 30 36 45 36 42 38 50 36 49  0 59 49]
  [ 0 58 52 54 52 45 37 36 54 30 36  0 35]
  [ 0 44 30 50 46 52 40 39 35 34 36 46  0]]]
end
fixed_cost
[[2234 2255 2258 2242 2216]]
end
unit_cost
[[38 52 56 40 37]]
end
job2fam
[[1 0 0 0 0 0 0 0 0 0 0 0 0 0 0 0 0 0 0 0 0 0 0 0 0 0 0 0 0 0 0 0 0 0 0 0
  0 0 0 0 0 0 0 0 0 0 0 0 0 0 0 0 0 0 0 0 0 0 0 0 0 0 0 0 0 0 0 0 0 0 0]
 [0 0 0 0 0 0 0 0 0 0 0 0 0 1 0 0 0 0 0 0 1 0 0 0 0 0 0 0 0 0 0 0 0 0 0 0
  0 0 0 0 0 0 0 0 0 1 0 0 0 0 0 0 0 0 0 0 0 0 1 0 0 0 0 0 1 0 0 0 0 0 0]
 [0 0 0 0 0 0 0 0 0 0 0 0 0 0 0 0 0 0 0 0 0 0 0 0 1 1 0 0 1 0 0 0 0 0 0 0
  0 0 0 0 1 0 1 0 0 0 0 0 0 1 1 0 0 0 1 0 0 0 0 0 0 0 0 0 0 0 0 0 1 0 0]
 [0 1 0 1 0 0 0 0 0 0 0 0 0 0 0 0 0 0 0 0 0 0 0 0 0 0 0 0 0 0 0 0 0 1 0 0
  1 0 0 0 0 0 0 0 0 0 0 0 0 0 0 0 0 0 0 0 0 0 0 0 0 0 0 0 0 1 0 0 0 0 0]
 [0 0 0 0 0 0 0 0 0 0 0 0 0 0 1 0 0 0 0 0 0 1 0 0 0 0 0 0 0 0 0 0 0 0 1 0
  0 0 0 0 0 0 0 0 0 0 0 0 0 0 0 0 0 0 0 1 0 1 0 0 0 0 0 0 0 0 0 0 0 1 0]
 [0 0 0 0 0 1 0 0 0 0 0 0 0 0 0 1 0 0 0 0 0 0 0 0 0 0 0 0 0 1 1 0 0 0 0 0
  0 0 0 0 0 0 0 0 0 0 0 1 0 0 0 0 0 0 0 0 0 0 0 0 0 0 0 0 0 0 1 0 0 0 0]
 [0 0 1 0 0 0 0 1 0 1 0 0 0 0 0 0 0 1 0 0 0 0 0 0 0 0 0 0 0 0 0 0 0 0 0 0
  0 0 0 0 0 0 0 0 1 0 0 0 0 0 0 0 0 0 0 0 0 0 0 0 0 0 0 1 0 0 0 0 0 0 0]
 [0 0 0 0 0 0 1 0 0 0 0 0 0 0 0 0 0 0 0 0 0 0 0 0 0 0 0 0 0 0 0 0 0 0 0 0
  0 0 0 0 0 1 0 1 0 0 0 0 1 0 0 0 1 0 0 0 0 0 0 0 0 0 0 0 0 0 0 1 0 0 1]
 [0 0 0 0 1 0 0 0 0 0 1 0 0 0 0 0 0 0 0 0 0 0 1 0 0 0 1 1 0 0 0 1 0 0 0 0
  0 0 0 0 0 0 0 0 0 0 0 0 0 0 0 0 0 0 0 0 0 0 0 0 0 0 0 0 0 0 0 0 0 0 0]
 [0 0 0 0 0 0 0 0 0 0 0 0 1 0 0 0 1 0 0 1 0 0 0 0 0 0 0 0 0 0 0 0 0 0 0 0
  0 0 0 1 0 0 0 0 0 0 0 0 0 0 0 0 0 1 0 0 1 0 0 1 0 0 0 0 0 0 0 0 0 0 0]
 [0 0 0 0 0 0 0 0 1 0 0 1 0 0 0 0 0 0 0 0 0 0 0 1 0 0 0 0 0 0 0 0 1 0 0 1
  0 1 0 0 0 0 0 0 0 0 1 0 0 0 0 1 0 0 0 0 0 0 0 0 0 0 0 0 0 0 0 0 0 0 0]
 [0 0 0 0 0 0 0 0 0 0 0 0 0 0 0 0 0 0 0 0 0 0 0 0 0 0 0 0 0 0 0 0 0 0 0 0
  0 0 1 0 0 0 0 0 0 0 0 0 0 0 0 0 0 0 0 0 0 0 0 0 1 0 1 0 0 0 0 0 0 0 0]
 [0 0 0 0 0 0 0 0 0 0 0 0 0 0 0 0 0 0 1 0 0 0 0 0 0 0 0 0 0 0 0 0 0 0 0 0
  0 0 0 0 0 0 0 0 0 0 0 0 0 0 0 0 0 0 0 0 0 0 0 0 0 1 0 0 0 0 0 0 0 0 0]]
end
