mac
5
end
job
70
end
fam
12
end
proc_times
[[  0  82   7  43  67  56  61  45  11  75  40  58  94  12  81   6   4  42
   60  57  58  55  67  41  38  98  27  22  63   7  23  14  75  33  39  27
   17  68  98  72   1  37  14  39  15  92  12  58  31  88  90  55  82  22
   55   6  53  33  92  82  31  62  82  45  68  42  77  86  41  44   6]
 [  0  26  54  52   8  87  49  77  43  43  93  45  24  37  81  19  90 100
   89   4  62  52  47  33  98  33  52  82  34  46  26  68  88  36  98  70
   79  79  36  50  53  24  26  82  88  18  85  42  78  22  13  69   7  26
   18  90  86  37  22  15  58  29  92  43  41   4  95  38  43  98  33]
 [  0  42  36  87  68  66   8  90  28  37  39  30  65  11   2  25  15  81
   37  71  45  35  54   1  96  30  19   1  22  26  81  36  81  88  58  45
    4  75  33   3  24  11  18  57  45  18  56  71  76  98  40  59  25  77
   79  36  34  53   7  80  10  50  37  88  90   5  22  67  37   6  94]
 [  0  26   4  86  95  51  36  70  59  31  34  25  89  27  73  41   1  82
   43  89  12  52  15  31  72  89  96  46  35  10   7  73  12  18  35  99
   79  71  52  74  26  60  19  33  84  99  77   2  64  12  75  79  78  83
   75  73  20  58  54  38  20  85   3  41  18  96  87   3  69  92  21]
 [  0  70  46  17  87  27  80  26  37  93  91  44   9  89  76  70  83  92
   60  16  85  93   5  43  95  91  75  59  92  24  71   4  62  26  16  13
   71  29  68  29  54  46  30  56  19  96  91  32   8   6  40  25  16  24
   36  73  73  66  92  53  38  92  92  42  27  10  83  56  92  63  24]]
end
weight
[[ 0 48 49 95 59 34 44 70 29 24 35 56 83 55 98 11 22 27  8 77 19 68 46 48
  70  9 54 11 34 14 55 29 51 62 40 24 38 38 48 78 85 33 86 62 89 77 69 81
  47 84 66 75 45 51 67 60 37 87 62 43 89 26 80  9 24 21 42 55 48 86 70]]
end
setup_times
[[[ 0 34 57 40 31 34 58 39 39 54 31 41 50]
  [ 0  0 42 50 59 44 35 49 49 43 44 42 41]
  [ 0 43  0 36 32 48 40 40 42 48 47 48 39]
  [ 0 55 51  0 39 46 55 56 50 35 50 47 48]
  [ 0 32 56 30  0 35 52 49 39 52 42 47 49]
  [ 0 51 41 34 38  0 34 54 31 44 31 38 56]
  [ 0 51 58 49 51 40  0 57 56 47 56 31 45]
  [ 0 57 30 55 39 59 40  0 36 34 48 46 56]
  [ 0 37 53 45 56 48 45 53  0 38 33 49 42]
  [ 0 38 30 42 37 38 30 40 54  0 35 32 43]
  [ 0 36 34 51 56 32 35 37 40 51  0 32 50]
  [ 0 31 31 38 52 34 40 56 36 51 52  0 45]
  [ 0 40 31 41 46 41 54 57 41 43 38 47  0]]

 [[ 0 51 52 43 45 54 59 57 38 46 52 31 45]
  [ 0  0 31 38 58 34 40 37 42 33 32 33 33]
  [ 0 40  0 30 34 45 35 41 59 41 47 57 45]
  [ 0 42 52  0 38 57 55 43 34 52 30 50 35]
  [ 0 39 39 36  0 31 53 39 44 50 46 46 42]
  [ 0 40 35 33 44  0 57 47 49 58 37 46 56]
  [ 0 39 31 47 57 33  0 55 48 57 45 45 30]
  [ 0 39 31 30 42 39 36  0 33 43 36 58 33]
  [ 0 55 46 39 44 35 57 40  0 32 43 35 52]
  [ 0 33 45 49 43 48 42 45 53  0 57 42 51]
  [ 0 31 54 37 45 38 54 37 54 54  0 32 41]
  [ 0 44 35 33 41 32 33 45 39 32 34  0 50]
  [ 0 58 42 41 33 45 51 44 33 47 57 44  0]]

 [[ 0 56 47 31 35 42 40 50 59 38 51 37 31]
  [ 0  0 31 49 53 40 35 56 37 42 31 34 45]
  [ 0 52  0 34 31 51 41 45 43 49 43 59 32]
  [ 0 42 48  0 32 38 50 40 32 36 57 51 38]
  [ 0 30 48 55  0 39 38 57 51 37 30 37 44]
  [ 0 50 54 40 43  0 37 59 34 45 46 56 47]
  [ 0 40 39 53 35 54  0 50 35 57 38 50 56]
  [ 0 35 40 59 58 43 36  0 56 59 59 40 49]
  [ 0 57 51 30 41 35 40 58  0 33 53 49 30]
  [ 0 53 36 44 47 46 58 55 35  0 38 41 41]
  [ 0 30 57 58 58 46 34 59 31 56  0 50 33]
  [ 0 36 57 40 32 49 45 45 55 30 42  0 46]
  [ 0 49 52 37 57 51 56 50 31 43 45 58  0]]

 [[ 0 45 37 46 51 44 35 30 51 48 51 55 32]
  [ 0  0 59 43 47 49 42 45 42 53 57 54 34]
  [ 0 35  0 51 30 34 43 51 34 40 31 35 57]
  [ 0 44 55  0 41 45 50 45 45 31 46 33 44]
  [ 0 57 42 32  0 47 45 39 56 48 53 57 43]
  [ 0 46 59 45 55  0 56 31 37 35 51 43 38]
  [ 0 56 31 51 36 47  0 32 58 41 36 38 39]
  [ 0 35 56 50 53 32 52  0 52 32 37 45 36]
  [ 0 40 56 38 30 35 36 58  0 38 34 43 58]
  [ 0 34 56 58 44 30 50 50 53  0 48 36 46]
  [ 0 52 33 36 51 55 39 59 53 47  0 45 59]
  [ 0 53 52 43 33 40 30 41 42 46 48  0 34]
  [ 0 57 35 37 45 30 52 43 39 54 31 37  0]]

 [[ 0 46 56 37 41 44 47 51 51 31 51 52 48]
  [ 0  0 40 52 39 57 36 38 34 40 49 55 53]
  [ 0 35  0 34 35 39 34 38 34 47 38 50 58]
  [ 0 46 33  0 40 38 46 48 34 35 44 51 56]
  [ 0 35 34 43  0 35 36 52 47 57 34 30 56]
  [ 0 54 44 51 31  0 45 47 50 33 56 49 54]
  [ 0 59 54 30 32 37  0 48 41 57 59 30 53]
  [ 0 50 42 40 55 31 36  0 35 34 32 52 49]
  [ 0 51 39 39 47 41 56 58  0 48 54 48 52]
  [ 0 38 30 33 53 33 41 52 44  0 52 38 36]
  [ 0 45 57 55 53 47 58 35 40 53  0 31 43]
  [ 0 35 58 52 44 41 33 36 43 58 34  0 40]
  [ 0 59 48 32 59 57 59 36 39 33 47 34  0]]]
end
fixed_cost
[[2467 2483 2470 2498 2534]]
end
unit_cost
[[43 44 60 48 55]]
end
job2fam
[[1 0 0 0 0 0 0 0 0 0 0 0 0 0 0 0 0 0 0 0 0 0 0 0 0 0 0 0 0 0 0 0 0 0 0 0
  0 0 0 0 0 0 0 0 0 0 0 0 0 0 0 0 0 0 0 0 0 0 0 0 0 0 0 0 0 0 0 0 0 0 0]
 [0 0 0 0 0 0 0 0 0 0 0 0 0 1 0 0 0 0 0 0 1 0 0 0 0 0 0 0 0 0 0 0 0 0 0 0
  0 0 0 0 0 0 0 0 0 1 0 0 0 0 0 0 0 0 0 0 0 0 1 0 0 0 0 0 1 0 0 0 0 0 0]
 [0 0 0 0 0 0 0 0 0 0 0 0 0 0 0 0 0 0 0 0 0 0 0 0 1 1 0 0 1 0 0 0 0 0 0 0
  0 0 0 0 1 0 1 0 0 0 0 0 0 1 1 0 0 0 1 0 0 0 0 0 0 0 0 0 0 0 0 0 1 0 0]
 [0 1 0 1 0 0 0 0 0 0 0 0 0 0 0 0 0 0 0 0 0 0 0 0 0 0 0 0 0 0 0 0 0 1 0 0
  1 0 0 0 0 0 0 0 0 0 0 0 0 0 0 0 0 0 0 0 0 0 0 0 0 0 0 0 0 1 0 0 0 0 0]
 [0 0 0 0 0 0 0 0 0 0 0 0 0 0 1 0 0 0 0 0 0 1 0 0 0 0 0 0 0 0 0 0 0 0 1 0
  0 0 0 0 0 0 0 0 0 0 0 0 0 0 0 0 0 0 0 1 0 1 0 0 0 0 0 0 0 0 0 0 0 1 0]
 [0 0 0 0 0 1 0 0 0 0 0 0 0 0 0 1 0 0 0 0 0 0 0 0 0 0 0 0 0 1 1 0 0 0 0 0
  0 0 0 0 0 0 0 0 0 0 0 1 0 0 0 0 0 0 0 0 0 0 0 0 0 0 0 0 0 0 1 0 0 0 0]
 [0 0 1 0 0 0 0 1 0 1 0 0 0 0 0 0 0 1 0 0 0 0 0 0 0 0 0 0 0 0 0 0 0 0 0 0
  0 0 0 0 0 0 0 0 1 0 0 0 0 0 0 0 0 0 0 0 0 0 0 0 0 0 0 1 0 0 0 0 0 0 0]
 [0 0 0 0 0 0 1 0 0 0 0 0 0 0 0 0 0 0 0 0 0 0 0 0 0 0 0 0 0 0 0 0 0 0 0 0
  0 0 0 0 0 1 0 1 0 0 0 0 1 0 0 0 1 0 0 0 0 0 0 0 0 0 0 0 0 0 0 1 0 0 1]
 [0 0 0 0 1 0 0 0 0 0 1 0 0 0 0 0 0 0 0 0 0 0 1 0 0 0 1 1 0 0 0 1 0 0 0 0
  0 0 0 0 0 0 0 0 0 0 0 0 0 0 0 0 0 0 0 0 0 0 0 0 0 0 0 0 0 0 0 0 0 0 0]
 [0 0 0 0 0 0 0 0 0 0 0 0 1 0 0 0 1 0 0 1 0 0 0 0 0 0 0 0 0 0 0 0 0 0 0 0
  0 0 0 1 0 0 0 0 0 0 0 0 0 0 0 0 0 1 0 0 1 0 0 1 0 0 0 0 0 0 0 0 0 0 0]
 [0 0 0 0 0 0 0 0 1 0 0 1 0 0 0 0 0 0 0 0 0 0 0 1 0 0 0 0 0 0 0 0 1 0 0 1
  0 1 0 0 0 0 0 0 0 0 1 0 0 0 0 1 0 0 0 0 0 0 0 0 0 0 0 0 0 0 0 0 0 0 0]
 [0 0 0 0 0 0 0 0 0 0 0 0 0 0 0 0 0 0 0 0 0 0 0 0 0 0 0 0 0 0 0 0 0 0 0 0
  0 0 1 0 0 0 0 0 0 0 0 0 0 0 0 0 0 0 0 0 0 0 0 0 1 0 1 0 0 0 0 0 0 0 0]
 [0 0 0 0 0 0 0 0 0 0 0 0 0 0 0 0 0 0 1 0 0 0 0 0 0 0 0 0 0 0 0 0 0 0 0 0
  0 0 0 0 0 0 0 0 0 0 0 0 0 0 0 0 0 0 0 0 0 0 0 0 0 1 0 0 0 0 0 0 0 0 0]]
end
