mac
5
end
job
80
end
fam
5
end
proc_times
[[  0  57   1  63  58  86  35  31  28  88  87  69   8  85  29   5  22   2
    6  74  20  22  80  58  26  27  28  90  73  20   6  43  26   5  47  93
   74  37  53  89  91   7  54  11   6  30  98  60  11  44  46  93   8  53
   68  27  95  55  63   3  65  85  61  31  65  38  97  80  96  47  84  10
   41  22  73  44   8  41  53  79  61]
 [  0  77  85  10  29  24   8   9  44  87  28  24  66  69  48  47  74  81
   26  29  61  29  64  91  58  87  30  11  29   5   4   7  78  51  75  29
   52  60  70  86  46  67  48  55  40   8  18  44  59  62  62  52   5  52
   88  82  20  12  51  16  98  80  18  88  58  27  28   1  13  15   3  24
   78  90  61  98  94  58  30  72  83]
 [  0  97  78  68  69  10   8  69  61  44  29  51  20  94  45  64  23  14
   67  33  19  97  22  69  92  77  51  93  36  29  52   8  12  41  61  13
   21  96   1  73  67  65  72  97   9   8  89  61  80  98  76  17  79  22
    5  47   7  99  29  17  74  86  13  97  88  41  49  70  94   1  34  25
   32  16  63  79  17  61  13  74  64]
 [  0  40  35   6  18  14  16  43  68  42  78  32  52  28  83  42  93  42
   99  14  87  93  30  73  85  77  29  28  60  26  93  63  35   1  81  29
   97   6  50  29  74  99  59  40  42  15   6  67  70  26  61  97  54  30
   52  73  66  36  33  62  33  82  31  71  80  60  29  65  54  47  75  96
   29  75  29  26  86  84  72  97   6]
 [  0  39  15  11  38  70  98  62   3  85  77   7  10  39  64  85  36  93
   71  31   5  76  50  74  92  23  28  92   9   7 100  47  98  21  19  35
   47  34  14  72  86  59  29  29  14  64  17  14  77  31  67   2  29  23
    1  22  53  38  95  62  38  64  55  75   6  41  32  73  95  84  38  28
   81  27  80  91  41  72  91  56  78]]
end
weight
[[ 0 67 24  4 18 40 44 76 42 64 67 95 48 98 70 30 43 58 44 91 15 34 96 84
  58 98 96 53 61 75  7 29 93 39 22 43 86 83  2 98 57 55  3  8 61  6 14 54
  66 67 19 78 51 81 78 17 91 37 16 99 63 68 77 17  6 39 84 66 39 85 64 83
  68 47 90 76 74 13 95 58 83]]
end
setup_times
[[[ 0 58 43 57 48 54]
  [ 0  0 38 37 52 43]
  [ 0 46  0 35 59 41]
  [ 0 48 48  0 34 52]
  [ 0 44 48 39  0 41]
  [ 0 59 35 51 50  0]]

 [[ 0 53 54 42 37 50]
  [ 0  0 53 53 58 53]
  [ 0 58  0 30 36 48]
  [ 0 51 52  0 32 33]
  [ 0 38 54 47  0 57]
  [ 0 49 43 37 35  0]]

 [[ 0 33 56 54 46 52]
  [ 0  0 34 54 47 48]
  [ 0 30  0 38 43 33]
  [ 0 52 55  0 37 30]
  [ 0 45 55 51  0 58]
  [ 0 38 49 58 38  0]]

 [[ 0 32 57 46 52 40]
  [ 0  0 35 41 51 58]
  [ 0 53  0 52 45 45]
  [ 0 39 34  0 46 44]
  [ 0 35 49 32  0 47]
  [ 0 34 37 35 30  0]]

 [[ 0 52 59 55 31 51]
  [ 0  0 40 58 39 49]
  [ 0 50  0 44 35 31]
  [ 0 46 56  0 40 45]
  [ 0 36 39 59  0 35]
  [ 0 59 38 50 44  0]]]
end
fixed_cost
[[2652 2715 2720 2644 2700]]
end
unit_cost
[[61 48 49 49 64]]
end
job2fam
[[1 0 0 0 0 0 0 0 0 0 0 0 0 0 0 0 0 0 0 0 0 0 0 0 0 0 0 0 0 0 0 0 0 0 0 0
  0 0 0 0 0 0 0 0 0 0 0 0 0 0 0 0 0 0 0 0 0 0 0 0 0 0 0 0 0 0 0 0 0 0 0 0
  0 0 0 0 0 0 0 0 0]
 [0 0 0 0 0 1 0 0 0 0 0 0 0 0 0 1 0 0 0 0 0 0 0 0 0 0 0 1 0 0 0 0 1 0 1 0
  0 0 1 0 0 0 1 0 0 0 0 1 0 1 0 0 0 0 0 0 0 1 0 0 0 0 0 0 1 1 1 0 0 0 0 0
  0 0 0 0 0 0 0 0 1]
 [0 1 0 0 1 0 0 0 0 0 0 0 1 1 0 0 0 0 0 0 0 1 0 0 0 1 0 0 1 0 0 0 0 0 0 0
  0 1 0 1 0 0 0 0 1 0 0 0 0 0 0 0 1 0 0 0 0 0 1 0 0 0 0 0 0 0 0 0 0 0 0 0
  0 0 1 0 0 0 1 0 0]
 [0 0 0 0 0 0 1 0 0 0 1 1 0 0 1 0 0 1 0 0 1 0 0 1 0 0 0 0 0 0 1 0 0 0 0 0
  1 0 0 0 1 1 0 0 0 0 0 0 1 0 1 0 0 0 0 0 0 0 0 0 0 0 0 1 0 0 0 1 1 1 0 0
  0 0 0 1 0 1 0 0 0]
 [0 0 0 1 0 0 0 1 1 1 0 0 0 0 0 0 1 0 0 0 0 0 1 0 1 0 0 0 0 1 0 1 0 1 0 0
  0 0 0 0 0 0 0 0 0 0 1 0 0 0 0 1 0 0 0 0 1 0 0 0 1 1 0 0 0 0 0 0 0 0 1 1
  0 1 0 0 1 0 0 1 0]
 [0 0 1 0 0 0 0 0 0 0 0 0 0 0 0 0 0 0 1 1 0 0 0 0 0 0 1 0 0 0 0 0 0 0 0 1
  0 0 0 0 0 0 0 1 0 1 0 0 0 0 0 0 0 1 1 1 0 0 0 1 0 0 1 0 0 0 0 0 0 0 0 0
  1 0 0 0 0 0 0 0 0]]
end
