mac
5
end
job
80
end
fam
5
end
proc_times
[[  0  46  58   4  96  38  77  84  47   2  68  11  41  43  27  23  25  38
   50  14  47  61  53  83  99  83  54  88  16  54  37  91  18  15  72  61
   80  74  18  78  61   9  75  53  30  32   3  65  48  77  76  58  39  17
   70  44  72  96  90  47  24  98  63  91  66  65  20  46  54  25   5  49
    1  67  31  86  72  74   9  45  39]
 [  0   4  19  39  39  97  81  93  34 100   1   6  84  81  25 100  50  29
   93   6  53  81  23  87  76  78  25  24  13  63  15  69  19  49  93  55
   86  42 100   2  39  87  72  77  59  84   7  18  58   3  75  23  57  44
   21  84  12  93  40  93  14  59  30  50  85 100  77  45  71  42  39  29
   43  26  31  12  72  84  18  24  64]
 [  0  56  15  94  26  94  52  96  10  20  14  54  58  69  57   1  78  46
   12  36   4  54  81  64  39  26   1  82  83  45  92  39  83  59  89  96
   12  70  35   4  54   1  39  69  27  95  71   8  13  16  71  20  57  44
   85  98  74  34  73  94  68  81  18   7  99   9  82  95  26  12  18  75
   35  94  32  92  83  40  76  14  27]
 [  0  33  60  28  94  30  31  51  69  13  80 100  49  58  39  48  99  27
   34  13  57  90  11  83   1  40  67  45  80  47  28  90  83  92  20  20
   57  43  70  98  85   4  23  95  18  92  35  67  18  38   8  22  62  16
   13  43  24  39  51  65  43  67  10  38  44  42   3  16  30  98  46  99
   82  73  92  67  62  38  44   3  75]
 [  0  51  89  84  70  20  12  30  41  60  82  43   4  76  66  56  56  81
   49  40  60  16  59   3  17  61  26  27  96  16  25  27  48  37  68  15
   62  84  16  23  46  45  34  45  49   8  69  97   7  42  22  30  87  45
   71  63  71  93  96  94 100  16   4  86  19  65  87   7  96  72  62  79
   22  42  96  73  30   7  43  44  32]]
end
weight
[[ 0 38 24 69 58 45 89  6 71 80 54 53 67 98 43 42 83 16 13 16 88 40  8 34
  96 46 60 72 99  4  9 46 72 26 90 27 98 51 36  3 92  2 60 41 81 21 15 44
  22 38 77 31 58 59 70 59  5 42 93 18 39 35  8 44 81 26 92 75 73 73  3 26
  14 75  8 82 17  5 33 52 41]]
end
setup_times
[[[ 0 50 37 49 32 37]
  [ 0  0 30 52 33 41]
  [ 0 58  0 44 46 56]
  [ 0 39 32  0 57 54]
  [ 0 48 52 44  0 38]
  [ 0 54 45 48 34  0]]

 [[ 0 30 51 48 32 49]
  [ 0  0 40 44 46 45]
  [ 0 42  0 36 52 39]
  [ 0 41 43  0 36 35]
  [ 0 44 31 47  0 30]
  [ 0 54 52 31 34  0]]

 [[ 0 51 48 57 31 30]
  [ 0  0 56 35 56 33]
  [ 0 58  0 41 39 45]
  [ 0 51 50  0 42 51]
  [ 0 49 49 47  0 53]
  [ 0 30 52 42 41  0]]

 [[ 0 50 41 35 55 32]
  [ 0  0 59 54 53 30]
  [ 0 43  0 42 58 34]
  [ 0 30 41  0 49 37]
  [ 0 45 46 31  0 43]
  [ 0 38 48 43 33  0]]

 [[ 0 34 36 32 35 33]
  [ 0  0 41 55 50 31]
  [ 0 45  0 45 37 30]
  [ 0 58 51  0 39 35]
  [ 0 37 53 30  0 51]
  [ 0 51 57 57 57  0]]]
end
fixed_cost
[[2257 2346 2317 2325 2280]]
end
unit_cost
[[43 39 57 50 38]]
end
job2fam
[[1 0 0 0 0 0 0 0 0 0 0 0 0 0 0 0 0 0 0 0 0 0 0 0 0 0 0 0 0 0 0 0 0 0 0 0
  0 0 0 0 0 0 0 0 0 0 0 0 0 0 0 0 0 0 0 0 0 0 0 0 0 0 0 0 0 0 0 0 0 0 0 0
  0 0 0 0 0 0 0 0 0]
 [0 0 0 0 0 1 0 0 0 0 0 0 0 0 0 1 0 0 0 0 0 0 0 0 0 0 0 1 0 0 0 0 1 0 1 0
  0 0 1 0 0 0 1 0 0 0 0 1 0 1 0 0 0 0 0 0 0 1 0 0 0 0 0 0 1 1 1 0 0 0 0 0
  0 0 0 0 0 0 0 0 1]
 [0 1 0 0 1 0 0 0 0 0 0 0 1 1 0 0 0 0 0 0 0 1 0 0 0 1 0 0 1 0 0 0 0 0 0 0
  0 1 0 1 0 0 0 0 1 0 0 0 0 0 0 0 1 0 0 0 0 0 1 0 0 0 0 0 0 0 0 0 0 0 0 0
  0 0 1 0 0 0 1 0 0]
 [0 0 0 0 0 0 1 0 0 0 1 1 0 0 1 0 0 1 0 0 1 0 0 1 0 0 0 0 0 0 1 0 0 0 0 0
  1 0 0 0 1 1 0 0 0 0 0 0 1 0 1 0 0 0 0 0 0 0 0 0 0 0 0 1 0 0 0 1 1 1 0 0
  0 0 0 1 0 1 0 0 0]
 [0 0 0 1 0 0 0 1 1 1 0 0 0 0 0 0 1 0 0 0 0 0 1 0 1 0 0 0 0 1 0 1 0 1 0 0
  0 0 0 0 0 0 0 0 0 0 1 0 0 0 0 1 0 0 0 0 1 0 0 0 1 1 0 0 0 0 0 0 0 0 1 1
  0 1 0 0 1 0 0 1 0]
 [0 0 1 0 0 0 0 0 0 0 0 0 0 0 0 0 0 0 1 1 0 0 0 0 0 0 1 0 0 0 0 0 0 0 0 1
  0 0 0 0 0 0 0 1 0 1 0 0 0 0 0 0 0 1 1 1 0 0 0 1 0 0 1 0 0 0 0 0 0 0 0 0
  1 0 0 0 0 0 0 0 0]]
end
