mac
5
end
job
80
end
fam
5
end
proc_times
[[  0  59  90  36  24  52  47  38  39  32  81   5   5  39  88   2  87  41
   10  15  58  33   5  28  92  27  80  51  70   1  68  61  84  15  28  19
   29  94  88   8  56  37  98  43  31  55  98  41  25  58  53  62  31  49
   88  61  66  19  26  72  68  99  79  69  54  48  51  57  19  79 100  14
   50  19  53  14  52  25   1   8  38]
 [  0  73  83  77  29  41   1  52  29   4  22   2  50  11  15  85  16  91
   84  95  18   4  74   5   2  80   3  25  36   6  31  73  86  71  48  44
   73  65  75  71  86  64  42  64  15  20  19  49  85  20  80  93  60  66
   63  35  97  14  84  34   6  64  80  61  16  18  42  96  98  20   2  30
   35  96   9  39  11  77  30 100  40]
 [  0  63  58  29  19  87  71  87  81  60   6  88  90  56  42  98  73  87
   22   9   9  55  14  89   2  71   7  51  87  91   1  80   4  53  18   3
   27  99  23   1  66  29  87  40  73  12   3  45  72  93  55  69  34  69
   10  31  62  65  34  17  13  53  16  15  89  60  27  16   2   8  24  89
   69  57  11  26  63  11   4  23  22]
 [  0  69   4  40  75  18  63  67  61  79  30  82  97  45  40   6  65  99
   56  25  24  44   8  41  59  50  93  50  28  35   8   4   1  40  38  55
   49  53  75  45  24  48   4  17  49  99  37  81  73   6  15  86  89  95
   17  50  78  65  26  69  54  28  85 100  94  62   1  96  93  81  99  91
   50  23  48  88   5  37  49  32  44]
 [  0  67  45  79  76  88  12  96  75  45  51  85   7  16   6  19  83  50
   30  92  63  95   1  96  27  95  63   4  97  78  33  12  19  89  62  62
   74  45   6  16  15  81  80  88  34  28  64  40  43   1  46  78  74  38
    4  59  13  66  79  47   9  18  55  55  52  12  82  72  12  60  45   6
   74  34  17  99  13  23  80  36  78]]
end
weight
[[ 0 47 14 87 97 31 40 79 62 30 94 14 59 20 79  2 96 96 29 38 25 79 86 46
  45 28 11 89 78 40 16 46 20 78 29 53 84 23 90  2 69 14 45  9 51 24  8 72
  41 77  3 71 98 70 31 83 44 91 18 13 48 80 97 36 67 55 91 56 62 33 54 25
  18 71 76 65 14 37 86 72 13]]
end
setup_times
[[[ 0 59 43 49 58 48]
  [ 0  0 53 43 56 33]
  [ 0 44  0 41 39 35]
  [ 0 45 45  0 36 52]
  [ 0 44 51 45  0 51]
  [ 0 44 35 40 50  0]]

 [[ 0 44 49 47 49 41]
  [ 0  0 50 44 46 33]
  [ 0 36  0 54 55 40]
  [ 0 34 33  0 42 53]
  [ 0 31 33 44  0 53]
  [ 0 43 55 45 33  0]]

 [[ 0 53 44 43 44 43]
  [ 0  0 48 41 44 49]
  [ 0 38  0 30 47 40]
  [ 0 54 33  0 47 56]
  [ 0 52 59 59  0 51]
  [ 0 40 59 59 37  0]]

 [[ 0 55 42 33 54 38]
  [ 0  0 51 30 56 30]
  [ 0 43  0 55 37 31]
  [ 0 55 35  0 33 38]
  [ 0 41 36 35  0 42]
  [ 0 52 35 36 31  0]]

 [[ 0 56 55 48 55 55]
  [ 0  0 51 40 31 38]
  [ 0 49  0 58 51 45]
  [ 0 47 56  0 56 35]
  [ 0 56 50 51  0 42]
  [ 0 43 38 35 55  0]]]
end
fixed_cost
[[2619 2558 2577 2638 2559]]
end
unit_cost
[[59 45 51 59 55]]
end
job2fam
[[1 0 0 0 0 0 0 0 0 0 0 0 0 0 0 0 0 0 0 0 0 0 0 0 0 0 0 0 0 0 0 0 0 0 0 0
  0 0 0 0 0 0 0 0 0 0 0 0 0 0 0 0 0 0 0 0 0 0 0 0 0 0 0 0 0 0 0 0 0 0 0 0
  0 0 0 0 0 0 0 0 0]
 [0 0 0 0 0 1 0 0 0 0 0 0 0 0 0 1 0 0 0 0 0 0 0 0 0 0 0 1 0 0 0 0 1 0 1 0
  0 0 1 0 0 0 1 0 0 0 0 1 0 1 0 0 0 0 0 0 0 1 0 0 0 0 0 0 1 1 1 0 0 0 0 0
  0 0 0 0 0 0 0 0 1]
 [0 1 0 0 1 0 0 0 0 0 0 0 1 1 0 0 0 0 0 0 0 1 0 0 0 1 0 0 1 0 0 0 0 0 0 0
  0 1 0 1 0 0 0 0 1 0 0 0 0 0 0 0 1 0 0 0 0 0 1 0 0 0 0 0 0 0 0 0 0 0 0 0
  0 0 1 0 0 0 1 0 0]
 [0 0 0 0 0 0 1 0 0 0 1 1 0 0 1 0 0 1 0 0 1 0 0 1 0 0 0 0 0 0 1 0 0 0 0 0
  1 0 0 0 1 1 0 0 0 0 0 0 1 0 1 0 0 0 0 0 0 0 0 0 0 0 0 1 0 0 0 1 1 1 0 0
  0 0 0 1 0 1 0 0 0]
 [0 0 0 1 0 0 0 1 1 1 0 0 0 0 0 0 1 0 0 0 0 0 1 0 1 0 0 0 0 1 0 1 0 1 0 0
  0 0 0 0 0 0 0 0 0 0 1 0 0 0 0 1 0 0 0 0 1 0 0 0 1 1 0 0 0 0 0 0 0 0 1 1
  0 1 0 0 1 0 0 1 0]
 [0 0 1 0 0 0 0 0 0 0 0 0 0 0 0 0 0 0 1 1 0 0 0 0 0 0 1 0 0 0 0 0 0 0 0 1
  0 0 0 0 0 0 0 1 0 1 0 0 0 0 0 0 0 1 1 1 0 0 0 1 0 0 1 0 0 0 0 0 0 0 0 0
  1 0 0 0 0 0 0 0 0]]
end
