mac
5
end
job
80
end
fam
8
end
proc_times
[[  0  57  28  79  63  74  77  74  26   9  71  53  30   6  41  29  77  69
    9  51   4  26  77  16  82  76   7  95  51  98  79  93  40  84  94  26
   18  68  28  88  54 100  82  92  86  84  62  16  54  69  33  44  96  45
   27  57  33  38  39  41  58  50  37  52  45  38  64  73  73  42  19  15
   90   6  78  74  16  90  29  24  39]
 [  0  42  12  40  27  17  89  99  84  22  61   1  53   6  42  31  26  65
   48   3  91  80  18  51  94  69   3  39  36  13  29  78  86  49  79  14
   59  17  87  77  92  49  95  36  51  64  57  78  67  57  36   5  91   7
   34  55  89  35  25   6  75   4  56  43  16  62  64  30  40  73  53  53
   17  99  44  12  81  55  67  16  65]
 [  0  30  81   8  45  12  43  62  31  96   5  71   3  25  86  22   3  85
   77  65  13  66  55  85  38  76  92  31  69  58  52  63  87  84   1  93
   74  80  98  40  20  73  86  84  74  68  30  82  89  59  54  94  64  41
   69  63  65   2  97  15  89   2  48  12  84  52  62  23  13  49   5  21
   34  31  98  75  99   9  65  22  58]
 [  0  13  23  94  70  46  61  91  82  36  93  87   4  21  72  37  30  12
   49   6  54  82  77  99  72  89  93  58  24  68  63   5   3  82  26  54
   98  91   8  51  83  34  42  69  19  72  60  97  62  45  79  96  36  91
   28  95  76  36  28  42  62  77  35  44  58  60  19  54  67  39  24  46
    4   4   7  40 100  64  95   8  24]
 [  0   5  16  91  80   9  57  50  36  14  67  78  43   6  78   7  75  80
   66  38  13   5   5  28  58  59  49   8  87  31  84   1  51  59  83  94
  100  22  11  56  63  19  37  48  36  50  13  66   7  32  90  98  68  47
   19  99   4  92  23  23  65  83  62  97  56  54  22  45  76   5  38  89
   41  76  99  11  37   1  20  71  73]]
end
weight
[[ 0 76 54 79 94 15 91  4 73 50 71 66 40 31 48 67 59 39 70  5 49 59 82 97
  77 39 85 81 96 71 30 83 23 86 64  3 63 50  1 68 37 16 53 78 95 95 13 38
  99 40 19 27 22 62 47 29 34 91 12 68 94  2 64 90 84 17 80  1 29 49 26 61
  22 22 62 41 84 16 60 27  2]]
end
setup_times
[[[ 0 52 44 36 30 51 56 47 32]
  [ 0  0 30 58 46 37 37 52 37]
  [ 0 44  0 49 36 52 45 46 34]
  [ 0 50 47  0 42 56 59 54 35]
  [ 0 36 43 45  0 38 42 49 48]
  [ 0 39 57 36 43  0 30 42 49]
  [ 0 49 30 35 35 33  0 32 46]
  [ 0 52 46 35 44 31 36  0 35]
  [ 0 42 45 31 59 30 41 35  0]]

 [[ 0 52 35 51 44 48 57 59 58]
  [ 0  0 52 39 56 59 40 30 48]
  [ 0 37  0 33 49 59 44 44 41]
  [ 0 44 54  0 36 51 45 32 41]
  [ 0 57 39 41  0 35 36 35 42]
  [ 0 50 39 57 56  0 59 36 37]
  [ 0 59 43 46 55 38  0 30 56]
  [ 0 58 46 59 42 41 33  0 42]
  [ 0 32 39 30 50 49 44 40  0]]

 [[ 0 34 52 31 31 58 36 43 57]
  [ 0  0 50 50 31 32 51 47 32]
  [ 0 44  0 51 48 45 40 51 36]
  [ 0 42 37  0 35 54 40 38 49]
  [ 0 48 47 53  0 56 58 49 31]
  [ 0 52 41 51 54  0 40 57 57]
  [ 0 44 45 38 47 32  0 55 42]
  [ 0 54 50 42 34 57 48  0 44]
  [ 0 50 46 43 36 37 40 40  0]]

 [[ 0 44 39 43 54 58 43 34 38]
  [ 0  0 51 44 47 56 36 58 52]
  [ 0 51  0 38 52 56 35 45 40]
  [ 0 46 50  0 32 41 58 45 58]
  [ 0 51 38 56  0 55 55 44 36]
  [ 0 47 44 53 52  0 35 47 46]
  [ 0 43 46 37 52 54  0 39 34]
  [ 0 40 40 53 53 42 58  0 43]
  [ 0 34 39 33 53 43 43 33  0]]

 [[ 0 30 53 59 55 55 55 44 56]
  [ 0  0 43 52 54 56 38 32 42]
  [ 0 48  0 38 58 47 57 38 51]
  [ 0 50 37  0 47 39 30 43 31]
  [ 0 37 44 57  0 54 47 52 39]
  [ 0 53 47 47 55  0 47 38 33]
  [ 0 41 59 52 53 57  0 37 56]
  [ 0 47 59 59 59 47 42  0 50]
  [ 0 33 54 38 30 53 35 45  0]]]
end
fixed_cost
[[2838 2804 2801 2880 2820]]
end
unit_cost
[[58 51 61 55 52]]
end
job2fam
[[1 0 0 0 0 0 0 0 0 0 0 0 0 0 0 0 0 0 0 0 0 0 0 0 0 0 0 0 0 0 0 0 0 0 0 0
  0 0 0 0 0 0 0 0 0 0 0 0 0 0 0 0 0 0 0 0 0 0 0 0 0 0 0 0 0 0 0 0 0 0 0 0
  0 0 0 0 0 0 0 0 0]
 [0 0 0 0 0 1 0 0 0 0 0 0 1 0 0 1 0 0 1 0 0 0 0 0 0 0 0 0 0 0 0 0 1 0 1 0
  0 0 0 0 0 0 0 0 0 0 0 0 0 0 0 0 0 0 0 0 1 0 1 0 0 0 0 0 0 0 1 0 0 0 0 0
  0 0 0 0 0 0 0 0 0]
 [0 0 0 0 0 0 0 0 0 0 0 0 0 0 0 0 0 1 0 0 0 1 0 0 0 0 0 0 1 0 0 0 0 0 0 0
  0 0 0 0 0 0 0 0 0 0 1 0 0 0 0 0 1 0 0 0 0 0 0 0 0 0 0 1 1 0 0 0 0 0 0 0
  0 0 0 0 0 0 0 0 0]
 [0 0 0 0 0 0 0 0 1 1 0 0 0 0 0 0 0 0 0 0 0 0 0 0 0 1 0 0 0 0 0 0 0 0 0 1
  0 1 1 0 0 1 1 0 0 0 0 0 1 0 0 0 0 0 0 0 0 0 0 0 0 0 0 0 0 0 0 0 1 0 0 0
  0 1 0 1 0 0 0 0 0]
 [0 0 1 0 0 0 0 1 0 0 0 0 0 1 1 0 0 0 0 0 1 0 0 0 0 0 0 0 0 1 0 0 0 1 0 0
  1 0 0 0 0 0 0 0 0 0 0 0 0 0 0 0 0 0 0 1 0 0 0 0 0 0 0 0 0 0 0 1 0 1 0 1
  0 0 0 0 0 1 0 0 0]
 [0 0 0 0 1 0 0 0 0 0 0 0 0 0 0 0 0 0 0 1 0 0 0 0 1 0 0 0 0 0 1 0 0 0 0 0
  0 0 0 0 0 0 0 0 0 1 0 0 0 0 0 0 0 1 0 0 0 0 0 0 0 0 1 0 0 1 0 0 0 0 0 0
  0 0 1 0 0 0 0 0 0]
 [0 0 0 0 0 0 1 0 0 0 0 0 0 0 0 0 1 0 0 0 0 0 0 0 0 0 1 0 0 0 0 0 0 0 0 0
  0 0 0 1 1 0 0 1 0 0 0 0 0 0 0 0 0 0 0 0 0 1 0 0 1 0 0 0 0 0 0 0 0 0 1 0
  1 0 0 0 0 0 0 0 0]
 [0 1 0 0 0 0 0 0 0 0 1 1 0 0 0 0 0 0 0 0 0 0 1 1 0 0 0 1 0 0 0 1 0 0 0 0
  0 0 0 0 0 0 0 0 1 0 0 0 0 1 0 0 0 0 0 0 0 0 0 1 0 0 0 0 0 0 0 0 0 0 0 0
  0 0 0 0 0 0 1 1 0]
 [0 0 0 1 0 0 0 0 0 0 0 0 0 0 0 0 0 0 0 0 0 0 0 0 0 0 0 0 0 0 0 0 0 0 0 0
  0 0 0 0 0 0 0 0 0 0 0 1 0 0 1 1 0 0 1 0 0 0 0 0 0 1 0 0 0 0 0 0 0 0 0 0
  0 0 0 0 1 0 0 0 1]]
end
