mac
5
end
job
80
end
fam
8
end
proc_times
[[  0  35  32  60  67   7  50  31  19  52  17  45  66  51   2  26  70  74
   39  95  59  69  48  12   3  88   1  32  43   5  82  96  32  47  50  42
   81  13  58   4   5  27  77  78  42  42   4   1  35  77   6  99  44  45
   11  64  47  90  19  87  18  60  98  77  26   5  91  94  64  18   3   9
   86  13  78  27  52  97  98  39  90]
 [  0  46  55   8  27  42  98  91   8   3  21   3  24  14  38  93  88  90
    7  39  36   6  60  78  90  65   4  94  20  85  19  49  77  78  29   1
   10  37  50  46   9  62  45  74  94  20  77  67  69  26  95   6  52  62
   30  31  44  90  58  40  48  64   6  81  36  74  12  68  82  36  52  53
    5  87  77  66  73  46 100  87  12]
 [  0  30  69   3  21  74  11  69  48  30  87  82  64  61  68  69  19  62
   63  49  14  33  70  41  31  62  88  17  44  56  75  23  17  11  80  20
   47  57  50  39  45  54  97  20  62  97  67  44  72  69  19  17  97  49
   43  75  75  51  14  19   1  60   9  51  53  17  83  27  58  93  99  71
   30  36  89  94   4  86  22  84  96]
 [  0  88  79  67  89  72  73  98  81  87  28  56  16  89  83  87  29   5
   35  31  72  80  55  19  76  85  50  65  24  30  31  58  50  21  75  25
   86  14  94  51  35  21  45  22  77  81  50  10  81  16  40  57   6  52
   20 100  96  61  83  63  53  29  22  51  44  84  16  92  26 100  47   9
   97  71  61  23  80  19  26 100  28]
 [  0  38  69  99  62  40  26  75  83  29   5  39  63  11  15  18  64  23
    3  90  52  85  46  69  32  97  20   6  95   7  31  10  99   7  32  81
    7   1  77  71  23  48  86  21  21  86  66  77  87  69  33  67  21  98
   37  61  18  74  21  33  19  77   2  42  55  58  85  21   1  68  82  33
   50  29  59  44  18   7  10  65  50]]
end
weight
[[ 0 89 13 97 76 23 55 49 16 34 60 22 49 53 87 33 26 65 17 85 39 75 48 79
  14 55 10 48 53 56 58 16 72 26  2 54 15 56 82 90 49 66 29 35 61 14 99 78
  34 19 74 11 80 56 55 10 54  4 72 26 77 50 30 33 40 44 49 92 70 70 24 63
  73 34 73 36 11 72  4 69 50]]
end
setup_times
[[[ 0 46 54 38 46 44 51 39 30]
  [ 0  0 53 53 42 52 48 37 36]
  [ 0 48  0 51 32 54 56 55 37]
  [ 0 45 33  0 41 59 41 55 49]
  [ 0 57 46 51  0 41 34 53 43]
  [ 0 47 48 56 46  0 54 35 35]
  [ 0 55 31 33 58 38  0 52 40]
  [ 0 44 55 43 46 57 31  0 59]
  [ 0 58 39 57 48 53 42 46  0]]

 [[ 0 35 35 41 53 40 35 56 32]
  [ 0  0 53 46 43 44 49 30 37]
  [ 0 57  0 34 40 40 35 52 56]
  [ 0 35 44  0 43 35 50 59 59]
  [ 0 38 45 45  0 43 30 46 56]
  [ 0 56 36 37 30  0 55 52 44]
  [ 0 54 39 35 48 43  0 40 52]
  [ 0 47 51 39 56 38 58  0 33]
  [ 0 40 59 47 52 46 38 41  0]]

 [[ 0 32 33 53 48 56 41 43 42]
  [ 0  0 46 40 30 35 55 54 30]
  [ 0 55  0 51 49 34 33 34 36]
  [ 0 40 56  0 41 54 34 54 39]
  [ 0 55 36 54  0 57 38 49 51]
  [ 0 48 44 40 59  0 35 39 52]
  [ 0 39 55 54 58 49  0 37 46]
  [ 0 30 44 58 42 55 43  0 40]
  [ 0 54 48 53 43 57 51 46  0]]

 [[ 0 33 42 36 42 45 30 52 54]
  [ 0  0 40 32 53 47 45 31 30]
  [ 0 54  0 54 37 53 42 45 43]
  [ 0 49 30  0 59 40 52 33 36]
  [ 0 50 55 56  0 56 40 47 47]
  [ 0 37 45 34 41  0 40 32 30]
  [ 0 35 49 31 52 35  0 36 59]
  [ 0 58 51 43 43 56 44  0 49]
  [ 0 40 34 56 51 53 36 57  0]]

 [[ 0 34 31 58 51 43 49 51 52]
  [ 0  0 58 56 58 50 59 33 36]
  [ 0 51  0 44 43 46 34 48 36]
  [ 0 33 46  0 55 35 31 48 55]
  [ 0 43 45 49  0 56 41 33 35]
  [ 0 36 56 44 50  0 34 35 59]
  [ 0 57 54 35 40 44  0 35 47]
  [ 0 42 59 45 51 43 54  0 47]
  [ 0 35 49 46 46 34 31 38  0]]]
end
fixed_cost
[[2145 2176 2162 2177 2112]]
end
unit_cost
[[39 52 39 40 46]]
end
job2fam
[[1 0 0 0 0 0 0 0 0 0 0 0 0 0 0 0 0 0 0 0 0 0 0 0 0 0 0 0 0 0 0 0 0 0 0 0
  0 0 0 0 0 0 0 0 0 0 0 0 0 0 0 0 0 0 0 0 0 0 0 0 0 0 0 0 0 0 0 0 0 0 0 0
  0 0 0 0 0 0 0 0 0]
 [0 0 0 0 0 1 0 0 0 0 0 0 1 0 0 1 0 0 1 0 0 0 0 0 0 0 0 0 0 0 0 0 1 0 1 0
  0 0 0 0 0 0 0 0 0 0 0 0 0 0 0 0 0 0 0 0 1 0 1 0 0 0 0 0 0 0 1 0 0 0 0 0
  0 0 0 0 0 0 0 0 0]
 [0 0 0 0 0 0 0 0 0 0 0 0 0 0 0 0 0 1 0 0 0 1 0 0 0 0 0 0 1 0 0 0 0 0 0 0
  0 0 0 0 0 0 0 0 0 0 1 0 0 0 0 0 1 0 0 0 0 0 0 0 0 0 0 1 1 0 0 0 0 0 0 0
  0 0 0 0 0 0 0 0 0]
 [0 0 0 0 0 0 0 0 1 1 0 0 0 0 0 0 0 0 0 0 0 0 0 0 0 1 0 0 0 0 0 0 0 0 0 1
  0 1 1 0 0 1 1 0 0 0 0 0 1 0 0 0 0 0 0 0 0 0 0 0 0 0 0 0 0 0 0 0 1 0 0 0
  0 1 0 1 0 0 0 0 0]
 [0 0 1 0 0 0 0 1 0 0 0 0 0 1 1 0 0 0 0 0 1 0 0 0 0 0 0 0 0 1 0 0 0 1 0 0
  1 0 0 0 0 0 0 0 0 0 0 0 0 0 0 0 0 0 0 1 0 0 0 0 0 0 0 0 0 0 0 1 0 1 0 1
  0 0 0 0 0 1 0 0 0]
 [0 0 0 0 1 0 0 0 0 0 0 0 0 0 0 0 0 0 0 1 0 0 0 0 1 0 0 0 0 0 1 0 0 0 0 0
  0 0 0 0 0 0 0 0 0 1 0 0 0 0 0 0 0 1 0 0 0 0 0 0 0 0 1 0 0 1 0 0 0 0 0 0
  0 0 1 0 0 0 0 0 0]
 [0 0 0 0 0 0 1 0 0 0 0 0 0 0 0 0 1 0 0 0 0 0 0 0 0 0 1 0 0 0 0 0 0 0 0 0
  0 0 0 1 1 0 0 1 0 0 0 0 0 0 0 0 0 0 0 0 0 1 0 0 1 0 0 0 0 0 0 0 0 0 1 0
  1 0 0 0 0 0 0 0 0]
 [0 1 0 0 0 0 0 0 0 0 1 1 0 0 0 0 0 0 0 0 0 0 1 1 0 0 0 1 0 0 0 1 0 0 0 0
  0 0 0 0 0 0 0 0 1 0 0 0 0 1 0 0 0 0 0 0 0 0 0 1 0 0 0 0 0 0 0 0 0 0 0 0
  0 0 0 0 0 0 1 1 0]
 [0 0 0 1 0 0 0 0 0 0 0 0 0 0 0 0 0 0 0 0 0 0 0 0 0 0 0 0 0 0 0 0 0 0 0 0
  0 0 0 0 0 0 0 0 0 0 0 1 0 0 1 1 0 0 1 0 0 0 0 0 0 1 0 0 0 0 0 0 0 0 0 0
  0 0 0 0 1 0 0 0 1]]
end
