mac
5
end
job
80
end
fam
12
end
proc_times
[[  0  33  76   4  99  22  58  40  22  58  62  75  48  84  50  98  26  74
   18  48   8  23 100  93  88 100  94  16  63  80  28  78  90  31  58  76
   56  79  36  91  17  71  83  79  36  79  40  45  70  49  75  67  73  25
   19  26 100  75  16  20  21  65  92  88  47  55  79  61  68  37  44  24
   85  10  51  86   9  69  14  22  85]
 [  0  61  44   4  79  41  54  71   4  40   3  65  72  42  52  24  75  36
   88  32  38  80  91  29  99  12  82  75  93  48  75  33  82   5   2   7
   83  57  42  68  48  59  40  41   4  11  21   8  46  67  84  62  42  31
   37  10  46  33  46  97  10  12  66  14  77  98  68  33  81  48  85  19
   66   1  78  60  71  30  98  80  35]
 [  0  27  54  88  62  43  77  46  74  40  54  46  75   4  47  53  30  99
   91  74  48  36  31  54  42 100  98  21  79  33  95  15  13  19  83  13
   12  28  29  58  68  63  31  17  57  68  37   3  48  57  83   3  81  59
   75  87  44  50  67   5  16  50   8  45   8  76  13   4  80  76  54   9
   99   6  56  19   1  22  90  42  54]
 [  0  82  57  79  42  59  29  43  89  20  88  67  39  18  88  86  88   1
   23  72  59  37  95  98  37  31  68  61  82  87  91  23  43   6  98  85
   61   1  17  42  11  77  40  40  26  56  41  32  40  96  88  49   1   5
   17   4   4  25  49  38  60  22  74  14  21  13  64  88  80  58  28  68
   36  65   1  90  20  42  65  43   3]
 [  0  16  40  75   8   5  63  79  84  43  76  73  29  63  47  46  96  35
   47   4  31  35  31   2  22   4  90  26   1  40  80  92   3  57  39  92
   89  48  49  48  86  49  72  72  10  80  66   7  32  34  57  31   6  77
   14  55  44  67  85  57  20   7  22  12  54  29 100  19  31  80  93  85
   51  38  92   7  85   5  30  58  35]]
end
weight
[[ 0  2  2 79 90 96 93  7 36 95 93  1 38 38 63 49 19 97  8 15 87 34 59 58
  13 93  8 34 21 96  4 96 41 89 76  3 21 42 19 48 78 27 29 63 79 66 72 32
  50 37 91 89 49  4 41 77 73 41 16 90 45 67 31 28 42 50 98  2 81 13 79 36
   5 21 74 16 47 13 12 17 85]]
end
setup_times
[[[ 0 34 48 51 53 48 44 31 42 57 51 44 49]
  [ 0  0 48 57 37 39 49 45 59 53 37 44 48]
  [ 0 32  0 57 38 38 56 49 43 49 34 38 44]
  [ 0 49 35  0 48 56 52 43 32 56 37 52 48]
  [ 0 37 57 35  0 31 34 37 41 43 34 47 30]
  [ 0 37 42 42 45  0 48 33 55 37 58 54 36]
  [ 0 37 53 58 56 47  0 57 53 47 57 57 53]
  [ 0 52 51 46 46 50 41  0 43 46 40 47 51]
  [ 0 39 48 38 35 59 34 58  0 53 55 32 41]
  [ 0 42 30 34 54 58 56 32 50  0 59 48 37]
  [ 0 59 59 30 51 45 41 39 42 40  0 49 47]
  [ 0 32 47 48 45 34 30 42 59 48 55  0 59]
  [ 0 53 43 51 45 46 48 41 45 42 44 40  0]]

 [[ 0 34 30 46 45 44 39 36 57 48 40 32 45]
  [ 0  0 32 37 37 30 51 37 54 54 38 43 35]
  [ 0 45  0 42 41 57 38 59 37 39 37 52 32]
  [ 0 30 33  0 35 33 31 55 32 32 32 42 36]
  [ 0 35 46 40  0 53 57 53 38 33 31 52 31]
  [ 0 30 53 33 37  0 53 45 30 40 57 57 55]
  [ 0 44 34 47 34 40  0 55 59 40 46 53 35]
  [ 0 41 46 48 40 52 52  0 39 32 32 41 44]
  [ 0 51 42 56 38 39 34 31  0 32 41 58 36]
  [ 0 36 37 44 34 54 36 45 40  0 37 51 40]
  [ 0 40 43 58 56 58 48 40 50 51  0 55 36]
  [ 0 33 30 33 56 55 44 42 39 44 34  0 54]
  [ 0 32 35 47 30 37 30 48 54 43 46 45  0]]

 [[ 0 47 50 33 41 42 51 39 47 55 48 48 59]
  [ 0  0 58 50 47 52 39 50 33 40 43 48 41]
  [ 0 33  0 55 35 32 48 45 53 34 45 34 57]
  [ 0 37 30  0 58 35 55 49 32 41 51 33 52]
  [ 0 37 56 54  0 39 34 44 31 32 31 34 33]
  [ 0 38 33 43 45  0 38 31 55 49 59 56 35]
  [ 0 54 31 40 35 53  0 53 49 54 31 57 40]
  [ 0 36 34 37 37 56 33  0 40 48 59 37 47]
  [ 0 59 33 50 52 35 35 57  0 36 36 40 38]
  [ 0 39 38 58 35 41 54 37 43  0 50 54 36]
  [ 0 42 57 47 32 50 30 55 43 48  0 38 38]
  [ 0 55 32 43 38 45 38 47 38 36 50  0 56]
  [ 0 35 43 43 57 48 40 44 48 48 31 43  0]]

 [[ 0 45 50 55 38 58 43 44 53 50 47 35 49]
  [ 0  0 46 59 38 51 59 58 33 45 38 36 36]
  [ 0 34  0 36 59 40 42 46 46 34 40 59 38]
  [ 0 41 50  0 30 46 44 57 31 44 37 49 32]
  [ 0 52 52 50  0 58 43 56 45 32 44 40 50]
  [ 0 34 38 50 46  0 36 52 53 55 31 32 35]
  [ 0 47 46 36 34 48  0 31 49 32 55 32 34]
  [ 0 38 37 33 37 42 53  0 39 39 34 47 51]
  [ 0 51 59 37 50 30 58 35  0 40 53 45 38]
  [ 0 40 34 54 49 54 57 44 49  0 33 53 54]
  [ 0 30 30 47 30 48 38 42 56 39  0 51 58]
  [ 0 50 41 32 58 30 54 49 58 45 38  0 52]
  [ 0 44 42 47 35 37 38 49 57 36 56 59  0]]

 [[ 0 58 45 35 41 52 59 39 54 35 37 43 55]
  [ 0  0 53 53 50 58 42 33 47 30 56 40 38]
  [ 0 56  0 57 42 59 46 55 58 55 44 58 56]
  [ 0 46 53  0 44 32 48 32 39 45 55 55 50]
  [ 0 41 49 48  0 53 55 54 51 37 41 51 54]
  [ 0 36 41 32 34  0 53 36 56 38 59 41 38]
  [ 0 55 55 42 32 41  0 37 31 36 49 43 37]
  [ 0 41 43 40 47 48 40  0 59 39 31 54 39]
  [ 0 38 43 45 52 52 48 31  0 55 51 33 36]
  [ 0 36 46 56 50 37 35 48 44  0 37 51 58]
  [ 0 33 41 55 46 44 54 31 33 40  0 49 44]
  [ 0 42 39 38 52 51 38 33 41 55 46  0 33]
  [ 0 37 40 30 59 59 38 52 48 43 55 44  0]]]
end
fixed_cost
[[2246 2295 2261 2231 2296]]
end
unit_cost
[[45 56 43 39 45]]
end
job2fam
[[1 0 0 0 0 0 0 0 0 0 0 0 0 0 0 0 0 0 0 0 0 0 0 0 0 0 0 0 0 0 0 0 0 0 0 0
  0 0 0 0 0 0 0 0 0 0 0 0 0 0 0 0 0 0 0 0 0 0 0 0 0 0 0 0 0 0 0 0 0 0 0 0
  0 0 0 0 0 0 0 0 0]
 [0 0 1 0 0 0 0 0 0 0 0 0 0 0 1 0 0 0 1 0 0 0 0 1 0 0 0 0 0 0 0 0 0 0 1 0
  0 0 0 0 0 0 0 0 0 0 0 0 0 0 0 0 0 0 0 0 0 0 0 0 0 0 0 0 0 0 0 0 0 0 0 0
  1 0 0 0 0 0 0 0 0]
 [0 0 0 0 1 0 0 0 0 0 0 0 0 0 0 0 0 0 0 0 0 0 0 0 0 0 0 0 0 0 1 1 0 0 0 0
  0 0 0 0 0 0 0 0 0 1 0 0 0 0 0 0 1 0 0 0 0 0 0 0 0 0 0 0 0 0 0 0 0 0 0 0
  0 1 0 0 0 0 0 0 0]
 [0 0 0 0 0 0 0 0 1 0 0 0 0 0 0 0 0 0 0 0 0 1 0 0 0 0 0 0 0 0 0 0 0 0 0 0
  0 0 0 0 0 1 0 0 0 0 0 0 0 0 0 0 0 0 0 0 0 0 0 0 0 0 0 0 0 0 0 0 0 0 0 0
  0 0 0 0 0 0 0 0 0]
 [0 0 0 0 0 0 0 0 0 0 0 0 0 1 0 0 0 0 0 0 0 0 0 0 0 0 0 0 0 1 0 0 0 1 0 0
  0 0 0 0 0 0 0 0 0 0 0 0 0 0 0 0 0 0 0 0 0 0 0 0 0 0 0 0 0 0 0 0 0 0 0 1
  0 0 0 0 1 0 0 1 0]
 [0 0 0 0 0 0 0 0 0 1 0 0 0 0 0 0 0 0 0 0 0 0 0 0 1 0 0 0 0 0 0 0 0 0 0 0
  0 0 0 0 1 0 0 0 0 0 0 0 0 0 0 0 0 0 0 0 0 0 1 0 0 0 1 0 0 0 1 0 0 0 0 0
  0 0 0 0 0 0 0 0 1]
 [0 0 0 0 0 0 0 0 0 0 0 1 0 0 0 0 0 0 0 0 0 0 0 0 0 0 1 0 0 0 0 0 0 0 0 0
  1 1 0 1 0 0 0 0 0 0 1 0 0 0 1 0 0 1 1 0 0 0 0 0 0 0 0 0 0 1 0 1 0 0 0 0
  0 0 0 1 0 0 0 0 0]
 [0 1 0 0 0 1 0 0 0 0 0 0 0 0 0 0 0 1 0 0 0 0 0 0 0 0 0 0 0 0 0 0 0 0 0 1
  0 0 0 0 0 0 0 0 0 0 0 1 1 0 0 0 0 0 0 0 0 0 0 0 1 0 0 0 0 0 0 0 0 0 0 0
  0 0 0 0 0 0 0 0 0]
 [0 0 0 0 0 0 0 0 0 0 1 0 0 0 0 0 0 0 0 0 0 0 0 0 0 0 0 0 0 0 0 0 0 0 0 0
  0 0 0 0 0 0 0 0 0 0 0 0 0 0 0 1 0 0 0 0 0 0 0 0 0 1 0 0 0 0 0 0 1 0 0 0
  0 0 0 0 0 1 0 0 0]
 [0 0 0 0 0 0 0 0 0 0 0 0 1 0 0 0 0 0 0 0 0 0 1 0 0 0 0 0 0 0 0 0 1 0 0 0
  0 0 0 0 0 0 0 0 1 0 0 0 0 1 0 0 0 0 0 0 1 0 0 1 0 0 0 0 0 0 0 0 0 0 0 0
  0 0 0 0 0 0 0 0 0]
 [0 0 0 1 0 0 0 0 0 0 0 0 0 0 0 0 1 0 0 0 1 0 0 0 0 0 0 1 1 0 0 0 0 0 0 0
  0 0 1 0 0 0 1 0 0 0 0 0 0 0 0 0 0 0 0 1 0 0 0 0 0 0 0 0 0 0 0 0 0 1 0 0
  0 0 0 0 0 0 1 0 0]
 [0 0 0 0 0 0 0 0 0 0 0 0 0 0 0 0 0 0 0 1 0 0 0 0 0 0 0 0 0 0 0 0 0 0 0 0
  0 0 0 0 0 0 0 0 0 0 0 0 0 0 0 0 0 0 0 0 0 1 0 0 0 0 0 1 1 0 0 0 0 0 0 0
  0 0 0 0 0 0 0 0 0]
 [0 0 0 0 0 0 1 1 0 0 0 0 0 0 0 1 0 0 0 0 0 0 0 0 0 1 0 0 0 0 0 0 0 0 0 0
  0 0 0 0 0 0 0 1 0 0 0 0 0 0 0 0 0 0 0 0 0 0 0 0 0 0 0 0 0 0 0 0 0 0 1 0
  0 0 1 0 0 0 0 0 0]]
end
