mac
5
end
job
80
end
fam
12
end
proc_times
[[  0   4  50  41  11  44   7  79  51  44  41  46  49  18   6  13  54  20
   19  39  24  36  28  47   7  90  18  34  29  51  22  29   2  25  35  71
   40  19  31  15  93  39  72  87  57  16  56  91  24  25  90  33  88  99
   26  46  33  60  63  99   5 100  62  36  23  36  93  51  55  44  73  72
   67  92  58  54  63   3  27   1   2]
 [  0  48  22  88  47 100  29  25  36  95  48  59  19  53  27  30  32  96
   75  11  74  78  61  82  59  28  78  22  38  13  31  41  85  58  92  24
   37  95  47  10  25  12 100  84  31  17  10  16  26  87  64  42   5  41
   16  32  96  54  55  48  77  74 100  12  73  31  49  79  39  72  26  34
   68  27  99  30   1   8  44  79  99]
 [  0  94  16  14  62  67  27  16  35  98  20  74   4   8  94  95  70  39
   89  81  95  10  79  36  93  92  52  42  84  34  88  38  12  13  85  27
   81  89  17   2  43  51  44  50  19  64  71  67  38  66  46  81  66  79
   74  46  62  89  26  51  64  78  90  66  32  88  14  59  87  78  40  12
   43   6  88   9  94  89  60  16  97]
 [  0  81  16  83  98  76  15  45  94  56  94  36  87  80  76  93  16  66
   82  41   6  10  65  13  63  98  18  76  16  10  14  88 100  61  80  28
   98  47  42  70  93  35  35  13  97  54  52  23  77  92  56  84  58   1
   87  32   7  46  29   6  69  25  71  62   6  77  14  33  91  85  17  41
   47  51  62  26  34  71  16  96  72]
 [  0  76  96  77  78  42  10  57  23   4  64  61   4  31  50  81  58  43
   42  38  69  90  54  15   4   4  75   9  15  75  70  64  33  97  68  71
   44  88  66 100  63   5  12  20  11   3  22  85  43  38  24   6  42  81
   80  32  39  96  85  96  97  90  84  10  41  91  12   3  90  69  57  74
   76  70  60  76   7  29   5  30  38]]
end
weight
[[ 0 61 71 17 65 45 47 19  4 76 77 59 88 84 53 72 68 31 22 50 53 89  1 21
  10 77 80 72 41 62 63  9 21 25 86  8 94 88  8 14 98 67 89 98 24  1 68 39
  83 20 85 21 72 76 56 47 25 77 14 76 21 65 90 16 69 60 61 38 54  4 21 71
  38 55 15 29  6 78 50 69 80]]
end
setup_times
[[[ 0 30 53 35 45 40 58 30 37 50 34 34 59]
  [ 0  0 56 55 34 43 44 31 33 38 59 40 47]
  [ 0 55  0 39 31 43 52 57 39 49 33 57 37]
  [ 0 56 36  0 46 42 31 49 50 38 43 52 54]
  [ 0 48 45 51  0 55 57 53 38 57 53 59 51]
  [ 0 49 59 42 34  0 45 48 51 30 41 37 41]
  [ 0 35 52 34 38 38  0 45 31 34 30 36 56]
  [ 0 58 50 30 32 36 37  0 31 56 33 41 51]
  [ 0 35 33 49 56 41 32 32  0 54 46 41 35]
  [ 0 31 41 58 57 45 32 47 36  0 31 45 32]
  [ 0 56 53 51 58 59 49 55 41 53  0 42 54]
  [ 0 55 55 32 54 52 35 39 50 35 51  0 50]
  [ 0 44 47 32 41 52 38 30 35 51 31 51  0]]

 [[ 0 57 44 57 36 51 41 51 48 48 43 57 49]
  [ 0  0 52 55 42 51 44 41 57 49 39 58 51]
  [ 0 55  0 56 30 55 38 57 45 34 51 41 50]
  [ 0 56 30  0 39 37 55 54 43 31 33 32 38]
  [ 0 32 57 41  0 42 40 36 32 41 37 54 58]
  [ 0 34 45 34 46  0 39 33 56 37 55 35 40]
  [ 0 45 49 35 38 39  0 37 58 57 50 51 53]
  [ 0 34 30 56 49 34 57  0 42 43 44 35 47]
  [ 0 57 34 56 31 37 38 36  0 37 36 51 46]
  [ 0 45 57 46 53 47 47 37 51  0 56 44 56]
  [ 0 47 35 54 50 42 42 37 53 44  0 31 45]
  [ 0 36 52 33 47 44 36 39 44 55 47  0 57]
  [ 0 45 46 41 30 37 31 30 35 59 35 37  0]]

 [[ 0 38 46 45 43 59 34 53 46 39 35 48 48]
  [ 0  0 33 33 39 54 51 55 46 58 55 36 32]
  [ 0 32  0 39 44 36 49 30 37 40 32 52 32]
  [ 0 37 36  0 52 32 48 59 44 36 47 49 56]
  [ 0 48 54 34  0 40 34 51 38 36 53 39 44]
  [ 0 59 54 40 47  0 47 47 57 41 42 52 53]
  [ 0 33 55 47 47 42  0 30 44 42 58 46 47]
  [ 0 46 44 37 45 48 51  0 30 30 36 56 44]
  [ 0 58 58 41 38 30 31 50  0 51 39 52 57]
  [ 0 35 36 32 47 37 59 30 58  0 47 41 35]
  [ 0 54 36 51 31 38 42 42 32 37  0 31 39]
  [ 0 37 46 55 35 59 48 41 52 56 56  0 56]
  [ 0 45 41 43 42 39 30 48 54 50 35 45  0]]

 [[ 0 36 42 44 57 44 56 53 34 50 55 37 59]
  [ 0  0 54 58 45 46 58 32 44 32 51 46 42]
  [ 0 41  0 43 49 33 51 55 56 55 31 54 35]
  [ 0 39 37  0 56 30 31 56 48 49 53 48 39]
  [ 0 41 36 41  0 31 53 52 35 54 56 44 40]
  [ 0 40 46 39 46  0 57 57 57 33 50 36 49]
  [ 0 37 33 56 36 40  0 40 49 56 30 54 58]
  [ 0 49 51 31 39 43 55  0 30 42 31 48 36]
  [ 0 55 30 48 32 42 42 46  0 39 59 58 41]
  [ 0 53 31 50 43 46 58 42 35  0 42 38 30]
  [ 0 31 30 42 55 39 42 55 45 59  0 53 33]
  [ 0 43 33 51 38 40 50 57 48 35 35  0 47]
  [ 0 37 34 43 31 57 47 51 38 43 52 32  0]]

 [[ 0 57 36 40 50 48 50 54 41 38 44 44 37]
  [ 0  0 42 55 41 52 53 54 40 54 59 44 37]
  [ 0 42  0 35 36 55 49 34 49 57 39 31 32]
  [ 0 48 33  0 42 56 38 34 50 40 59 40 41]
  [ 0 49 56 45  0 47 39 37 35 56 53 54 34]
  [ 0 53 52 45 51  0 50 42 55 51 50 52 44]
  [ 0 38 42 41 40 55  0 55 54 37 44 31 40]
  [ 0 43 56 56 40 42 31  0 33 56 34 49 46]
  [ 0 31 41 59 54 59 43 48  0 57 59 34 52]
  [ 0 45 44 35 48 46 53 48 40  0 58 30 35]
  [ 0 35 47 54 54 46 38 37 48 37  0 34 40]
  [ 0 39 56 41 49 40 33 49 51 47 31  0 39]
  [ 0 48 50 46 30 49 43 31 35 43 37 31  0]]]
end
fixed_cost
[[2568 2587 2558 2553 2555]]
end
unit_cost
[[53 42 59 43 57]]
end
job2fam
[[1 0 0 0 0 0 0 0 0 0 0 0 0 0 0 0 0 0 0 0 0 0 0 0 0 0 0 0 0 0 0 0 0 0 0 0
  0 0 0 0 0 0 0 0 0 0 0 0 0 0 0 0 0 0 0 0 0 0 0 0 0 0 0 0 0 0 0 0 0 0 0 0
  0 0 0 0 0 0 0 0 0]
 [0 0 1 0 0 0 0 0 0 0 0 0 0 0 1 0 0 0 1 0 0 0 0 1 0 0 0 0 0 0 0 0 0 0 1 0
  0 0 0 0 0 0 0 0 0 0 0 0 0 0 0 0 0 0 0 0 0 0 0 0 0 0 0 0 0 0 0 0 0 0 0 0
  1 0 0 0 0 0 0 0 0]
 [0 0 0 0 1 0 0 0 0 0 0 0 0 0 0 0 0 0 0 0 0 0 0 0 0 0 0 0 0 0 1 1 0 0 0 0
  0 0 0 0 0 0 0 0 0 1 0 0 0 0 0 0 1 0 0 0 0 0 0 0 0 0 0 0 0 0 0 0 0 0 0 0
  0 1 0 0 0 0 0 0 0]
 [0 0 0 0 0 0 0 0 1 0 0 0 0 0 0 0 0 0 0 0 0 1 0 0 0 0 0 0 0 0 0 0 0 0 0 0
  0 0 0 0 0 1 0 0 0 0 0 0 0 0 0 0 0 0 0 0 0 0 0 0 0 0 0 0 0 0 0 0 0 0 0 0
  0 0 0 0 0 0 0 0 0]
 [0 0 0 0 0 0 0 0 0 0 0 0 0 1 0 0 0 0 0 0 0 0 0 0 0 0 0 0 0 1 0 0 0 1 0 0
  0 0 0 0 0 0 0 0 0 0 0 0 0 0 0 0 0 0 0 0 0 0 0 0 0 0 0 0 0 0 0 0 0 0 0 1
  0 0 0 0 1 0 0 1 0]
 [0 0 0 0 0 0 0 0 0 1 0 0 0 0 0 0 0 0 0 0 0 0 0 0 1 0 0 0 0 0 0 0 0 0 0 0
  0 0 0 0 1 0 0 0 0 0 0 0 0 0 0 0 0 0 0 0 0 0 1 0 0 0 1 0 0 0 1 0 0 0 0 0
  0 0 0 0 0 0 0 0 1]
 [0 0 0 0 0 0 0 0 0 0 0 1 0 0 0 0 0 0 0 0 0 0 0 0 0 0 1 0 0 0 0 0 0 0 0 0
  1 1 0 1 0 0 0 0 0 0 1 0 0 0 1 0 0 1 1 0 0 0 0 0 0 0 0 0 0 1 0 1 0 0 0 0
  0 0 0 1 0 0 0 0 0]
 [0 1 0 0 0 1 0 0 0 0 0 0 0 0 0 0 0 1 0 0 0 0 0 0 0 0 0 0 0 0 0 0 0 0 0 1
  0 0 0 0 0 0 0 0 0 0 0 1 1 0 0 0 0 0 0 0 0 0 0 0 1 0 0 0 0 0 0 0 0 0 0 0
  0 0 0 0 0 0 0 0 0]
 [0 0 0 0 0 0 0 0 0 0 1 0 0 0 0 0 0 0 0 0 0 0 0 0 0 0 0 0 0 0 0 0 0 0 0 0
  0 0 0 0 0 0 0 0 0 0 0 0 0 0 0 1 0 0 0 0 0 0 0 0 0 1 0 0 0 0 0 0 1 0 0 0
  0 0 0 0 0 1 0 0 0]
 [0 0 0 0 0 0 0 0 0 0 0 0 1 0 0 0 0 0 0 0 0 0 1 0 0 0 0 0 0 0 0 0 1 0 0 0
  0 0 0 0 0 0 0 0 1 0 0 0 0 1 0 0 0 0 0 0 1 0 0 1 0 0 0 0 0 0 0 0 0 0 0 0
  0 0 0 0 0 0 0 0 0]
 [0 0 0 1 0 0 0 0 0 0 0 0 0 0 0 0 1 0 0 0 1 0 0 0 0 0 0 1 1 0 0 0 0 0 0 0
  0 0 1 0 0 0 1 0 0 0 0 0 0 0 0 0 0 0 0 1 0 0 0 0 0 0 0 0 0 0 0 0 0 1 0 0
  0 0 0 0 0 0 1 0 0]
 [0 0 0 0 0 0 0 0 0 0 0 0 0 0 0 0 0 0 0 1 0 0 0 0 0 0 0 0 0 0 0 0 0 0 0 0
  0 0 0 0 0 0 0 0 0 0 0 0 0 0 0 0 0 0 0 0 0 1 0 0 0 0 0 1 1 0 0 0 0 0 0 0
  0 0 0 0 0 0 0 0 0]
 [0 0 0 0 0 0 1 1 0 0 0 0 0 0 0 1 0 0 0 0 0 0 0 0 0 1 0 0 0 0 0 0 0 0 0 0
  0 0 0 0 0 0 0 1 0 0 0 0 0 0 0 0 0 0 0 0 0 0 0 0 0 0 0 0 0 0 0 0 0 0 1 0
  0 0 1 0 0 0 0 0 0]]
end
