mac
5
end
job
80
end
fam
12
end
proc_times
[[  0  37  26  90  31  94  59  35  18  65  55  41  16  39  81  29   4  92
   75   2   2  37  37 100  37  91  29  32  68  27  64  31  75   2  36  28
   83  84  39  71   2   2  42  32  69  14  77  29  83   7  13  71  11  19
   37  46  71  39  53  15  29  88  22  92  38  27  24  38  77   4  49  27
    2  88  47  14  94  92  72   8  39]
 [  0  53  46  91  20  42   9  86  23  19  47  33  70  83   9   5  43  88
   44  53  91  18  58  25   5  68   3  81  69  74  49  11  94  33  91  12
   67  49  80  43  72  19  82  28  30  27  58  12  34  17  21   6   1  45
   82  95  46  41  82  47  34  92  32  61  14  80  53  41  79  22  49   9
   83  54  64  35  18  81  58  77  52]
 [  0  12  40  31  48  76  33  10  52   6  90  81  49  44   8  40  39  16
    2  13  91  22  44  86  23  68  76   5  24  98  67  18  85  16  12  49
    7  14  84  19  11  75  21  22  29  39   3  12  52  56  68  78  69  55
   64  58  25  23  92   1  65  90  20  44  79  15   8  67  58  98  43  47
   45  29  22   6  40   5  16  63  40]
 [  0   2  19  13   7  21  96  64  89  58  76  21  17  55  34  20  35  43
   61  16  46  27   4  28  44  78  46  28  27   2  94  35  66  56  21  85
   31  98  64  64  79  50  31  56   6  75  70  64  93  49  45  84  58  37
   58  61  24  76  45  22  62  86   9  69  67  10  74  53  80  41  18  67
   85  13  16  97  54   6  47  56  44]
 [  0  71  68  74  40  28  20  40  54  26  44   7  69  54  55  46  52  57
   42  61  44  86  13  79  61  52  37  65  76  28  52  41  88  76  95  36
   15  41  87  67  24  14  28  20  11  76  82   5  32  54  74  87  10  43
   39  92  36  29  55  72  65  79  14  65  45  79  91   1  56  49  49  17
   12  82  64  87  48  88  89  91  79]]
end
weight
[[ 0 76 87 23 72 12 94 90 57 10 17  9 82 97 10 57 78 31 93 69 56 57 26 29
  55 89 40  9 25 13 68 41 21 99 33 68 11 27 44 78 13 37 83  1 76 78 75 78
  40 72  3 52 68 87 53  6 34 12 25 47 81 92 83 56 21 20 35  3 92 23 85 97
  46 95 79  4 22 26  8 60 74]]
end
setup_times
[[[ 0 57 47 59 33 52 37 52 39 39 52 33 55]
  [ 0  0 42 50 51 43 47 49 49 46 47 33 40]
  [ 0 36  0 34 33 36 32 31 47 45 42 55 52]
  [ 0 58 46  0 46 55 47 53 46 59 57 59 57]
  [ 0 58 42 41  0 52 42 39 38 42 49 33 58]
  [ 0 44 36 49 49  0 43 30 44 56 53 41 43]
  [ 0 56 34 33 44 51  0 43 31 37 31 53 51]
  [ 0 48 32 58 50 34 39  0 49 48 57 40 40]
  [ 0 43 44 40 46 31 45 54  0 55 59 46 35]
  [ 0 52 49 59 32 33 31 48 56  0 48 53 37]
  [ 0 35 45 46 51 32 39 59 59 55  0 56 44]
  [ 0 54 45 31 32 38 50 30 50 31 37  0 30]
  [ 0 58 30 30 33 49 40 41 30 42 50 55  0]]

 [[ 0 50 58 36 49 34 50 38 30 37 44 58 31]
  [ 0  0 59 56 58 56 31 39 35 51 49 32 31]
  [ 0 47  0 56 56 46 47 57 50 33 56 37 44]
  [ 0 41 43  0 45 41 54 34 38 56 45 56 52]
  [ 0 59 44 43  0 49 48 59 32 52 37 50 59]
  [ 0 53 36 30 38  0 57 33 38 44 50 35 45]
  [ 0 39 48 58 52 55  0 56 50 48 43 53 57]
  [ 0 35 55 52 51 41 31  0 59 46 58 31 59]
  [ 0 45 33 53 58 57 41 56  0 31 41 49 40]
  [ 0 56 39 58 57 59 34 30 41  0 37 45 32]
  [ 0 45 40 55 46 51 36 54 55 44  0 51 53]
  [ 0 46 40 39 58 56 33 48 41 59 44  0 40]
  [ 0 37 56 37 32 55 59 45 56 58 35 59  0]]

 [[ 0 45 53 42 53 45 46 32 45 58 32 30 37]
  [ 0  0 31 54 46 34 38 44 38 41 34 52 46]
  [ 0 42  0 50 58 49 33 46 42 56 41 48 44]
  [ 0 48 38  0 32 50 36 53 48 30 31 58 46]
  [ 0 59 46 48  0 52 38 53 45 38 39 40 30]
  [ 0 41 33 44 41  0 41 59 56 48 32 46 53]
  [ 0 50 37 32 33 51  0 49 54 57 53 34 45]
  [ 0 56 55 41 32 38 52  0 35 51 42 53 46]
  [ 0 32 45 59 51 54 43 30  0 58 35 56 49]
  [ 0 39 53 49 37 49 43 32 30  0 37 59 46]
  [ 0 49 33 54 55 34 35 33 44 52  0 39 53]
  [ 0 40 43 53 33 33 42 44 44 59 39  0 31]
  [ 0 50 37 40 59 33 36 30 32 56 50 34  0]]

 [[ 0 59 53 33 41 53 38 43 33 31 52 50 40]
  [ 0  0 43 46 47 48 47 59 57 47 50 42 40]
  [ 0 51  0 54 37 45 40 37 54 46 40 42 54]
  [ 0 31 39  0 33 53 49 33 41 50 38 30 59]
  [ 0 43 56 50  0 41 44 46 56 42 32 46 33]
  [ 0 42 52 31 39  0 45 45 53 42 45 59 59]
  [ 0 44 57 38 57 53  0 36 50 54 31 53 44]
  [ 0 42 59 42 34 34 53  0 43 33 47 39 54]
  [ 0 42 54 59 55 54 55 43  0 44 39 34 55]
  [ 0 50 57 50 41 38 59 55 56  0 35 50 54]
  [ 0 43 52 37 36 54 31 32 58 55  0 37 49]
  [ 0 53 53 38 52 59 46 43 46 44 54  0 35]
  [ 0 49 43 48 30 48 57 38 42 59 39 38  0]]

 [[ 0 39 50 52 48 56 32 53 32 34 51 56 40]
  [ 0  0 49 48 47 48 59 54 35 32 41 45 37]
  [ 0 34  0 47 44 44 51 42 53 42 55 36 42]
  [ 0 56 40  0 54 38 45 39 40 37 32 56 37]
  [ 0 50 37 58  0 46 35 52 39 58 49 47 36]
  [ 0 43 46 30 36  0 57 42 48 51 55 51 41]
  [ 0 46 38 46 30 44  0 31 42 58 33 30 41]
  [ 0 37 55 50 51 43 54  0 43 41 56 44 46]
  [ 0 59 34 59 45 55 47 46  0 55 46 52 30]
  [ 0 57 47 40 54 30 32 44 36  0 57 54 34]
  [ 0 50 34 39 50 31 41 47 44 33  0 59 30]
  [ 0 42 51 56 46 48 43 45 41 56 42  0 35]
  [ 0 49 44 43 33 36 49 51 47 35 55 35  0]]]
end
fixed_cost
[[2431 2410 2407 2440 2365]]
end
unit_cost
[[55 50 53 41 58]]
end
job2fam
[[1 0 0 0 0 0 0 0 0 0 0 0 0 0 0 0 0 0 0 0 0 0 0 0 0 0 0 0 0 0 0 0 0 0 0 0
  0 0 0 0 0 0 0 0 0 0 0 0 0 0 0 0 0 0 0 0 0 0 0 0 0 0 0 0 0 0 0 0 0 0 0 0
  0 0 0 0 0 0 0 0 0]
 [0 0 1 0 0 0 0 0 0 0 0 0 0 0 1 0 0 0 1 0 0 0 0 1 0 0 0 0 0 0 0 0 0 0 1 0
  0 0 0 0 0 0 0 0 0 0 0 0 0 0 0 0 0 0 0 0 0 0 0 0 0 0 0 0 0 0 0 0 0 0 0 0
  1 0 0 0 0 0 0 0 0]
 [0 0 0 0 1 0 0 0 0 0 0 0 0 0 0 0 0 0 0 0 0 0 0 0 0 0 0 0 0 0 1 1 0 0 0 0
  0 0 0 0 0 0 0 0 0 1 0 0 0 0 0 0 1 0 0 0 0 0 0 0 0 0 0 0 0 0 0 0 0 0 0 0
  0 1 0 0 0 0 0 0 0]
 [0 0 0 0 0 0 0 0 1 0 0 0 0 0 0 0 0 0 0 0 0 1 0 0 0 0 0 0 0 0 0 0 0 0 0 0
  0 0 0 0 0 1 0 0 0 0 0 0 0 0 0 0 0 0 0 0 0 0 0 0 0 0 0 0 0 0 0 0 0 0 0 0
  0 0 0 0 0 0 0 0 0]
 [0 0 0 0 0 0 0 0 0 0 0 0 0 1 0 0 0 0 0 0 0 0 0 0 0 0 0 0 0 1 0 0 0 1 0 0
  0 0 0 0 0 0 0 0 0 0 0 0 0 0 0 0 0 0 0 0 0 0 0 0 0 0 0 0 0 0 0 0 0 0 0 1
  0 0 0 0 1 0 0 1 0]
 [0 0 0 0 0 0 0 0 0 1 0 0 0 0 0 0 0 0 0 0 0 0 0 0 1 0 0 0 0 0 0 0 0 0 0 0
  0 0 0 0 1 0 0 0 0 0 0 0 0 0 0 0 0 0 0 0 0 0 1 0 0 0 1 0 0 0 1 0 0 0 0 0
  0 0 0 0 0 0 0 0 1]
 [0 0 0 0 0 0 0 0 0 0 0 1 0 0 0 0 0 0 0 0 0 0 0 0 0 0 1 0 0 0 0 0 0 0 0 0
  1 1 0 1 0 0 0 0 0 0 1 0 0 0 1 0 0 1 1 0 0 0 0 0 0 0 0 0 0 1 0 1 0 0 0 0
  0 0 0 1 0 0 0 0 0]
 [0 1 0 0 0 1 0 0 0 0 0 0 0 0 0 0 0 1 0 0 0 0 0 0 0 0 0 0 0 0 0 0 0 0 0 1
  0 0 0 0 0 0 0 0 0 0 0 1 1 0 0 0 0 0 0 0 0 0 0 0 1 0 0 0 0 0 0 0 0 0 0 0
  0 0 0 0 0 0 0 0 0]
 [0 0 0 0 0 0 0 0 0 0 1 0 0 0 0 0 0 0 0 0 0 0 0 0 0 0 0 0 0 0 0 0 0 0 0 0
  0 0 0 0 0 0 0 0 0 0 0 0 0 0 0 1 0 0 0 0 0 0 0 0 0 1 0 0 0 0 0 0 1 0 0 0
  0 0 0 0 0 1 0 0 0]
 [0 0 0 0 0 0 0 0 0 0 0 0 1 0 0 0 0 0 0 0 0 0 1 0 0 0 0 0 0 0 0 0 1 0 0 0
  0 0 0 0 0 0 0 0 1 0 0 0 0 1 0 0 0 0 0 0 1 0 0 1 0 0 0 0 0 0 0 0 0 0 0 0
  0 0 0 0 0 0 0 0 0]
 [0 0 0 1 0 0 0 0 0 0 0 0 0 0 0 0 1 0 0 0 1 0 0 0 0 0 0 1 1 0 0 0 0 0 0 0
  0 0 1 0 0 0 1 0 0 0 0 0 0 0 0 0 0 0 0 1 0 0 0 0 0 0 0 0 0 0 0 0 0 1 0 0
  0 0 0 0 0 0 1 0 0]
 [0 0 0 0 0 0 0 0 0 0 0 0 0 0 0 0 0 0 0 1 0 0 0 0 0 0 0 0 0 0 0 0 0 0 0 0
  0 0 0 0 0 0 0 0 0 0 0 0 0 0 0 0 0 0 0 0 0 1 0 0 0 0 0 1 1 0 0 0 0 0 0 0
  0 0 0 0 0 0 0 0 0]
 [0 0 0 0 0 0 1 1 0 0 0 0 0 0 0 1 0 0 0 0 0 0 0 0 0 1 0 0 0 0 0 0 0 0 0 0
  0 0 0 0 0 0 0 1 0 0 0 0 0 0 0 0 0 0 0 0 0 0 0 0 0 0 0 0 0 0 0 0 0 0 1 0
  0 0 1 0 0 0 0 0 0]]
end
