mac
5
end
job
80
end
fam
12
end
proc_times
[[  0  83  34  35  94  48  36  59  25  59  59   6  42  31  56  55  66  52
   74  90  78  15  65  98  56  22  81  22  53  78  49  49  51  56  74  84
   13  42  31  24  27  28  18   4  92  39 100  57  28   9  70  80  46  32
    7  49  52  63  86  12  11   3  31  90  98  32  94  42   4  21  88  89
   73  98  32  87  43  12  82  49  13]
 [  0  81  23  40   9  97  75  87  60   1  21  36  12  99  19  59  63  99
   67  39  50  41  86   8  18  97  85   8  25  12  31  87  54  44  82  50
    9  28  52  14  66  44  36  23  57  18  77  50  54  94  73  78  36   3
   10  23  96   4  57  50   7  63  38  26   9  35  24   2  77  89  94  84
   67  64  77  56  18  94  26  21  78]
 [  0   2  83  58  95   7  99  45  87  50  37  54  61  49  39  50   4  75
   27  21  83  28  47  98  34  43  38  54  99  52  35  82  81  90  50  91
   31  52  89  23  28  68  17  79  97  47   3  93  54 100  45  49  31  27
   83  37  47  59  46  93  47  12  31  91  82  21  20  16  72  49   1  42
   26  13  56  38  50  19  79  66  42]
 [  0  10   8  66  11  30   9  57  91  61  10  65   5  75  64  13  60  74
   84  86   7  34  20  80  38  67  51  95  38  63  55 100  23  24  66  95
    2   2  29   3   4  40  78  14  68   2  54  61  80  99  19  67  37  70
   33  30  45  44  93  61  57  47  82  90  49  88  66  85  55  51  95  17
    9  88  38   3  18  81   4  13  96]
 [  0  71  31  70  99  28  44   3  74   5  60  27  93  38  54  77  95  97
   88  81  49  58  18  24  41  95  40  30  98  41  70  96  44  58  89  54
   81  92  92  25  34  68  59  53  59  24  77  60  18  44  91  77   1  62
   26  29   2  57  29  40  62  70  42  24  44  22  82  14  62  21  44  89
   93  34  33  28 100  33  53  32  28]]
end
weight
[[ 0 40 38 26 16 77 76  3 72 23  8 68 48 69 45 36 61 98 40 74 36 62 95  2
  16  5 86 45 33 54 86  2 78 23 34 41 47 74 83 45 20 25 13 45 39 12 90 31
   5 84 50  9 91 97 65  6 35 22 27 92 27 10 55 99 97 93  2 80 12 12 11 71
  41 10 66 21 60 53 17 45 28]]
end
setup_times
[[[ 0 43 50 44 59 36 52 59 32 31 52 30 39]
  [ 0  0 32 57 30 46 49 42 46 33 41 48 48]
  [ 0 59  0 39 47 55 34 58 37 56 48 35 38]
  [ 0 45 33  0 38 52 46 55 58 31 37 42 39]
  [ 0 41 58 30  0 58 56 39 51 40 39 32 54]
  [ 0 52 48 59 40  0 48 47 50 34 35 48 47]
  [ 0 38 52 33 32 33  0 45 31 33 37 44 54]
  [ 0 36 50 41 39 57 42  0 32 51 58 52 52]
  [ 0 42 59 47 35 45 37 32  0 39 47 48 55]
  [ 0 47 55 54 54 42 58 38 55  0 48 34 38]
  [ 0 47 48 53 57 44 35 54 34 34  0 58 47]
  [ 0 41 42 57 55 32 55 49 39 50 48  0 56]
  [ 0 33 47 30 37 44 57 31 53 51 52 34  0]]

 [[ 0 37 55 57 51 52 49 35 31 47 59 49 51]
  [ 0  0 34 43 59 49 36 50 41 48 58 32 41]
  [ 0 43  0 42 59 43 47 47 41 35 54 33 44]
  [ 0 56 50  0 55 35 53 55 39 49 54 33 42]
  [ 0 44 49 59  0 33 58 53 49 37 33 44 56]
  [ 0 45 53 43 59  0 54 31 32 48 48 59 39]
  [ 0 40 42 34 49 45  0 30 41 58 39 47 30]
  [ 0 47 51 54 48 59 35  0 47 49 37 34 38]
  [ 0 52 55 55 32 50 53 53  0 53 46 59 55]
  [ 0 50 33 48 35 51 50 32 36  0 55 52 41]
  [ 0 33 43 52 43 45 48 33 33 36  0 56 55]
  [ 0 56 38 55 46 46 32 52 58 55 45  0 51]
  [ 0 56 38 37 30 45 39 35 44 42 46 53  0]]

 [[ 0 51 34 31 39 48 42 41 41 56 46 52 39]
  [ 0  0 31 59 47 53 45 46 31 39 50 43 42]
  [ 0 41  0 56 47 52 54 56 39 44 45 44 35]
  [ 0 44 54  0 33 37 32 35 58 46 30 51 31]
  [ 0 34 34 38  0 35 41 52 56 30 51 31 49]
  [ 0 32 34 45 47  0 48 43 56 40 53 51 33]
  [ 0 30 53 49 55 48  0 54 45 34 53 33 51]
  [ 0 52 39 33 33 51 53  0 31 31 58 31 46]
  [ 0 54 45 58 58 36 42 53  0 42 58 56 56]
  [ 0 34 35 37 51 35 55 42 54  0 46 53 48]
  [ 0 55 55 53 49 49 48 59 39 31  0 32 48]
  [ 0 36 37 39 37 56 51 53 43 33 47  0 40]
  [ 0 34 40 36 46 33 38 50 44 51 39 58  0]]

 [[ 0 47 31 44 50 51 53 57 48 53 30 44 35]
  [ 0  0 51 46 36 35 44 59 36 45 42 58 43]
  [ 0 54  0 34 31 38 35 36 44 49 54 50 31]
  [ 0 31 43  0 57 42 56 53 52 45 52 32 35]
  [ 0 36 48 52  0 47 49 33 35 31 31 58 40]
  [ 0 50 45 48 56  0 30 54 44 30 46 33 41]
  [ 0 52 50 36 44 38  0 33 56 31 54 58 50]
  [ 0 55 59 45 44 43 53  0 44 59 41 32 36]
  [ 0 44 39 30 53 40 35 54  0 49 32 57 56]
  [ 0 53 47 50 51 37 32 32 40  0 55 30 54]
  [ 0 50 34 41 45 35 35 55 32 33  0 38 56]
  [ 0 45 57 40 50 58 45 58 36 46 34  0 58]
  [ 0 53 58 44 36 43 43 58 32 35 43 57  0]]

 [[ 0 58 42 51 30 49 52 53 55 45 55 50 48]
  [ 0  0 56 57 46 35 44 57 41 34 36 31 58]
  [ 0 49  0 40 42 30 54 33 53 55 55 32 51]
  [ 0 47 59  0 31 42 46 51 37 38 50 46 49]
  [ 0 53 31 49  0 45 46 59 40 59 57 56 41]
  [ 0 50 42 38 58  0 36 59 33 32 54 41 53]
  [ 0 52 52 32 43 53  0 41 40 47 35 51 55]
  [ 0 30 39 42 39 43 45  0 32 49 34 39 36]
  [ 0 59 34 54 55 58 41 58  0 43 37 40 38]
  [ 0 46 41 31 32 34 37 48 36  0 39 56 35]
  [ 0 55 51 55 33 35 36 50 51 34  0 55 53]
  [ 0 32 38 36 53 41 36 50 53 53 58  0 57]
  [ 0 35 55 59 42 37 59 39 31 32 51 30  0]]]
end
fixed_cost
[[2529 2503 2518 2513 2483]]
end
unit_cost
[[51 43 50 53 49]]
end
job2fam
[[1 0 0 0 0 0 0 0 0 0 0 0 0 0 0 0 0 0 0 0 0 0 0 0 0 0 0 0 0 0 0 0 0 0 0 0
  0 0 0 0 0 0 0 0 0 0 0 0 0 0 0 0 0 0 0 0 0 0 0 0 0 0 0 0 0 0 0 0 0 0 0 0
  0 0 0 0 0 0 0 0 0]
 [0 0 1 0 0 0 0 0 0 0 0 0 0 0 1 0 0 0 1 0 0 0 0 1 0 0 0 0 0 0 0 0 0 0 1 0
  0 0 0 0 0 0 0 0 0 0 0 0 0 0 0 0 0 0 0 0 0 0 0 0 0 0 0 0 0 0 0 0 0 0 0 0
  1 0 0 0 0 0 0 0 0]
 [0 0 0 0 1 0 0 0 0 0 0 0 0 0 0 0 0 0 0 0 0 0 0 0 0 0 0 0 0 0 1 1 0 0 0 0
  0 0 0 0 0 0 0 0 0 1 0 0 0 0 0 0 1 0 0 0 0 0 0 0 0 0 0 0 0 0 0 0 0 0 0 0
  0 1 0 0 0 0 0 0 0]
 [0 0 0 0 0 0 0 0 1 0 0 0 0 0 0 0 0 0 0 0 0 1 0 0 0 0 0 0 0 0 0 0 0 0 0 0
  0 0 0 0 0 1 0 0 0 0 0 0 0 0 0 0 0 0 0 0 0 0 0 0 0 0 0 0 0 0 0 0 0 0 0 0
  0 0 0 0 0 0 0 0 0]
 [0 0 0 0 0 0 0 0 0 0 0 0 0 1 0 0 0 0 0 0 0 0 0 0 0 0 0 0 0 1 0 0 0 1 0 0
  0 0 0 0 0 0 0 0 0 0 0 0 0 0 0 0 0 0 0 0 0 0 0 0 0 0 0 0 0 0 0 0 0 0 0 1
  0 0 0 0 1 0 0 1 0]
 [0 0 0 0 0 0 0 0 0 1 0 0 0 0 0 0 0 0 0 0 0 0 0 0 1 0 0 0 0 0 0 0 0 0 0 0
  0 0 0 0 1 0 0 0 0 0 0 0 0 0 0 0 0 0 0 0 0 0 1 0 0 0 1 0 0 0 1 0 0 0 0 0
  0 0 0 0 0 0 0 0 1]
 [0 0 0 0 0 0 0 0 0 0 0 1 0 0 0 0 0 0 0 0 0 0 0 0 0 0 1 0 0 0 0 0 0 0 0 0
  1 1 0 1 0 0 0 0 0 0 1 0 0 0 1 0 0 1 1 0 0 0 0 0 0 0 0 0 0 1 0 1 0 0 0 0
  0 0 0 1 0 0 0 0 0]
 [0 1 0 0 0 1 0 0 0 0 0 0 0 0 0 0 0 1 0 0 0 0 0 0 0 0 0 0 0 0 0 0 0 0 0 1
  0 0 0 0 0 0 0 0 0 0 0 1 1 0 0 0 0 0 0 0 0 0 0 0 1 0 0 0 0 0 0 0 0 0 0 0
  0 0 0 0 0 0 0 0 0]
 [0 0 0 0 0 0 0 0 0 0 1 0 0 0 0 0 0 0 0 0 0 0 0 0 0 0 0 0 0 0 0 0 0 0 0 0
  0 0 0 0 0 0 0 0 0 0 0 0 0 0 0 1 0 0 0 0 0 0 0 0 0 1 0 0 0 0 0 0 1 0 0 0
  0 0 0 0 0 1 0 0 0]
 [0 0 0 0 0 0 0 0 0 0 0 0 1 0 0 0 0 0 0 0 0 0 1 0 0 0 0 0 0 0 0 0 1 0 0 0
  0 0 0 0 0 0 0 0 1 0 0 0 0 1 0 0 0 0 0 0 1 0 0 1 0 0 0 0 0 0 0 0 0 0 0 0
  0 0 0 0 0 0 0 0 0]
 [0 0 0 1 0 0 0 0 0 0 0 0 0 0 0 0 1 0 0 0 1 0 0 0 0 0 0 1 1 0 0 0 0 0 0 0
  0 0 1 0 0 0 1 0 0 0 0 0 0 0 0 0 0 0 0 1 0 0 0 0 0 0 0 0 0 0 0 0 0 1 0 0
  0 0 0 0 0 0 1 0 0]
 [0 0 0 0 0 0 0 0 0 0 0 0 0 0 0 0 0 0 0 1 0 0 0 0 0 0 0 0 0 0 0 0 0 0 0 0
  0 0 0 0 0 0 0 0 0 0 0 0 0 0 0 0 0 0 0 0 0 1 0 0 0 0 0 1 1 0 0 0 0 0 0 0
  0 0 0 0 0 0 0 0 0]
 [0 0 0 0 0 0 1 1 0 0 0 0 0 0 0 1 0 0 0 0 0 0 0 0 0 1 0 0 0 0 0 0 0 0 0 0
  0 0 0 0 0 0 0 1 0 0 0 0 0 0 0 0 0 0 0 0 0 0 0 0 0 0 0 0 0 0 0 0 0 0 1 0
  0 0 1 0 0 0 0 0 0]]
end
