mac
5
end
job
90
end
fam
5
end
proc_times
[[  0  82  15 100  20  79  43  66   2  11  85  43  47  49  51  76  60  50
   11  24  39   3  21  37  53  15  63  44   6  12  65  56  25  86  13  81
    6  99  97  42  84  67  31  24  77  64  76   8  45   3  10  31   9   7
   77  57  97   2   8  76  55  70  53  98  71   2  91  99  31   5  15  69
   19  17  52   5  81  55  75  94  56  91  17  20  64  45  24  93   5  71
   11]
 [  0   8  78  37  38  17  34  88  47  43  48  52  64  52  96  64  52  18
   22   7  83  38  51   9  62  49  16   1  45  49   6  90  92  46  18  98
   61   2  28  20  33  85  90  25  42  84  22  52  49  35  63  30  24  48
   82  92  16  25  23  99  23   8  60  43  69  38  23  63  35  24   4  97
   81  15  72  58  13  93  87  17  63  14  54  88  38  47  13   3  37  63
   45]
 [  0  94  79  57  97  43  60  35  52  33  33  97  67  38  68  26  59  72
   98  27   2  94  71  72  49  53  72  83  82  89  30  81  46  31   1  19
    9  39  67  56   5  65  49  42  97  52  57  74  79  11   2  36  28  68
   29  41   4  22  41   8   5  97   6  32  59  84  80  48  55  95   3  44
   32  98  64  70  47   2  16  96  13  75  50  26  42  31  49  39  95  48
   77]
 [  0  64  61   6  77  59  26  90  15  79  39  24  34  15  81  31  96   3
   88  81 100   9  31   8  17  13  57  37  90  25  26  53  17  52  90  63
   71  63  19 100  18  71  89  88 100   2  46  62  18  51  95  42  77  90
   42   7  25  94  48  44  98   7  60  88  46  56  57  62  82  56  25  59
   40  32  64   3  56  14  50  65  21   7  74  36  42  81  47  40  40  62
   61]
 [  0  54  78  32  78   8  62  77  44  64  36  11  57  72  88  58  11  81
    8  51  20   5  25  41  89  60  11  31  90  26   3  74  17  43  85  54
   68   9   8  31   3  17  62  17  27  74  76  29  44  83  47  32  39  54
   69  58  72  58  52  15   8  30  71  73  18   5  26   1  65  62  72   9
   63  31  66  99  91  68  83  70  97  26  68  64  21  78  14  96  36  94
   25]]
end
weight
[[ 0 73 60  7 37 82 79 23  7 16 37  7  2 37 58  4 81 66 26 68 18  1 77 79
  13 21 87  8 38 98 18 43 13 99 90 39 22 17 21 19 99 97 44 76 73 31 47 69
  79 57 13 21 82 95 23 74 10 60 80 77 91  5 20 51 68 47  2 18 27 25 30 18
  19 52 93 84 49 92 74 22 32 95 37 55  5 65  4 48 68 26 55]]
end
setup_times
[[[ 0 53 51 30 47 57]
  [ 0  0 34 44 34 41]
  [ 0 41  0 39 51 50]
  [ 0 58 39  0 46 30]
  [ 0 52 57 56  0 37]
  [ 0 58 49 30 44  0]]

 [[ 0 33 52 56 32 51]
  [ 0  0 40 41 43 57]
  [ 0 33  0 51 59 49]
  [ 0 59 58  0 45 32]
  [ 0 32 44 51  0 46]
  [ 0 34 48 42 35  0]]

 [[ 0 31 41 50 32 41]
  [ 0  0 40 39 50 53]
  [ 0 55  0 51 40 41]
  [ 0 53 47  0 51 52]
  [ 0 38 52 31  0 59]
  [ 0 36 46 58 40  0]]

 [[ 0 31 54 48 40 47]
  [ 0  0 54 33 59 33]
  [ 0 32  0 46 59 49]
  [ 0 33 50  0 31 59]
  [ 0 31 35 31  0 48]
  [ 0 32 41 34 47  0]]

 [[ 0 48 42 52 52 42]
  [ 0  0 41 43 55 41]
  [ 0 43  0 49 33 41]
  [ 0 33 34  0 52 53]
  [ 0 44 33 56  0 58]
  [ 0 38 56 56 39  0]]]
end
fixed_cost
[[2428 2492 2473 2480 2508]]
end
unit_cost
[[47 53 53 47 56]]
end
job2fam
[[1 0 0 0 0 0 0 0 0 0 0 0 0 0 0 0 0 0 0 0 0 0 0 0 0 0 0 0 0 0 0 0 0 0 0 0
  0 0 0 0 0 0 0 0 0 0 0 0 0 0 0 0 0 0 0 0 0 0 0 0 0 0 0 0 0 0 0 0 0 0 0 0
  0 0 0 0 0 0 0 0 0 0 0 0 0 0 0 0 0 0 0]
 [0 0 1 0 1 0 0 0 0 0 0 0 0 0 0 0 0 0 1 0 0 0 0 1 0 0 0 1 0 0 1 0 0 0 0 0
  0 0 1 0 0 0 1 0 0 0 0 0 1 0 0 0 1 0 0 0 0 0 0 0 0 0 0 0 0 0 0 0 1 0 0 0
  1 0 1 0 0 1 0 1 1 0 1 0 0 0 1 0 0 1 0]
 [0 0 0 0 0 0 0 0 0 0 0 0 1 0 1 0 0 0 0 1 0 0 0 0 0 0 1 0 0 0 0 1 1 0 0 0
  0 0 0 0 0 0 0 0 0 1 0 0 0 1 0 0 0 0 1 0 1 1 1 1 1 0 0 0 0 0 0 0 0 0 1 0
  0 0 0 0 1 0 0 0 0 0 0 0 0 0 0 0 0 0 0]
 [0 1 0 0 0 0 0 1 0 1 1 0 0 1 0 1 0 0 0 0 1 1 1 0 0 0 0 0 0 1 0 0 0 0 1 1
  1 0 0 1 0 0 0 1 0 0 0 0 0 0 0 0 0 0 0 1 0 0 0 0 0 1 0 1 0 1 0 1 0 1 0 0
  0 1 0 0 0 0 1 0 0 1 0 0 0 0 0 1 1 0 1]
 [0 0 0 1 0 1 0 0 1 0 0 0 0 0 0 0 1 1 0 0 0 0 0 0 0 0 0 0 0 0 0 0 0 0 0 0
  0 0 0 0 1 1 0 0 1 0 1 1 0 0 1 1 0 0 0 0 0 0 0 0 0 0 1 0 0 0 1 0 0 0 0 1
  0 0 0 0 0 0 0 0 0 0 0 1 1 0 0 0 0 0 0]
 [0 0 0 0 0 0 1 0 0 0 0 1 0 0 0 0 0 0 0 0 0 0 0 0 1 1 0 0 1 0 0 0 0 1 0 0
  0 1 0 0 0 0 0 0 0 0 0 0 0 0 0 0 0 1 0 0 0 0 0 0 0 0 0 0 1 0 0 0 0 0 0 0
  0 0 0 1 0 0 0 0 0 0 0 0 0 1 0 0 0 0 0]]
end
