mac
5
end
job
90
end
fam
8
end
proc_times
[[  0  30  79  36   2  66  84  62  83  18  23  71  84  36  32  73   5  16
   55  64  18  66  28   9  64   2  69  63  33  40  17  73  67  81  24   2
   93  99  49  98   6  35  23   1  72  85  94   3  43  25  68  75  16  83
   24  10  40  71  46  61  80  78  23   1  15  76  87  71  71  69  83  54
   15  81   6  49  64  90  95  53  57 100  25  16  18  86  14  83  34 100
   13]
 [  0  57  68  48  38  69   6  80  93  64  63  91  38  75  39  97  40  82
   15  74  77  56  60  51  98  49  68  68  60  73  30  15  31  36  80  83
   13  54  77  34  92  10  95  12  96  79  66  21  87  91  45  93  95  19
   95   6   4  56   4  89  57  66  50   6  91  74  30  97  53  47  85  87
   54  77  79  32  72  87  27  87  14  50  93  84  86 100  25  69  41   9
   29]
 [  0  82  30  64  76  84  90  81   4  30  21  23  70  65  64  67  76  98
  100  65  94  95  43   8  63  37  53  69  28  95  32   1  99  12  31 100
   80  90  82  12  89  49  18   9  24  16  84  10  85  59  53  86   5  11
   93  59  92  49  66  99  93   1   1  85  21  68   6  56  16  71  26  26
   52  31   6  61  90  82  78  23  78  91  11  26  72  13  43   6  43 100
   64]
 [  0  88  75  65   1   5  47  20  43  79  38  32  26  86  87   4  93  52
   28  34  71  16  26  96  82  94  85  19  12  10  82  26  52  16   2  14
   15  61  13  39  56   2  13  75  44   5  14  85  39  71   4   9  73  49
   55  74  46  72  21   9  64  19  15  26  56  14  45  22  55  50  89  31
    1  30  57  10  82  17  24  95  91  17  22   4  18  96  51  48  81  73
    5]
 [  0  58  92  80  92 100  80  67  48  59  29  32  70  32  22  53  78  61
   21  90  13  44  82  90  58  22  67  76  52  46  34  19  37  28  31  28
   33  77  75  30  26  55  60  40  85  12  30  59  46  62  50   6  34  47
   73  81  79  20  76  72  66   4  74  32  10  86   9  91  81  68  51  64
   74  54  58   8  39  81  16   5  96   1  34   8  64  52  22  29  40  68
   26]]
end
weight
[[ 0 66  6 96 19 82 62 67 95 18 66 85 71 89 89 99 72 71 56 67 59 31 57 64
   1 69 70 46 16 19 24 81 57 48 14 57 92 30 15 26 61 79 48 99 41 20 53 71
  24 65 64 52 67 16 58 51 76 59 15  1 29 86 19 14  6 70 92 60 10 41 32 86
  11  2 85 17 13  5 36 36 19 31 33 49 45 67 12 47 91 59 19]]
end
setup_times
[[[ 0 37 44 53 57 41 48 47 35]
  [ 0  0 42 56 41 54 57 34 30]
  [ 0 37  0 43 31 41 37 57 30]
  [ 0 53 58  0 36 40 57 48 33]
  [ 0 49 54 46  0 57 35 44 37]
  [ 0 53 32 58 40  0 52 33 34]
  [ 0 51 49 42 35 51  0 56 39]
  [ 0 53 48 43 43 53 30  0 47]
  [ 0 52 41 53 45 30 33 52  0]]

 [[ 0 40 40 44 49 54 44 44 45]
  [ 0  0 40 55 43 38 59 58 32]
  [ 0 42  0 58 53 56 39 58 40]
  [ 0 31 50  0 39 59 46 39 54]
  [ 0 39 49 58  0 38 40 30 42]
  [ 0 36 56 55 53  0 56 39 56]
  [ 0 55 44 45 37 55  0 49 40]
  [ 0 58 44 46 57 32 33  0 43]
  [ 0 37 46 35 33 31 56 34  0]]

 [[ 0 34 46 49 44 52 42 57 31]
  [ 0  0 49 41 38 51 49 52 47]
  [ 0 54  0 56 45 52 54 35 43]
  [ 0 39 54  0 43 56 53 54 30]
  [ 0 57 49 59  0 54 54 41 45]
  [ 0 42 45 54 58  0 46 48 41]
  [ 0 59 35 50 42 53  0 32 52]
  [ 0 48 38 41 42 46 31  0 46]
  [ 0 35 38 47 42 39 45 47  0]]

 [[ 0 43 35 39 54 36 56 59 51]
  [ 0  0 46 42 51 55 36 49 44]
  [ 0 34  0 33 35 42 51 48 37]
  [ 0 30 50  0 34 31 45 30 57]
  [ 0 56 59 58  0 58 47 51 41]
  [ 0 48 54 37 33  0 41 53 38]
  [ 0 42 51 40 47 58  0 47 40]
  [ 0 31 32 31 58 31 35  0 44]
  [ 0 39 39 49 31 42 35 59  0]]

 [[ 0 52 43 56 41 46 54 55 58]
  [ 0  0 50 40 52 34 36 37 46]
  [ 0 59  0 30 33 46 35 31 36]
  [ 0 30 53  0 33 50 56 43 43]
  [ 0 49 40 52  0 54 30 38 51]
  [ 0 44 38 30 41  0 58 32 39]
  [ 0 51 59 30 48 56  0 59 50]
  [ 0 31 39 40 44 42 46  0 56]
  [ 0 57 49 34 48 43 37 48  0]]]
end
fixed_cost
[[2253 2263 2270 2278 2248]]
end
unit_cost
[[47 43 47 44 41]]
end
job2fam
[[1 0 0 0 0 0 0 0 0 0 0 0 0 0 0 0 0 0 0 0 0 0 0 0 0 0 0 0 0 0 0 0 0 0 0 0
  0 0 0 0 0 0 0 0 0 0 0 0 0 0 0 0 0 0 0 0 0 0 0 0 0 0 0 0 0 0 0 0 0 0 0 0
  0 0 0 0 0 0 0 0 0 0 0 0 0 0 0 0 0 0 0]
 [0 1 0 0 0 0 0 1 0 0 0 0 0 0 0 0 0 0 0 0 1 1 0 0 0 1 0 1 0 0 0 0 0 0 0 0
  0 0 0 0 0 0 0 0 0 0 0 0 0 0 0 0 0 0 0 0 0 1 0 0 0 0 0 0 1 0 0 0 0 0 0 0
  1 0 0 1 0 0 0 1 0 1 1 0 0 0 0 0 0 0 0]
 [0 0 0 0 0 0 0 0 0 0 0 1 0 0 0 0 0 0 0 0 0 0 0 0 0 0 0 0 0 0 0 0 0 0 0 0
  0 0 1 0 0 0 0 0 0 0 0 0 1 0 0 0 1 0 0 0 1 0 0 1 0 0 0 0 0 0 0 0 0 0 0 0
  0 0 1 0 1 0 0 0 0 0 0 1 0 0 0 0 1 0 0]
 [0 0 0 0 1 0 0 0 0 0 1 0 0 0 0 0 0 0 0 0 0 0 0 0 0 0 0 0 0 0 0 0 0 0 0 0
  0 0 0 1 0 0 1 0 0 0 0 1 0 1 0 0 0 0 1 1 0 0 0 0 0 0 0 0 0 0 0 1 0 0 0 0
  0 0 0 0 0 0 0 0 0 0 0 0 1 0 0 0 0 0 1]
 [0 0 0 1 0 0 1 0 0 1 0 0 0 0 1 0 1 0 0 0 0 0 0 1 0 0 1 0 0 1 0 1 0 0 0 1
  1 0 0 0 0 0 0 0 0 0 0 0 0 0 0 1 0 0 0 0 0 0 1 0 0 0 0 0 0 0 0 0 1 0 0 0
  0 1 0 0 0 0 1 0 0 0 0 0 0 0 0 0 0 0 0]
 [0 0 0 0 0 0 0 0 1 0 0 0 1 1 0 1 0 0 0 0 0 0 0 0 0 0 0 0 1 0 1 0 0 1 0 0
  0 0 0 0 1 0 0 1 0 0 0 0 0 0 0 0 0 0 0 0 0 0 0 0 1 0 0 0 0 0 0 0 0 0 1 0
  0 0 0 0 0 0 0 0 0 0 0 0 0 0 0 0 0 0 0]
 [0 0 0 0 0 0 0 0 0 0 0 0 0 0 0 0 0 1 0 0 0 0 0 0 0 0 0 0 0 0 0 0 1 0 0 0
  0 0 0 0 0 0 0 0 1 1 0 0 0 0 1 0 0 1 0 0 0 0 0 0 0 1 1 1 0 0 0 0 0 1 0 0
  0 0 0 0 0 0 0 0 1 0 0 0 0 0 0 0 0 1 0]
 [0 0 0 0 0 1 0 0 0 0 0 0 0 0 0 0 0 0 1 1 0 0 1 0 0 0 0 0 0 0 0 0 0 0 1 0
  0 0 0 0 0 0 0 0 0 0 1 0 0 0 0 0 0 0 0 0 0 0 0 0 0 0 0 0 0 0 1 0 0 0 0 0
  0 0 0 0 0 1 0 0 0 0 0 0 0 0 0 1 0 0 0]
 [0 0 1 0 0 0 0 0 0 0 0 0 0 0 0 0 0 0 0 0 0 0 0 0 1 0 0 0 0 0 0 0 0 0 0 0
  0 1 0 0 0 1 0 0 0 0 0 0 0 0 0 0 0 0 0 0 0 0 0 0 0 0 0 0 0 1 0 0 0 0 0 1
  0 0 0 0 0 0 0 0 0 0 0 0 0 1 1 0 0 0 0]]
end
