mac
5
end
job
90
end
fam
8
end
proc_times
[[  0  28  68  33  64  46 100  70  51  71  48  66  47  30  32  30  17  99
   16   9  98  80   5  91  84  80  69   5  87  79  48  42  43  50  21  50
   86  73  58  32   3  86  19  31   9  53 100  20  96  89 100  39  82  51
   96  93  46  98  17  89   3  57  39  66  57  69  49  33  65  39  68  53
    5  54  78  97  25  32  90  31  27  35  99  20  90  63  29  72  21  19
   28]
 [  0  25  58  80  67  17  88  83  51  32  97  57  46  13  55   2  79  44
   23  21   1  65  67  56  55  20  11  27  82   5   7   9  42  50  56  92
   16  19  75  50  91  37  47  62  53  17  68  48  87  26  15  14  46  40
   16  42  26  23  64  96  86  68  24  82  40  77  27  31  11  77  72  76
   11   1  76  68  96  21  78   7  71  13  88  23  37  79  25  59  19  41
   80]
 [  0  22  46  71  82  97  28  69  64  33  35  62  73  45  91  30  96  54
   31  93  69  81   2  20  86  96  19  79  16  97   1  89  28  32  11  80
   49  50  21  19  69  74  65  16  42  80  47  42  49  27  93  19  40  65
   94  84   8   3  77  51  37  13  73  25  95  49  56  44  81  69  53  90
   57  32  78  67 100  63  97   5  68  24  84  13  26  34  95  27  52  86
   34]
 [  0  63  73  20  75   8  71  84  32  97  67  43  86  85  73  82  67  27
   33  63   3  47  46   5  43  63  70  93  52  24  10  49  91  11  32  64
   11  23  43  93  38  95  83  29  48  91  30  43  95  64  70  16  57   4
   18  19  24  81  80  72  48  26  67  66  86  64  98  17  13  46  83  84
   46  67  33  87  81  12  56  21  38  41  30  54  20  86  44  24  91   7
   34]
 [  0  19  74  87  51  95  95  67  82  84  17  24  23  68   4  44  57  81
   82  67  53  14  81  53  88  98  32  68  16  59  33  90  78  30  73   7
   77  12  17  66  57  74  61  51  23  91  38   8  75  27  78  27  29  75
   57  11  47  75  31  76  44  12  80  75  47  90  65  70  33  85  72  89
   93  16  85  46  62  85  12  72  64  44  48  86  11  41  77  68  59  13
   70]]
end
weight
[[ 0 74 92 28 56 48 75 70 20 66 83 14 57 87 92 56 35 68 82 40 49 80 31 34
  46 81 17 50 61 39 83 78 50 12 17  4 67  4 71 87 30 75  4 79 37 66 27 81
  97 23 17 78  4 15 81 29 63 22 95 88 45 37 43 94 74 55 52  5 45 84 66 22
   6 58 62 50 51 41 10 32 99 89 25 99 32 98 22 19 92 14 92]]
end
setup_times
[[[ 0 59 41 47 55 31 41 56 38]
  [ 0  0 42 39 47 56 37 34 51]
  [ 0 58  0 54 53 57 58 32 53]
  [ 0 43 52  0 54 54 39 54 33]
  [ 0 49 36 42  0 51 45 32 32]
  [ 0 51 50 47 41  0 42 51 32]
  [ 0 51 33 42 33 36  0 59 51]
  [ 0 51 32 57 55 50 44  0 34]
  [ 0 52 57 59 50 32 49 58  0]]

 [[ 0 42 50 57 55 59 59 39 40]
  [ 0  0 47 52 44 49 47 54 54]
  [ 0 49  0 42 34 38 58 50 34]
  [ 0 36 44  0 40 48 41 49 50]
  [ 0 52 39 36  0 38 44 45 33]
  [ 0 46 39 53 58  0 34 46 44]
  [ 0 32 30 38 40 37  0 48 30]
  [ 0 37 31 35 48 35 58  0 30]
  [ 0 45 36 33 32 35 42 39  0]]

 [[ 0 47 37 54 53 38 53 55 30]
  [ 0  0 57 59 33 30 35 39 33]
  [ 0 49  0 49 46 46 59 33 58]
  [ 0 45 35  0 54 52 38 45 45]
  [ 0 47 31 41  0 40 43 32 48]
  [ 0 42 41 59 56  0 42 54 54]
  [ 0 40 51 35 58 51  0 45 33]
  [ 0 58 58 39 32 45 52  0 56]
  [ 0 32 42 42 56 44 58 46  0]]

 [[ 0 49 30 34 36 55 42 51 42]
  [ 0  0 35 50 55 31 41 34 32]
  [ 0 41  0 40 59 32 51 44 56]
  [ 0 33 50  0 43 31 55 52 53]
  [ 0 43 58 56  0 37 38 48 46]
  [ 0 38 50 30 54  0 39 31 54]
  [ 0 50 43 34 52 58  0 50 39]
  [ 0 46 38 42 47 35 43  0 44]
  [ 0 32 32 54 46 55 36 51  0]]

 [[ 0 48 42 33 45 38 42 50 44]
  [ 0  0 44 53 48 41 59 51 41]
  [ 0 35  0 45 54 54 56 54 38]
  [ 0 48 53  0 46 43 40 30 32]
  [ 0 46 55 50  0 53 35 53 34]
  [ 0 55 59 33 46  0 56 35 34]
  [ 0 58 30 37 42 47  0 53 59]
  [ 0 37 57 57 56 53 43  0 54]
  [ 0 55 56 47 53 46 56 46  0]]]
end
fixed_cost
[[2828 2836 2835 2830 2807]]
end
unit_cost
[[51 62 55 51 51]]
end
job2fam
[[1 0 0 0 0 0 0 0 0 0 0 0 0 0 0 0 0 0 0 0 0 0 0 0 0 0 0 0 0 0 0 0 0 0 0 0
  0 0 0 0 0 0 0 0 0 0 0 0 0 0 0 0 0 0 0 0 0 0 0 0 0 0 0 0 0 0 0 0 0 0 0 0
  0 0 0 0 0 0 0 0 0 0 0 0 0 0 0 0 0 0 0]
 [0 1 0 0 0 0 0 1 0 0 0 0 0 0 0 0 0 0 0 0 1 1 0 0 0 1 0 1 0 0 0 0 0 0 0 0
  0 0 0 0 0 0 0 0 0 0 0 0 0 0 0 0 0 0 0 0 0 1 0 0 0 0 0 0 1 0 0 0 0 0 0 0
  1 0 0 1 0 0 0 1 0 1 1 0 0 0 0 0 0 0 0]
 [0 0 0 0 0 0 0 0 0 0 0 1 0 0 0 0 0 0 0 0 0 0 0 0 0 0 0 0 0 0 0 0 0 0 0 0
  0 0 1 0 0 0 0 0 0 0 0 0 1 0 0 0 1 0 0 0 1 0 0 1 0 0 0 0 0 0 0 0 0 0 0 0
  0 0 1 0 1 0 0 0 0 0 0 1 0 0 0 0 1 0 0]
 [0 0 0 0 1 0 0 0 0 0 1 0 0 0 0 0 0 0 0 0 0 0 0 0 0 0 0 0 0 0 0 0 0 0 0 0
  0 0 0 1 0 0 1 0 0 0 0 1 0 1 0 0 0 0 1 1 0 0 0 0 0 0 0 0 0 0 0 1 0 0 0 0
  0 0 0 0 0 0 0 0 0 0 0 0 1 0 0 0 0 0 1]
 [0 0 0 1 0 0 1 0 0 1 0 0 0 0 1 0 1 0 0 0 0 0 0 1 0 0 1 0 0 1 0 1 0 0 0 1
  1 0 0 0 0 0 0 0 0 0 0 0 0 0 0 1 0 0 0 0 0 0 1 0 0 0 0 0 0 0 0 0 1 0 0 0
  0 1 0 0 0 0 1 0 0 0 0 0 0 0 0 0 0 0 0]
 [0 0 0 0 0 0 0 0 1 0 0 0 1 1 0 1 0 0 0 0 0 0 0 0 0 0 0 0 1 0 1 0 0 1 0 0
  0 0 0 0 1 0 0 1 0 0 0 0 0 0 0 0 0 0 0 0 0 0 0 0 1 0 0 0 0 0 0 0 0 0 1 0
  0 0 0 0 0 0 0 0 0 0 0 0 0 0 0 0 0 0 0]
 [0 0 0 0 0 0 0 0 0 0 0 0 0 0 0 0 0 1 0 0 0 0 0 0 0 0 0 0 0 0 0 0 1 0 0 0
  0 0 0 0 0 0 0 0 1 1 0 0 0 0 1 0 0 1 0 0 0 0 0 0 0 1 1 1 0 0 0 0 0 1 0 0
  0 0 0 0 0 0 0 0 1 0 0 0 0 0 0 0 0 1 0]
 [0 0 0 0 0 1 0 0 0 0 0 0 0 0 0 0 0 0 1 1 0 0 1 0 0 0 0 0 0 0 0 0 0 0 1 0
  0 0 0 0 0 0 0 0 0 0 1 0 0 0 0 0 0 0 0 0 0 0 0 0 0 0 0 0 0 0 1 0 0 0 0 0
  0 0 0 0 0 1 0 0 0 0 0 0 0 0 0 1 0 0 0]
 [0 0 1 0 0 0 0 0 0 0 0 0 0 0 0 0 0 0 0 0 0 0 0 0 1 0 0 0 0 0 0 0 0 0 0 0
  0 1 0 0 0 1 0 0 0 0 0 0 0 0 0 0 0 0 0 0 0 0 0 0 0 0 0 0 0 1 0 0 0 0 0 1
  0 0 0 0 0 0 0 0 0 0 0 0 0 1 1 0 0 0 0]]
end
