mac
5
end
job
90
end
fam
8
end
proc_times
[[  0  64  51   9  32  90  76  41  97  68  89  20  96  13  75  46  27  15
   65  39  41  95  71  61  91  46  51  28  51  56  86  77   3  68  61  13
   40  95  12  42  61  11   3  20  78  78  26  36  41   1  20  66  61   3
   61  96   2  62   9  14  65 100  43   7  57  82  24  56  37  47  76  88
   85  22  89  27  49  65  15  87  59  41  45  26   1   2  26  99  68  75
  100]
 [  0  72  25  80  31  27  49 100  93  51  45  12  85  32  34   5   1   3
   84  27  96  55  50  85  80  41  92  82  49  77  49  52  68  17   2  52
   13  57  91  11  10  13   2  97  84  21  81  93  29  50  57  74  69  75
   78  69  85   3  66  40  39  90  72  19  10  16  72  45  84  60  44  19
   29  72  80  13  50  85  21  53  45  26  77  42  14  49  73  40  99  91
   87]
 [  0   7  34  23  10  91  23  79  37  29  75  97  41  90  89  71  84  42
   45  93  26   9  90  10   2 100  42  42  12  51  22   6  97  30  39  26
   67  60  46  14  94  59  46  12  71  26  95  62  52  38  81  26  66   2
   13  45  22  95  37  84  93  39  28  84  83  89  68  67  93  88  67  53
    9  19  22  24  34  19  49  57  78  34  50  65  37  87  91  38   6  67
   60]
 [  0  77  59  89  37  92  53  49 100  62  28  60  85  90 100  59  34  83
   90  65  46  30  56  27  40   4  97  65  94  49  65  93  85  79  63  84
   49  44  76  59  17  76  22  13  96  44  14  21  39  60  59  17  25  39
   57   3  61  61  54  85   1  43  28  91  48   7  53  28  27  31  50  26
   47  54  40  51 100  17  55  41  47  46  64  81  23  81  71  63  40  23
   27]
 [  0  59  95  92  82  35  78  47   3  97  21  55  39  59  40  92   9  95
   69  89  68  20  46  57  24  23  45  33   3  38   5  58  47  38   5   9
   16  38  17  78  28  76  97   1  28  35  56  66  21  67  20   3  70  80
   51  66  74  38  65   4  43  87   4  20  50  75  69  20  97  54   3  19
   18  82 100   9  73  89  73  19  93  17  36   7  15  10  48   3  60  91
   28]]
end
weight
[[ 0 38  2  6 63 88 67  2 25  1  4 16 25 19 74 42  1 48 30 59 42 25 64 18
  74 34  5 76 24 72 90 61 33 85 20 75 22 72 91 39 11 45 78 99 12 16 42 46
  34 80 37 14 81 98 39 10 54 43  9 90 55 18 86  9 87 98  3 81 41 15 48 59
  51 10 61 87 51 75 70  7 20 12 51 48 78 56 73 76 42 86 88]]
end
setup_times
[[[ 0 54 51 37 50 31 48 41 45]
  [ 0  0 33 42 31 50 42 50 57]
  [ 0 58  0 43 33 48 50 42 36]
  [ 0 34 47  0 47 53 31 33 52]
  [ 0 36 32 40  0 44 42 48 35]
  [ 0 37 39 54 34  0 32 33 37]
  [ 0 56 52 36 47 32  0 56 58]
  [ 0 44 38 32 55 52 32  0 48]
  [ 0 54 53 37 47 31 52 58  0]]

 [[ 0 32 39 30 49 54 53 38 46]
  [ 0  0 39 38 48 35 46 41 38]
  [ 0 36  0 50 41 54 56 51 49]
  [ 0 53 38  0 42 42 55 49 40]
  [ 0 52 50 36  0 52 34 34 42]
  [ 0 56 39 30 42  0 32 55 54]
  [ 0 54 34 40 58 43  0 51 51]
  [ 0 54 50 44 55 53 52  0 31]
  [ 0 57 57 58 41 49 54 38  0]]

 [[ 0 53 32 38 42 51 49 57 42]
  [ 0  0 42 33 40 57 44 55 52]
  [ 0 53  0 43 55 53 53 52 37]
  [ 0 55 35  0 49 58 49 46 52]
  [ 0 49 56 50  0 31 34 53 33]
  [ 0 48 58 32 55  0 59 59 57]
  [ 0 57 54 50 34 36  0 42 58]
  [ 0 37 46 53 48 36 43  0 58]
  [ 0 55 38 44 51 49 45 45  0]]

 [[ 0 57 39 59 43 49 32 33 54]
  [ 0  0 48 57 50 41 41 59 34]
  [ 0 52  0 38 49 53 58 34 49]
  [ 0 40 43  0 52 42 38 48 49]
  [ 0 39 51 51  0 42 57 41 44]
  [ 0 43 40 59 48  0 45 33 54]
  [ 0 51 45 50 37 56  0 51 59]
  [ 0 52 55 58 52 49 34  0 54]
  [ 0 57 39 47 43 44 34 36  0]]

 [[ 0 52 31 34 51 30 54 50 46]
  [ 0  0 39 47 50 33 37 38 47]
  [ 0 33  0 38 54 58 30 31 51]
  [ 0 35 50  0 39 30 35 51 43]
  [ 0 33 38 40  0 54 56 54 58]
  [ 0 33 31 56 35  0 37 40 56]
  [ 0 47 41 42 59 59  0 59 33]
  [ 0 48 42 52 54 56 55  0 39]
  [ 0 57 56 44 54 54 50 50  0]]]
end
fixed_cost
[[2404 2392 2406 2326 2367]]
end
unit_cost
[[46 44 51 40 53]]
end
job2fam
[[1 0 0 0 0 0 0 0 0 0 0 0 0 0 0 0 0 0 0 0 0 0 0 0 0 0 0 0 0 0 0 0 0 0 0 0
  0 0 0 0 0 0 0 0 0 0 0 0 0 0 0 0 0 0 0 0 0 0 0 0 0 0 0 0 0 0 0 0 0 0 0 0
  0 0 0 0 0 0 0 0 0 0 0 0 0 0 0 0 0 0 0]
 [0 1 0 0 0 0 0 1 0 0 0 0 0 0 0 0 0 0 0 0 1 1 0 0 0 1 0 1 0 0 0 0 0 0 0 0
  0 0 0 0 0 0 0 0 0 0 0 0 0 0 0 0 0 0 0 0 0 1 0 0 0 0 0 0 1 0 0 0 0 0 0 0
  1 0 0 1 0 0 0 1 0 1 1 0 0 0 0 0 0 0 0]
 [0 0 0 0 0 0 0 0 0 0 0 1 0 0 0 0 0 0 0 0 0 0 0 0 0 0 0 0 0 0 0 0 0 0 0 0
  0 0 1 0 0 0 0 0 0 0 0 0 1 0 0 0 1 0 0 0 1 0 0 1 0 0 0 0 0 0 0 0 0 0 0 0
  0 0 1 0 1 0 0 0 0 0 0 1 0 0 0 0 1 0 0]
 [0 0 0 0 1 0 0 0 0 0 1 0 0 0 0 0 0 0 0 0 0 0 0 0 0 0 0 0 0 0 0 0 0 0 0 0
  0 0 0 1 0 0 1 0 0 0 0 1 0 1 0 0 0 0 1 1 0 0 0 0 0 0 0 0 0 0 0 1 0 0 0 0
  0 0 0 0 0 0 0 0 0 0 0 0 1 0 0 0 0 0 1]
 [0 0 0 1 0 0 1 0 0 1 0 0 0 0 1 0 1 0 0 0 0 0 0 1 0 0 1 0 0 1 0 1 0 0 0 1
  1 0 0 0 0 0 0 0 0 0 0 0 0 0 0 1 0 0 0 0 0 0 1 0 0 0 0 0 0 0 0 0 1 0 0 0
  0 1 0 0 0 0 1 0 0 0 0 0 0 0 0 0 0 0 0]
 [0 0 0 0 0 0 0 0 1 0 0 0 1 1 0 1 0 0 0 0 0 0 0 0 0 0 0 0 1 0 1 0 0 1 0 0
  0 0 0 0 1 0 0 1 0 0 0 0 0 0 0 0 0 0 0 0 0 0 0 0 1 0 0 0 0 0 0 0 0 0 1 0
  0 0 0 0 0 0 0 0 0 0 0 0 0 0 0 0 0 0 0]
 [0 0 0 0 0 0 0 0 0 0 0 0 0 0 0 0 0 1 0 0 0 0 0 0 0 0 0 0 0 0 0 0 1 0 0 0
  0 0 0 0 0 0 0 0 1 1 0 0 0 0 1 0 0 1 0 0 0 0 0 0 0 1 1 1 0 0 0 0 0 1 0 0
  0 0 0 0 0 0 0 0 1 0 0 0 0 0 0 0 0 1 0]
 [0 0 0 0 0 1 0 0 0 0 0 0 0 0 0 0 0 0 1 1 0 0 1 0 0 0 0 0 0 0 0 0 0 0 1 0
  0 0 0 0 0 0 0 0 0 0 1 0 0 0 0 0 0 0 0 0 0 0 0 0 0 0 0 0 0 0 1 0 0 0 0 0
  0 0 0 0 0 1 0 0 0 0 0 0 0 0 0 1 0 0 0]
 [0 0 1 0 0 0 0 0 0 0 0 0 0 0 0 0 0 0 0 0 0 0 0 0 1 0 0 0 0 0 0 0 0 0 0 0
  0 1 0 0 0 1 0 0 0 0 0 0 0 0 0 0 0 0 0 0 0 0 0 0 0 0 0 0 0 1 0 0 0 0 0 1
  0 0 0 0 0 0 0 0 0 0 0 0 0 1 1 0 0 0 0]]
end
