mac
5
end
job
90
end
fam
12
end
proc_times
[[  0  38  45  47  10  20  96  46  42  43  18  22  56  45  88 100  35  17
   13  60  96  70  28  17  84  77  56  45  82  85  85  73  85  56   5   8
   67  98  72  87  95  32  32  93  37  27 100  36  77  30  89  69  17  44
   70  99  16  29  33  62  29  98   8   8  86  89  19  32  28  92  67  42
   45  61  15  42  77  11  32  85  57  71  67  31  40  29  91  72  78  28
   49]
 [  0  64  29  41  90  21  42  88  48  75  80  28  63  47  77   1  15  91
   32   2  99  39  92  49  90  80  85  74  56  20  86  77  99  18  37  28
   79  27  93  80  11  15  52  68  34  38  80  42  63  79  87  90  70  88
   44  46  59  83 100  76  19  30   5  71  94   5   4  52  40  36  90  57
   87  54   7 100  95  19  59  95  97  90  66   5  81  85  33  92  58   8
   84]
 [  0  62  64  41  31  81  92  44  96  89  15  55   8   1  66  72  45 100
   42   8  88  63  15  91  63  30  26  93  21  95   1  99  62  11  95  97
   86  28  36  41  58  50  19  49  57  84  63  71  57  27  35  55  27  22
   22  98  86  50  66  45  87  16  16  76  57  58  60  47  42  25  29  35
    8  97  19  88  48   1  45  83  97  65  72  99  43  77  86  13  36  77
   98]
 [  0 100  64   9  71  54  61  84  33  78  68  16  77  48  88  80  82  65
   49  16  73  33  45  70  71  75  58  55  31  93  47  29  27  40  16  13
   30  46  37  82  32  39   6  28  81  65  32  38   3  97  56  40  92  55
    5  22  84  56  10   9  71  85  88  48  22  52  36  69  19  37  44  57
   80  88   9  78  23  18  42   8  53  26  33   5  16  86  55  89  20  14
   17]
 [  0  74  73  97  25  91   1  14  80   6  16  33  28  24  25  23   5  23
   24 100  63  77  17  31  92  20  98  99  82  18  75  78  15  77   4  89
   98  64  81  69  19  29  15  46  13   2  73  89  10  68  95  11   9  84
   20  90  67  17   1   2  21  85   7   1  51  89   8  44  32  11  45   1
    3  99  90  96  93  30  26  64  48  49  66  13  78 100  93  89  78  27
   87]]
end
weight
[[ 0 58 28 91 23 18 17 91 53 34 24 53 91 14 11  3 95 81 11 57 37 63 14 60
  10 62 84 49 38  9  9  4 59 84 22 90 82 70 48 23 39 76 84 87 21 23 54  2
  23 16 30 25 65 53 93 50 94 78 53 63  6 16 46 40 39 18 95 64  2  1 16 42
  91 34  2 77 47 26 88 20 78 57 17 32 51 32 28  2 60 80 80]]
end
setup_times
[[[ 0 38 48 56 51 31 38 40 56 45 56 54 55]
  [ 0  0 31 46 54 56 40 46 38 40 50 57 45]
  [ 0 36  0 34 30 52 39 47 30 51 55 32 48]
  [ 0 30 57  0 37 57 33 50 35 54 30 57 31]
  [ 0 53 49 32  0 56 54 59 53 34 32 31 54]
  [ 0 41 37 41 51  0 58 59 46 31 53 58 32]
  [ 0 30 48 57 48 33  0 40 42 39 46 58 44]
  [ 0 56 36 52 49 42 48  0 56 42 59 32 55]
  [ 0 32 40 57 53 51 38 35  0 47 32 50 33]
  [ 0 35 59 55 52 39 31 43 37  0 46 49 34]
  [ 0 53 49 53 37 31 35 31 55 37  0 57 52]
  [ 0 58 42 51 52 34 51 45 32 53 37  0 58]
  [ 0 49 50 35 40 47 37 55 43 47 53 56  0]]

 [[ 0 42 51 38 41 34 46 35 42 36 48 32 57]
  [ 0  0 31 55 31 51 36 42 39 35 31 56 58]
  [ 0 40  0 37 45 49 46 56 34 37 41 53 45]
  [ 0 51 36  0 41 40 54 40 35 42 37 50 39]
  [ 0 49 49 41  0 53 40 50 34 53 59 36 34]
  [ 0 32 33 42 57  0 47 51 59 35 50 39 56]
  [ 0 31 42 55 59 33  0 31 41 40 43 31 42]
  [ 0 51 41 49 45 33 30  0 32 49 49 46 30]
  [ 0 52 43 42 32 40 58 50  0 50 57 48 34]
  [ 0 41 41 38 37 31 35 45 45  0 34 55 37]
  [ 0 35 42 32 32 36 53 46 50 48  0 30 58]
  [ 0 45 56 36 55 32 46 36 49 55 59  0 48]
  [ 0 56 45 59 42 59 49 41 43 48 40 53  0]]

 [[ 0 30 58 46 43 41 45 43 47 57 45 31 33]
  [ 0  0 30 43 49 55 33 52 46 48 31 52 54]
  [ 0 35  0 44 58 47 33 50 56 43 46 58 30]
  [ 0 46 57  0 56 32 55 56 46 55 31 34 56]
  [ 0 58 39 32  0 54 54 38 39 44 35 38 54]
  [ 0 32 55 55 47  0 36 38 44 37 38 46 44]
  [ 0 55 46 33 47 53  0 32 42 58 58 43 46]
  [ 0 59 47 45 39 38 54  0 45 54 35 36 37]
  [ 0 46 32 33 58 42 46 58  0 41 39 39 47]
  [ 0 33 39 44 30 42 51 47 32  0 49 57 44]
  [ 0 30 48 47 39 55 55 51 42 43  0 41 49]
  [ 0 40 56 34 32 41 44 42 50 45 55  0 52]
  [ 0 46 34 36 59 42 39 31 48 34 49 46  0]]

 [[ 0 46 30 36 42 42 54 37 41 41 38 38 37]
  [ 0  0 37 42 46 44 40 55 57 55 58 56 50]
  [ 0 35  0 54 40 33 40 34 56 49 33 40 42]
  [ 0 40 30  0 35 35 38 44 39 56 30 53 50]
  [ 0 55 57 31  0 42 59 34 36 40 33 36 41]
  [ 0 33 44 41 52  0 42 58 39 46 49 54 42]
  [ 0 32 51 32 37 31  0 48 32 36 47 45 34]
  [ 0 41 32 34 30 31 49  0 36 41 34 56 40]
  [ 0 47 46 52 40 32 33 53  0 30 43 39 44]
  [ 0 44 39 34 37 51 55 53 53  0 32 34 46]
  [ 0 38 34 59 50 54 31 32 56 55  0 38 36]
  [ 0 45 45 36 53 41 30 54 55 45 51  0 58]
  [ 0 47 32 33 48 48 58 46 47 40 35 48  0]]

 [[ 0 43 32 32 54 34 40 46 59 58 50 51 53]
  [ 0  0 39 47 54 39 42 50 33 42 41 42 53]
  [ 0 34  0 48 31 47 53 52 45 44 49 52 34]
  [ 0 37 41  0 50 58 48 53 34 55 52 35 49]
  [ 0 46 45 40  0 50 32 51 54 59 52 42 58]
  [ 0 38 50 45 49  0 47 54 31 38 43 57 31]
  [ 0 54 35 36 47 33  0 31 41 46 36 42 57]
  [ 0 33 44 38 33 30 51  0 33 35 30 55 41]
  [ 0 36 41 35 38 31 46 48  0 53 51 54 36]
  [ 0 51 40 34 51 52 57 48 41  0 59 44 59]
  [ 0 47 35 36 51 34 58 58 43 40  0 41 45]
  [ 0 47 44 48 55 54 51 40 57 43 34  0 48]
  [ 0 39 47 53 41 36 45 48 53 58 38 54  0]]]
end
fixed_cost
[[2265 2330 2293 2333 2319]]
end
unit_cost
[[47 49 37 49 38]]
end
job2fam
[[1 0 0 0 0 0 0 0 0 0 0 0 0 0 0 0 0 0 0 0 0 0 0 0 0 0 0 0 0 0 0 0 0 0 0 0
  0 0 0 0 0 0 0 0 0 0 0 0 0 0 0 0 0 0 0 0 0 0 0 0 0 0 0 0 0 0 0 0 0 0 0 0
  0 0 0 0 0 0 0 0 0 0 0 0 0 0 0 0 0 0 0]
 [0 1 0 0 0 0 0 0 0 0 0 0 0 0 0 0 0 0 0 0 1 0 0 0 0 0 0 0 0 1 0 0 0 0 0 0
  0 0 0 0 1 0 0 1 0 0 0 0 0 0 0 0 0 0 0 0 0 0 0 0 0 0 0 0 0 0 0 0 0 0 0 0
  1 0 0 0 0 0 0 0 0 0 0 0 0 0 0 0 0 0 0]
 [0 0 0 0 0 0 0 0 0 0 0 0 0 0 0 0 0 0 1 0 0 0 0 1 0 0 1 0 0 0 0 0 0 0 0 0
  0 0 0 0 0 0 0 0 1 0 0 0 1 0 0 0 1 0 0 1 1 0 0 0 0 0 0 0 0 0 0 0 0 0 0 1
  0 0 0 0 0 0 0 0 0 1 0 0 0 0 0 0 0 0 0]
 [0 0 1 0 0 0 0 0 0 0 0 0 0 0 0 0 0 0 0 0 0 0 0 0 0 0 0 0 0 0 0 0 0 0 0 0
  0 0 0 0 0 0 1 0 0 0 0 0 0 0 0 0 0 0 0 0 0 1 0 0 0 0 0 0 0 0 0 0 0 0 0 0
  0 0 1 0 0 0 0 1 0 0 1 0 0 0 0 0 0 0 1]
 [0 0 0 1 0 0 0 0 0 0 0 0 1 0 0 0 0 1 0 0 0 0 0 0 0 0 0 0 0 0 0 0 0 0 0 0
  0 0 0 0 0 1 0 0 0 1 0 1 0 0 1 0 0 0 1 0 0 0 0 0 0 0 0 0 0 0 0 0 0 0 0 0
  0 0 0 0 0 0 0 0 0 0 0 0 0 0 0 0 0 1 0]
 [0 0 0 0 0 0 0 0 0 1 0 0 0 0 0 0 0 0 0 0 0 1 0 0 0 0 0 0 1 0 0 0 0 0 0 0
  0 0 0 0 0 0 0 0 0 0 1 0 0 0 0 0 0 0 0 0 0 0 0 0 0 0 0 0 0 1 0 1 0 0 1 0
  0 0 0 0 0 0 0 0 0 0 0 0 0 0 0 0 0 0 0]
 [0 0 0 0 0 0 0 0 0 0 0 1 0 0 0 0 0 0 0 0 0 0 1 0 0 0 0 0 0 0 0 1 0 0 0 1
  1 0 0 0 0 0 0 0 0 0 0 0 0 0 0 0 0 1 0 0 0 0 1 1 0 0 0 0 0 0 0 0 0 0 0 0
  0 0 0 0 0 0 1 0 0 0 0 0 0 0 1 0 0 0 0]
 [0 0 0 0 0 1 0 0 0 0 0 0 0 0 0 1 0 0 0 0 0 0 0 0 1 0 0 0 0 0 0 0 0 0 0 0
  0 0 0 0 0 0 0 0 0 0 0 0 0 0 0 0 0 0 0 0 0 0 0 0 0 1 1 0 0 0 0 0 0 0 0 0
  0 0 0 0 1 0 0 0 1 0 0 0 0 0 0 1 0 0 0]
 [0 0 0 0 1 0 0 0 1 0 1 0 0 1 0 0 0 0 0 0 0 0 0 0 0 1 0 1 0 0 0 0 0 0 0 0
  0 0 0 0 0 0 0 0 0 0 0 0 0 0 0 1 0 0 0 0 0 0 0 0 0 0 0 0 0 0 0 0 0 1 0 0
  0 0 0 0 0 0 0 0 0 0 0 0 1 1 0 0 0 0 0]
 [0 0 0 0 0 0 0 1 0 0 0 0 0 0 0 0 0 0 0 0 0 0 0 0 0 0 0 0 0 0 0 0 0 1 0 0
  0 0 0 0 0 0 0 0 0 0 0 0 0 1 0 0 0 0 0 0 0 0 0 0 0 0 0 0 0 0 0 0 0 0 0 0
  0 1 0 0 0 1 0 0 0 0 0 0 0 0 0 0 1 0 0]
 [0 0 0 0 0 0 1 0 0 0 0 0 0 0 1 0 1 0 0 1 0 0 0 0 0 0 0 0 0 0 0 0 1 0 0 0
  0 0 1 0 0 0 0 0 0 0 0 0 0 0 0 0 0 0 0 0 0 0 0 0 0 0 0 0 0 0 1 0 0 0 0 0
  0 0 0 0 0 0 0 0 0 0 0 0 0 0 0 0 0 0 0]
 [0 0 0 0 0 0 0 0 0 0 0 0 0 0 0 0 0 0 0 0 0 0 0 0 0 0 0 0 0 0 1 0 0 0 1 0
  0 0 0 0 0 0 0 0 0 0 0 0 0 0 0 0 0 0 0 0 0 0 0 0 1 0 0 0 1 0 0 0 0 0 0 0
  0 0 0 1 0 0 0 0 0 0 0 0 0 0 0 0 0 0 0]
 [0 0 0 0 0 0 0 0 0 0 0 0 0 0 0 0 0 0 0 0 0 0 0 0 0 0 0 0 0 0 0 0 0 0 0 0
  0 1 0 1 0 0 0 0 0 0 0 0 0 0 0 0 0 0 0 0 0 0 0 0 0 0 0 1 0 0 0 0 1 0 0 0
  0 0 0 0 0 0 0 0 0 0 0 1 0 0 0 0 0 0 0]]
end
