mac
5
end
job
90
end
fam
12
end
proc_times
[[  0  60  51   5  89  25  59  34  53  84  40  41  87  72  48  96  57  53
   70  40  60  30  65  18  76  38  40  61  79  21  59  43  66   4  46  40
    6  10  10  31  53  62  41  44  80  45  52 100  84  79  20  59  46  43
   90  90  20  34  56   4   5  59  69   4  91  82  60   8   2  87   1  13
   98  52  79  60  79  58   2  71  99  68  71  78  25  91  12  19  88  81
   19]
 [  0   9  28  20  50  95  64   1  21  48  37   5  57  28  54  47  75   6
    6  97   3  35  33  88  30  31  79  98  46  17  77  90  93  49  48  68
   80  15  87  60  34  41 100  20  89  45  75  25   2  63  82  50  90  91
   47  79  78  92  66  40  45  92  62  52  81   5  61  18  87  29  85  19
   71  61  83  65  76  28  30  63  84  89  38  63  60  78  96  51  19  14
   77]
 [  0  28  44   2  58  69  24  64  90  55  22  23  66   2  33  20  32  36
   15 100   8  95  11   7  13  95  37  28  59   3  99  34  68 100  10  83
   29  89  41  68  60  60  81  74  46  46  99  30  27  11  22  19  77  78
    8  43  29  87  39  16  12  25  95  46  59  92  24  42  55   8  85  67
   25  62   8  53   6  99  88  15  76  37  95  28  10   9  45  68  21  12
   12]
 [  0  31 100  63  55  48  62   8  22  28  53  73  68   6  57  81  51  42
   63  29  52  40   3  76  51  69  21   6  89  49  79  95   2  31  55  11
   99  39  45  48  55  48  55  48  21   4  80  35  49  83  37  83  46  63
   73  71  21  68  16  30  36  78  92  49  41  39  91  16   4  19  13  81
   56  75   1  47  77  85  31  79  35   9  34  59   4   4  45  82  43  26
   71]
 [  0  19  71  10   4  66  39  99  64  72  97  84  12  92  25   9  98  54
   14  92  35  92  63  55  43  62  99  50  59  19  24  97  47  62  80  12
   44  67  56  95  85  68  20   6  13   9  24  22  68  75  51  88  61  42
   81  91  24  23  89  39  30  32  17  86  52  89  57  88  15  17  23  28
   11  96   1  48  71  41  81  19  86  88  80  55  63  88  96  70  46  77
   52]]
end
weight
[[ 0  2 64 21 10  2 15 87 32 60 30 79 90 90 99 50 77 91 86 39  1  2 73 62
  54 55 27 25  7 15 49 25 67 33 69 92 27 10 29 15 36 13 43 73 21 46 80 36
  31  3 11 89 75 88 66 87 24 13 24 31 59 21 65 12 94  8 28 32 62 81 73 64
  64 47 53 17 73 96 49 84 63 95 75 77 12 39 52 44 24 25 24]]
end
setup_times
[[[ 0 45 51 52 34 41 48 57 40 53 44 40 49]
  [ 0  0 50 57 47 48 59 41 51 31 39 48 59]
  [ 0 38  0 36 38 56 56 56 47 30 50 44 46]
  [ 0 40 40  0 42 49 38 35 39 58 43 32 58]
  [ 0 51 42 33  0 30 55 43 30 30 36 50 54]
  [ 0 43 50 30 52  0 36 46 43 42 42 37 33]
  [ 0 48 51 51 54 46  0 39 51 57 56 44 56]
  [ 0 53 39 42 55 47 51  0 59 45 38 48 33]
  [ 0 51 38 56 43 54 59 57  0 59 37 55 47]
  [ 0 42 41 32 33 57 34 31 40  0 52 35 51]
  [ 0 35 43 30 52 55 32 44 40 32  0 47 56]
  [ 0 34 42 53 40 58 47 40 31 47 49  0 46]
  [ 0 59 38 56 38 42 43 50 59 45 48 49  0]]

 [[ 0 55 32 59 58 52 50 57 44 59 40 57 48]
  [ 0  0 51 31 40 41 38 35 39 52 45 38 46]
  [ 0 56  0 40 36 34 35 33 55 51 32 40 52]
  [ 0 53 31  0 37 44 55 30 34 36 48 43 47]
  [ 0 47 42 49  0 58 55 32 52 54 42 50 30]
  [ 0 45 35 37 47  0 57 50 35 54 43 49 31]
  [ 0 47 54 38 35 43  0 34 54 46 33 40 38]
  [ 0 52 47 39 39 41 49  0 51 59 55 45 35]
  [ 0 52 39 41 46 48 47 57  0 59 40 41 53]
  [ 0 34 58 52 59 59 38 47 39  0 52 36 37]
  [ 0 46 41 46 52 35 39 33 39 40  0 46 53]
  [ 0 53 56 41 47 59 55 41 59 33 39  0 53]
  [ 0 31 50 57 42 48 52 47 47 44 44 55  0]]

 [[ 0 30 42 36 32 53 34 52 38 34 34 53 38]
  [ 0  0 58 31 39 39 34 36 47 34 47 52 51]
  [ 0 51  0 54 44 45 55 30 39 46 58 58 54]
  [ 0 54 35  0 40 46 53 33 33 40 30 47 38]
  [ 0 41 45 31  0 34 41 56 46 50 50 57 50]
  [ 0 40 32 31 54  0 45 50 35 44 46 52 46]
  [ 0 46 47 36 30 33  0 32 58 49 37 57 53]
  [ 0 44 41 38 53 44 49  0 47 42 31 36 56]
  [ 0 41 58 47 53 34 55 57  0 37 44 47 46]
  [ 0 52 43 55 52 58 50 51 59  0 36 53 55]
  [ 0 40 40 50 47 45 44 52 57 56  0 44 31]
  [ 0 36 48 51 59 56 31 49 42 45 39  0 45]
  [ 0 46 53 34 37 31 39 59 36 38 56 58  0]]

 [[ 0 51 43 34 49 41 58 45 58 53 46 48 47]
  [ 0  0 42 43 39 52 38 38 55 57 34 57 49]
  [ 0 59  0 34 31 35 31 30 46 41 51 36 51]
  [ 0 36 58  0 53 57 34 40 35 31 56 45 39]
  [ 0 50 31 55  0 47 48 58 39 43 31 31 58]
  [ 0 34 57 50 47  0 45 32 53 53 52 48 52]
  [ 0 55 30 54 38 45  0 31 43 38 34 50 55]
  [ 0 49 55 31 45 32 35  0 39 54 51 48 48]
  [ 0 46 37 41 42 40 33 42  0 33 47 48 32]
  [ 0 42 57 36 36 36 56 58 41  0 59 38 33]
  [ 0 59 37 49 45 56 56 59 56 49  0 51 40]
  [ 0 59 56 52 45 35 52 41 51 49 41  0 58]
  [ 0 38 38 38 46 44 34 42 56 47 46 42  0]]

 [[ 0 42 45 54 38 57 47 48 37 44 41 44 58]
  [ 0  0 56 46 39 35 31 51 57 42 50 34 40]
  [ 0 43  0 55 35 33 40 32 34 49 46 51 59]
  [ 0 37 47  0 34 53 31 30 58 39 44 35 57]
  [ 0 56 33 40  0 35 53 31 54 42 34 33 55]
  [ 0 54 38 51 34  0 32 49 46 56 46 44 31]
  [ 0 55 49 42 51 37  0 38 47 45 46 30 54]
  [ 0 49 34 36 47 40 43  0 54 54 39 31 37]
  [ 0 41 30 45 36 58 35 31  0 32 58 36 43]
  [ 0 59 54 45 47 56 44 34 41  0 30 51 36]
  [ 0 40 47 31 46 57 53 52 32 30  0 33 36]
  [ 0 42 33 59 42 59 36 49 35 56 38  0 32]
  [ 0 40 44 39 54 37 49 49 33 52 58 43  0]]]
end
fixed_cost
[[2367 2398 2411 2375 2352]]
end
unit_cost
[[45 57 44 42 46]]
end
job2fam
[[1 0 0 0 0 0 0 0 0 0 0 0 0 0 0 0 0 0 0 0 0 0 0 0 0 0 0 0 0 0 0 0 0 0 0 0
  0 0 0 0 0 0 0 0 0 0 0 0 0 0 0 0 0 0 0 0 0 0 0 0 0 0 0 0 0 0 0 0 0 0 0 0
  0 0 0 0 0 0 0 0 0 0 0 0 0 0 0 0 0 0 0]
 [0 1 0 0 0 0 0 0 0 0 0 0 0 0 0 0 0 0 0 0 1 0 0 0 0 0 0 0 0 1 0 0 0 0 0 0
  0 0 0 0 1 0 0 1 0 0 0 0 0 0 0 0 0 0 0 0 0 0 0 0 0 0 0 0 0 0 0 0 0 0 0 0
  1 0 0 0 0 0 0 0 0 0 0 0 0 0 0 0 0 0 0]
 [0 0 0 0 0 0 0 0 0 0 0 0 0 0 0 0 0 0 1 0 0 0 0 1 0 0 1 0 0 0 0 0 0 0 0 0
  0 0 0 0 0 0 0 0 1 0 0 0 1 0 0 0 1 0 0 1 1 0 0 0 0 0 0 0 0 0 0 0 0 0 0 1
  0 0 0 0 0 0 0 0 0 1 0 0 0 0 0 0 0 0 0]
 [0 0 1 0 0 0 0 0 0 0 0 0 0 0 0 0 0 0 0 0 0 0 0 0 0 0 0 0 0 0 0 0 0 0 0 0
  0 0 0 0 0 0 1 0 0 0 0 0 0 0 0 0 0 0 0 0 0 1 0 0 0 0 0 0 0 0 0 0 0 0 0 0
  0 0 1 0 0 0 0 1 0 0 1 0 0 0 0 0 0 0 1]
 [0 0 0 1 0 0 0 0 0 0 0 0 1 0 0 0 0 1 0 0 0 0 0 0 0 0 0 0 0 0 0 0 0 0 0 0
  0 0 0 0 0 1 0 0 0 1 0 1 0 0 1 0 0 0 1 0 0 0 0 0 0 0 0 0 0 0 0 0 0 0 0 0
  0 0 0 0 0 0 0 0 0 0 0 0 0 0 0 0 0 1 0]
 [0 0 0 0 0 0 0 0 0 1 0 0 0 0 0 0 0 0 0 0 0 1 0 0 0 0 0 0 1 0 0 0 0 0 0 0
  0 0 0 0 0 0 0 0 0 0 1 0 0 0 0 0 0 0 0 0 0 0 0 0 0 0 0 0 0 1 0 1 0 0 1 0
  0 0 0 0 0 0 0 0 0 0 0 0 0 0 0 0 0 0 0]
 [0 0 0 0 0 0 0 0 0 0 0 1 0 0 0 0 0 0 0 0 0 0 1 0 0 0 0 0 0 0 0 1 0 0 0 1
  1 0 0 0 0 0 0 0 0 0 0 0 0 0 0 0 0 1 0 0 0 0 1 1 0 0 0 0 0 0 0 0 0 0 0 0
  0 0 0 0 0 0 1 0 0 0 0 0 0 0 1 0 0 0 0]
 [0 0 0 0 0 1 0 0 0 0 0 0 0 0 0 1 0 0 0 0 0 0 0 0 1 0 0 0 0 0 0 0 0 0 0 0
  0 0 0 0 0 0 0 0 0 0 0 0 0 0 0 0 0 0 0 0 0 0 0 0 0 1 1 0 0 0 0 0 0 0 0 0
  0 0 0 0 1 0 0 0 1 0 0 0 0 0 0 1 0 0 0]
 [0 0 0 0 1 0 0 0 1 0 1 0 0 1 0 0 0 0 0 0 0 0 0 0 0 1 0 1 0 0 0 0 0 0 0 0
  0 0 0 0 0 0 0 0 0 0 0 0 0 0 0 1 0 0 0 0 0 0 0 0 0 0 0 0 0 0 0 0 0 1 0 0
  0 0 0 0 0 0 0 0 0 0 0 0 1 1 0 0 0 0 0]
 [0 0 0 0 0 0 0 1 0 0 0 0 0 0 0 0 0 0 0 0 0 0 0 0 0 0 0 0 0 0 0 0 0 1 0 0
  0 0 0 0 0 0 0 0 0 0 0 0 0 1 0 0 0 0 0 0 0 0 0 0 0 0 0 0 0 0 0 0 0 0 0 0
  0 1 0 0 0 1 0 0 0 0 0 0 0 0 0 0 1 0 0]
 [0 0 0 0 0 0 1 0 0 0 0 0 0 0 1 0 1 0 0 1 0 0 0 0 0 0 0 0 0 0 0 0 1 0 0 0
  0 0 1 0 0 0 0 0 0 0 0 0 0 0 0 0 0 0 0 0 0 0 0 0 0 0 0 0 0 0 1 0 0 0 0 0
  0 0 0 0 0 0 0 0 0 0 0 0 0 0 0 0 0 0 0]
 [0 0 0 0 0 0 0 0 0 0 0 0 0 0 0 0 0 0 0 0 0 0 0 0 0 0 0 0 0 0 1 0 0 0 1 0
  0 0 0 0 0 0 0 0 0 0 0 0 0 0 0 0 0 0 0 0 0 0 0 0 1 0 0 0 1 0 0 0 0 0 0 0
  0 0 0 1 0 0 0 0 0 0 0 0 0 0 0 0 0 0 0]
 [0 0 0 0 0 0 0 0 0 0 0 0 0 0 0 0 0 0 0 0 0 0 0 0 0 0 0 0 0 0 0 0 0 0 0 0
  0 1 0 1 0 0 0 0 0 0 0 0 0 0 0 0 0 0 0 0 0 0 0 0 0 0 0 1 0 0 0 0 1 0 0 0
  0 0 0 0 0 0 0 0 0 0 0 1 0 0 0 0 0 0 0]]
end
