mac
5
end
job
90
end
fam
12
end
proc_times
[[  0  87  68  83  62  76  18  55  94  88  41   8  77  73  60  85  97  19
    5  80  18  43  28  74  18  49  23  66  65  94   5  57  42  56  61  26
   70  67  61  65  25  33  69  90  58  46  71   1  40  23  94  66  92  20
   33  18  36  99  38  17  91  41  69  62  84  83  16  79  95  56  72   4
   37  82  29  46  48  38  97  93   1  99  70  56  39  52  20  76  69  84
   16]
 [  0  68  39  73  31  62  64  93  78  84  21  54  70  97   3  63  65  39
   13  54  18  53  92  30  53   2  54  21   5   2  28  42   9  58  65  37
   17  85  92  62  66  73  87  63  62  68   8   4  86   2  47  91   9  63
   18   6  23  69  88  64  82  39  86  92  86  51  98   6 100  90  86   5
   61  74  62  75  68  69  21  45  70  87  24  47  70  99  52  82  26  52
   84]
 [  0  45   7  13  78  51  13  77  44  19  66  78  44  28  17  58  77  87
   38  87  51  10  43  60  30  92   3  90  24  85  88  12   5  80  87  88
   87  75  71  76  29  92  89  92  36  79  17  58  69  88  56  57  83  66
   30  26  70  64  93   2  25  39  50  75  45   8  46  33  93  95  23  69
   96  41  82  65  40  91  71   8  56  41   6  50  76   8   1  80  42  70
   84]
 [  0   7  43  24  26  23  58  34  37  26  76  49  50  90  69  47  24 100
   10  84  20  22  49  50  43  80  53  94  80  53  89   2  21  60  37  99
   18  47  51  35  82  67  39  53  83  98  11  45  84  20  59  16  92  43
   14  72  15  30  16  24   1   6  34  18  94  53  33   9  15  47   5  29
    9  78  43  98  17 100  33  26  84  75  63  24  93  13  79  33  12  28
   65]
 [  0  23  48  67  71  91  60  14  84   2  43  48   2  97  32  23   2  75
   93  84   5  48  97  99  64  11  94  94  19   1  79   7  95  32  31  77
  100  58  29  31  78  28  11  49  13  24  60  74  14  97  94  37  16  94
   23   5  58  68  69  26  28  50  31  53  22  56  38  87  24  83  36 100
   39  69  16   3  34  60  92  71  51  70   2  25  55  93  68  96  84  18
   63]]
end
weight
[[ 0  8 85 27 49 69 28 99 98 83 97 35 57 67 45 45 19  6 28 28 54 46 36 84
  66 37 35 66 53 82 33 35 56 46  7 57 55 38 11 57 89 78 96 89 33 28 32 12
  38 68 52 31  4  4 85 23 19  8 62 42 37  7 51 18 95 57 62 58 47 70 86 86
   7 35 59  2 45 46 61 43 26 71 78 47 53  3 60 80 33 65 98]]
end
setup_times
[[[ 0 31 42 31 31 33 56 42 37 49 52 56 34]
  [ 0  0 33 43 52 44 47 34 30 35 36 52 44]
  [ 0 50  0 51 32 36 34 34 57 42 32 34 57]
  [ 0 47 30  0 58 33 35 31 52 48 36 39 47]
  [ 0 57 59 50  0 46 30 56 38 30 44 45 48]
  [ 0 40 45 39 55  0 43 53 43 31 33 57 49]
  [ 0 35 44 58 39 53  0 38 56 53 40 46 48]
  [ 0 37 49 53 42 30 36  0 33 48 58 31 40]
  [ 0 35 31 31 32 39 49 52  0 40 48 59 40]
  [ 0 59 56 40 31 43 48 55 44  0 53 35 46]
  [ 0 54 45 58 39 57 50 30 39 50  0 38 59]
  [ 0 32 38 50 30 51 57 46 41 44 54  0 53]
  [ 0 38 30 31 56 34 51 55 35 50 34 39  0]]

 [[ 0 49 34 36 33 34 58 33 58 37 39 53 48]
  [ 0  0 59 42 39 35 32 37 47 56 52 37 31]
  [ 0 36  0 58 35 38 48 53 39 57 46 50 32]
  [ 0 44 47  0 46 48 47 36 34 42 32 50 40]
  [ 0 35 41 36  0 41 37 33 33 34 51 42 58]
  [ 0 31 36 55 45  0 59 35 51 48 32 36 51]
  [ 0 34 49 35 57 46  0 46 44 39 53 58 50]
  [ 0 31 30 48 48 34 39  0 40 36 30 59 30]
  [ 0 54 37 56 56 59 52 40  0 42 35 37 35]
  [ 0 44 37 36 53 58 55 49 43  0 58 42 35]
  [ 0 54 47 55 51 30 51 40 59 56  0 34 51]
  [ 0 36 48 43 55 46 31 42 34 43 49  0 33]
  [ 0 56 47 31 39 45 34 36 31 40 56 48  0]]

 [[ 0 48 40 32 56 52 42 53 35 58 44 31 33]
  [ 0  0 48 50 32 54 38 40 54 53 42 53 49]
  [ 0 42  0 40 47 38 36 54 39 42 30 48 41]
  [ 0 57 51  0 41 51 39 38 30 54 44 54 45]
  [ 0 38 58 48  0 34 49 57 58 57 47 55 48]
  [ 0 33 44 50 42  0 32 38 47 39 51 34 52]
  [ 0 30 50 37 42 38  0 46 31 45 46 31 43]
  [ 0 41 34 30 58 36 51  0 50 50 39 53 34]
  [ 0 35 59 45 56 53 40 42  0 41 58 51 40]
  [ 0 35 59 37 46 39 51 45 51  0 58 39 36]
  [ 0 50 30 35 30 54 55 41 59 32  0 57 46]
  [ 0 40 57 44 42 38 44 37 48 36 43  0 44]
  [ 0 49 44 44 48 50 45 53 30 46 38 48  0]]

 [[ 0 36 39 57 31 58 52 49 54 36 55 36 38]
  [ 0  0 44 43 33 36 30 34 58 35 41 33 55]
  [ 0 33  0 50 46 30 37 51 59 57 45 41 49]
  [ 0 34 49  0 37 58 53 35 52 44 44 50 33]
  [ 0 32 59 46  0 36 35 58 36 35 57 44 46]
  [ 0 35 53 57 42  0 58 32 30 54 50 37 35]
  [ 0 40 56 53 36 58  0 44 44 31 30 49 51]
  [ 0 58 44 38 41 39 54  0 42 38 30 51 55]
  [ 0 50 48 44 49 44 53 33  0 47 32 32 49]
  [ 0 37 51 30 34 45 51 44 43  0 51 52 49]
  [ 0 33 58 45 45 54 46 50 48 38  0 44 45]
  [ 0 38 36 38 59 45 48 38 43 45 52  0 41]
  [ 0 30 57 43 48 55 37 51 42 51 51 53  0]]

 [[ 0 38 47 41 37 32 57 34 44 35 39 56 38]
  [ 0  0 42 47 58 41 52 44 36 59 47 49 42]
  [ 0 41  0 42 34 47 51 53 46 30 55 58 44]
  [ 0 36 43  0 56 52 57 36 32 58 45 57 46]
  [ 0 58 46 51  0 38 40 53 37 51 51 38 35]
  [ 0 44 45 38 43  0 58 37 45 32 58 34 42]
  [ 0 30 30 36 52 44  0 36 43 56 41 47 49]
  [ 0 43 43 44 54 45 52  0 40 44 37 48 35]
  [ 0 41 49 36 34 31 57 35  0 31 55 33 48]
  [ 0 35 56 41 30 30 31 52 37  0 58 40 45]
  [ 0 49 59 30 37 47 33 38 52 37  0 37 41]
  [ 0 56 45 36 58 45 30 40 35 57 39  0 39]
  [ 0 54 48 40 54 37 35 47 47 46 35 48  0]]]
end
fixed_cost
[[2684 2700 2658 2698 2673]]
end
unit_cost
[[48 58 51 43 54]]
end
job2fam
[[1 0 0 0 0 0 0 0 0 0 0 0 0 0 0 0 0 0 0 0 0 0 0 0 0 0 0 0 0 0 0 0 0 0 0 0
  0 0 0 0 0 0 0 0 0 0 0 0 0 0 0 0 0 0 0 0 0 0 0 0 0 0 0 0 0 0 0 0 0 0 0 0
  0 0 0 0 0 0 0 0 0 0 0 0 0 0 0 0 0 0 0]
 [0 1 0 0 0 0 0 0 0 0 0 0 0 0 0 0 0 0 0 0 1 0 0 0 0 0 0 0 0 1 0 0 0 0 0 0
  0 0 0 0 1 0 0 1 0 0 0 0 0 0 0 0 0 0 0 0 0 0 0 0 0 0 0 0 0 0 0 0 0 0 0 0
  1 0 0 0 0 0 0 0 0 0 0 0 0 0 0 0 0 0 0]
 [0 0 0 0 0 0 0 0 0 0 0 0 0 0 0 0 0 0 1 0 0 0 0 1 0 0 1 0 0 0 0 0 0 0 0 0
  0 0 0 0 0 0 0 0 1 0 0 0 1 0 0 0 1 0 0 1 1 0 0 0 0 0 0 0 0 0 0 0 0 0 0 1
  0 0 0 0 0 0 0 0 0 1 0 0 0 0 0 0 0 0 0]
 [0 0 1 0 0 0 0 0 0 0 0 0 0 0 0 0 0 0 0 0 0 0 0 0 0 0 0 0 0 0 0 0 0 0 0 0
  0 0 0 0 0 0 1 0 0 0 0 0 0 0 0 0 0 0 0 0 0 1 0 0 0 0 0 0 0 0 0 0 0 0 0 0
  0 0 1 0 0 0 0 1 0 0 1 0 0 0 0 0 0 0 1]
 [0 0 0 1 0 0 0 0 0 0 0 0 1 0 0 0 0 1 0 0 0 0 0 0 0 0 0 0 0 0 0 0 0 0 0 0
  0 0 0 0 0 1 0 0 0 1 0 1 0 0 1 0 0 0 1 0 0 0 0 0 0 0 0 0 0 0 0 0 0 0 0 0
  0 0 0 0 0 0 0 0 0 0 0 0 0 0 0 0 0 1 0]
 [0 0 0 0 0 0 0 0 0 1 0 0 0 0 0 0 0 0 0 0 0 1 0 0 0 0 0 0 1 0 0 0 0 0 0 0
  0 0 0 0 0 0 0 0 0 0 1 0 0 0 0 0 0 0 0 0 0 0 0 0 0 0 0 0 0 1 0 1 0 0 1 0
  0 0 0 0 0 0 0 0 0 0 0 0 0 0 0 0 0 0 0]
 [0 0 0 0 0 0 0 0 0 0 0 1 0 0 0 0 0 0 0 0 0 0 1 0 0 0 0 0 0 0 0 1 0 0 0 1
  1 0 0 0 0 0 0 0 0 0 0 0 0 0 0 0 0 1 0 0 0 0 1 1 0 0 0 0 0 0 0 0 0 0 0 0
  0 0 0 0 0 0 1 0 0 0 0 0 0 0 1 0 0 0 0]
 [0 0 0 0 0 1 0 0 0 0 0 0 0 0 0 1 0 0 0 0 0 0 0 0 1 0 0 0 0 0 0 0 0 0 0 0
  0 0 0 0 0 0 0 0 0 0 0 0 0 0 0 0 0 0 0 0 0 0 0 0 0 1 1 0 0 0 0 0 0 0 0 0
  0 0 0 0 1 0 0 0 1 0 0 0 0 0 0 1 0 0 0]
 [0 0 0 0 1 0 0 0 1 0 1 0 0 1 0 0 0 0 0 0 0 0 0 0 0 1 0 1 0 0 0 0 0 0 0 0
  0 0 0 0 0 0 0 0 0 0 0 0 0 0 0 1 0 0 0 0 0 0 0 0 0 0 0 0 0 0 0 0 0 1 0 0
  0 0 0 0 0 0 0 0 0 0 0 0 1 1 0 0 0 0 0]
 [0 0 0 0 0 0 0 1 0 0 0 0 0 0 0 0 0 0 0 0 0 0 0 0 0 0 0 0 0 0 0 0 0 1 0 0
  0 0 0 0 0 0 0 0 0 0 0 0 0 1 0 0 0 0 0 0 0 0 0 0 0 0 0 0 0 0 0 0 0 0 0 0
  0 1 0 0 0 1 0 0 0 0 0 0 0 0 0 0 1 0 0]
 [0 0 0 0 0 0 1 0 0 0 0 0 0 0 1 0 1 0 0 1 0 0 0 0 0 0 0 0 0 0 0 0 1 0 0 0
  0 0 1 0 0 0 0 0 0 0 0 0 0 0 0 0 0 0 0 0 0 0 0 0 0 0 0 0 0 0 1 0 0 0 0 0
  0 0 0 0 0 0 0 0 0 0 0 0 0 0 0 0 0 0 0]
 [0 0 0 0 0 0 0 0 0 0 0 0 0 0 0 0 0 0 0 0 0 0 0 0 0 0 0 0 0 0 1 0 0 0 1 0
  0 0 0 0 0 0 0 0 0 0 0 0 0 0 0 0 0 0 0 0 0 0 0 0 1 0 0 0 1 0 0 0 0 0 0 0
  0 0 0 1 0 0 0 0 0 0 0 0 0 0 0 0 0 0 0]
 [0 0 0 0 0 0 0 0 0 0 0 0 0 0 0 0 0 0 0 0 0 0 0 0 0 0 0 0 0 0 0 0 0 0 0 0
  0 1 0 1 0 0 0 0 0 0 0 0 0 0 0 0 0 0 0 0 0 0 0 0 0 0 0 1 0 0 0 0 1 0 0 0
  0 0 0 0 0 0 0 0 0 0 0 1 0 0 0 0 0 0 0]]
end
