mac
5
end
job
90
end
fam
12
end
proc_times
[[  0  51  53  91  69  11  64  23  54   5  39  29 100  39  23  81  94  98
   58  37  87  75  92  24  42  90  53  55  70  62  20  41   5  27  15  96
    4  54  58   1   8  70  47  24   8  37  68   6  72  85  48  12  75  12
   15  47  66  14   5  79  57  53   5   2  36  73  50  99  68  38  83  24
   21  84  11  69  90  81  84  87  77  96  97  23  47  77   5  60  25  57
   89]
 [  0  22  74  43  92  74  91  43   4   7  29  45  27  43  68  19  61  72
   42  60  93  50  62  78   1   6  22  39  46  50   3  57  80  26  16   2
   61  29  76  99  64  34  54  38  77  12  95  64  39  49  76  64  66  17
   33  75  28  93  81  22  42  85  98  23  90  60  93  15  58  69   2   1
   66  28  98  37  98  84  51  81  42  25  23  78  63  36  39  46  47  58
   96]
 [  0  94  44  67  53  76  82  30  13  71  49  34  74  65  20  84  23  45
   49  70  42  18  76  78  72  75  49  20  61  53  68  97   9  97  91  94
   71  32  24  41  21  14  60  23  81  89  76  45  17  50  76   1   5   8
   58  54  79  46   1  88  79  64  21  79  79  62  84  44   7  33  17  52
   10  84  55  20  63   3  76  57  33  35  90  47  52  94  95  50  48  68
   18]
 [  0  23  20  22  73  17  36  47  27  44  10   2  25  42  93  89   3  57
   86  90  18  37  76  36  67  99  98  56  79  96  46  32  11  99  99  68
   29  30   2  83  57  91  25  19  15  72  40  78  10  36  84  27  35  73
   99  28  90  41  41  70  37  49  20  24  84  43  46  70  25  78   6  51
   63  35  43  21  32   7   2  89  68  20  71  80  68  40   3  74  24  72
   84]
 [  0  14  84  76  75  34  97  37  33  87  59  52  75  63  55  94  56  51
   87  59  60  52  22  84  12  85  19  79  67  31  17  27  99  76  95  93
   28  13  98  44  32  79  22  19  30  78  73  39  62  48  62  84  65  42
   72  66  84  68  40  25   1  27  75  97  34  24  33   4  33  78  69  98
   95  84  95  98  88  35  10  93  45  69  90  26  32  74  60  58  46  71
    3]]
end
weight
[[ 0 28 55 94 92 68 74  2 86  1 80 20  5 61 19 59 35 63 40 63 32 87 61 16
  99 40 44 28 60 51 58 67 64 24 47 18 70  6 85  3 22 20 36 14 35 90 55 64
   2 90 72 28 46 81 98 67 94 41 94 58 29 76 32 24 22 81 51 59 21 15 34 27
  52 68 59 35 72  8 86 40 71 76  8 73 89  9 11 83 39 91  8]]
end
setup_times
[[[ 0 36 36 33 54 44 39 37 49 56 45 37 49]
  [ 0  0 58 38 43 33 47 56 44 33 30 31 45]
  [ 0 42  0 57 48 53 45 58 47 52 38 38 51]
  [ 0 55 30  0 32 31 51 32 54 41 41 54 44]
  [ 0 40 43 55  0 46 43 36 37 50 45 39 54]
  [ 0 53 55 34 43  0 44 42 36 35 51 58 38]
  [ 0 48 59 52 48 40  0 59 39 51 33 36 33]
  [ 0 56 39 44 46 35 31  0 59 44 54 34 46]
  [ 0 33 44 48 34 58 57 54  0 38 59 44 44]
  [ 0 53 43 39 34 34 32 45 31  0 50 54 31]
  [ 0 36 35 43 33 59 31 31 44 32  0 34 43]
  [ 0 50 33 31 46 50 45 53 58 50 49  0 41]
  [ 0 54 55 41 51 46 38 39 45 53 37 33  0]]

 [[ 0 48 56 53 37 34 55 42 46 52 38 49 49]
  [ 0  0 42 47 44 50 48 58 40 41 40 48 47]
  [ 0 54  0 33 48 55 30 35 47 33 32 56 33]
  [ 0 52 52  0 56 45 34 50 35 41 36 39 56]
  [ 0 35 54 36  0 43 38 33 36 49 44 59 36]
  [ 0 31 35 31 55  0 51 40 53 42 59 52 58]
  [ 0 30 36 49 36 52  0 51 45 50 35 38 54]
  [ 0 45 36 50 31 32 50  0 44 34 35 49 32]
  [ 0 31 48 32 52 33 41 59  0 56 36 34 56]
  [ 0 38 36 38 57 39 38 47 49  0 30 37 58]
  [ 0 33 34 46 44 36 37 37 34 35  0 56 43]
  [ 0 32 47 59 51 47 55 30 40 58 57  0 44]
  [ 0 59 57 44 41 52 41 31 46 47 32 45  0]]

 [[ 0 47 51 56 55 54 42 58 36 30 39 50 43]
  [ 0  0 31 37 53 56 30 51 31 35 58 47 42]
  [ 0 47  0 47 35 59 59 34 40 57 57 37 46]
  [ 0 31 43  0 58 40 57 52 42 30 43 46 52]
  [ 0 39 33 38  0 38 51 44 41 40 56 42 35]
  [ 0 39 36 41 39  0 50 46 39 33 42 43 32]
  [ 0 53 55 41 35 41  0 33 32 46 55 54 44]
  [ 0 49 59 35 34 33 42  0 55 51 51 37 33]
  [ 0 40 34 41 50 59 59 55  0 58 32 45 35]
  [ 0 48 52 45 57 40 46 55 48  0 41 32 38]
  [ 0 35 46 36 55 32 49 31 49 38  0 46 45]
  [ 0 52 37 43 32 44 47 47 46 36 37  0 34]
  [ 0 54 59 35 36 44 50 48 38 49 40 32  0]]

 [[ 0 36 51 31 48 35 35 44 56 59 42 51 55]
  [ 0  0 40 52 31 46 53 30 38 49 51 58 45]
  [ 0 59  0 50 54 50 59 37 32 40 55 49 48]
  [ 0 35 40  0 37 33 43 59 56 55 30 42 43]
  [ 0 52 38 56  0 36 53 49 38 41 50 54 32]
  [ 0 42 56 50 37  0 34 34 43 37 58 53 57]
  [ 0 53 54 39 35 57  0 56 51 57 44 33 41]
  [ 0 33 48 56 52 56 36  0 39 46 51 43 43]
  [ 0 58 59 39 42 59 47 50  0 49 57 30 59]
  [ 0 39 41 45 36 35 56 33 31  0 33 52 33]
  [ 0 58 37 44 41 35 30 32 37 37  0 32 39]
  [ 0 52 55 44 59 43 48 38 42 32 41  0 33]
  [ 0 39 34 56 39 51 30 49 34 49 46 30  0]]

 [[ 0 52 34 35 32 47 35 47 53 30 37 51 42]
  [ 0  0 45 37 32 54 51 31 44 42 58 50 31]
  [ 0 42  0 53 34 38 58 41 47 34 52 36 52]
  [ 0 48 42  0 35 38 52 55 38 51 36 31 57]
  [ 0 48 49 36  0 46 49 36 47 55 38 30 57]
  [ 0 55 53 47 45  0 36 31 54 45 50 40 32]
  [ 0 44 44 35 52 50  0 30 33 47 58 53 46]
  [ 0 49 44 58 34 50 34  0 47 46 40 37 34]
  [ 0 44 42 30 30 39 33 50  0 41 54 57 41]
  [ 0 55 41 48 46 49 30 42 59  0 54 50 30]
  [ 0 42 37 38 53 40 44 51 42 57  0 51 38]
  [ 0 49 43 58 55 55 50 36 38 46 46  0 57]
  [ 0 38 43 43 37 52 41 40 42 40 43 59  0]]]
end
fixed_cost
[[2514 2485 2467 2426 2459]]
end
unit_cost
[[40 50 40 46 59]]
end
job2fam
[[1 0 0 0 0 0 0 0 0 0 0 0 0 0 0 0 0 0 0 0 0 0 0 0 0 0 0 0 0 0 0 0 0 0 0 0
  0 0 0 0 0 0 0 0 0 0 0 0 0 0 0 0 0 0 0 0 0 0 0 0 0 0 0 0 0 0 0 0 0 0 0 0
  0 0 0 0 0 0 0 0 0 0 0 0 0 0 0 0 0 0 0]
 [0 1 0 0 0 0 0 0 0 0 0 0 0 0 0 0 0 0 0 0 1 0 0 0 0 0 0 0 0 1 0 0 0 0 0 0
  0 0 0 0 1 0 0 1 0 0 0 0 0 0 0 0 0 0 0 0 0 0 0 0 0 0 0 0 0 0 0 0 0 0 0 0
  1 0 0 0 0 0 0 0 0 0 0 0 0 0 0 0 0 0 0]
 [0 0 0 0 0 0 0 0 0 0 0 0 0 0 0 0 0 0 1 0 0 0 0 1 0 0 1 0 0 0 0 0 0 0 0 0
  0 0 0 0 0 0 0 0 1 0 0 0 1 0 0 0 1 0 0 1 1 0 0 0 0 0 0 0 0 0 0 0 0 0 0 1
  0 0 0 0 0 0 0 0 0 1 0 0 0 0 0 0 0 0 0]
 [0 0 1 0 0 0 0 0 0 0 0 0 0 0 0 0 0 0 0 0 0 0 0 0 0 0 0 0 0 0 0 0 0 0 0 0
  0 0 0 0 0 0 1 0 0 0 0 0 0 0 0 0 0 0 0 0 0 1 0 0 0 0 0 0 0 0 0 0 0 0 0 0
  0 0 1 0 0 0 0 1 0 0 1 0 0 0 0 0 0 0 1]
 [0 0 0 1 0 0 0 0 0 0 0 0 1 0 0 0 0 1 0 0 0 0 0 0 0 0 0 0 0 0 0 0 0 0 0 0
  0 0 0 0 0 1 0 0 0 1 0 1 0 0 1 0 0 0 1 0 0 0 0 0 0 0 0 0 0 0 0 0 0 0 0 0
  0 0 0 0 0 0 0 0 0 0 0 0 0 0 0 0 0 1 0]
 [0 0 0 0 0 0 0 0 0 1 0 0 0 0 0 0 0 0 0 0 0 1 0 0 0 0 0 0 1 0 0 0 0 0 0 0
  0 0 0 0 0 0 0 0 0 0 1 0 0 0 0 0 0 0 0 0 0 0 0 0 0 0 0 0 0 1 0 1 0 0 1 0
  0 0 0 0 0 0 0 0 0 0 0 0 0 0 0 0 0 0 0]
 [0 0 0 0 0 0 0 0 0 0 0 1 0 0 0 0 0 0 0 0 0 0 1 0 0 0 0 0 0 0 0 1 0 0 0 1
  1 0 0 0 0 0 0 0 0 0 0 0 0 0 0 0 0 1 0 0 0 0 1 1 0 0 0 0 0 0 0 0 0 0 0 0
  0 0 0 0 0 0 1 0 0 0 0 0 0 0 1 0 0 0 0]
 [0 0 0 0 0 1 0 0 0 0 0 0 0 0 0 1 0 0 0 0 0 0 0 0 1 0 0 0 0 0 0 0 0 0 0 0
  0 0 0 0 0 0 0 0 0 0 0 0 0 0 0 0 0 0 0 0 0 0 0 0 0 1 1 0 0 0 0 0 0 0 0 0
  0 0 0 0 1 0 0 0 1 0 0 0 0 0 0 1 0 0 0]
 [0 0 0 0 1 0 0 0 1 0 1 0 0 1 0 0 0 0 0 0 0 0 0 0 0 1 0 1 0 0 0 0 0 0 0 0
  0 0 0 0 0 0 0 0 0 0 0 0 0 0 0 1 0 0 0 0 0 0 0 0 0 0 0 0 0 0 0 0 0 1 0 0
  0 0 0 0 0 0 0 0 0 0 0 0 1 1 0 0 0 0 0]
 [0 0 0 0 0 0 0 1 0 0 0 0 0 0 0 0 0 0 0 0 0 0 0 0 0 0 0 0 0 0 0 0 0 1 0 0
  0 0 0 0 0 0 0 0 0 0 0 0 0 1 0 0 0 0 0 0 0 0 0 0 0 0 0 0 0 0 0 0 0 0 0 0
  0 1 0 0 0 1 0 0 0 0 0 0 0 0 0 0 1 0 0]
 [0 0 0 0 0 0 1 0 0 0 0 0 0 0 1 0 1 0 0 1 0 0 0 0 0 0 0 0 0 0 0 0 1 0 0 0
  0 0 1 0 0 0 0 0 0 0 0 0 0 0 0 0 0 0 0 0 0 0 0 0 0 0 0 0 0 0 1 0 0 0 0 0
  0 0 0 0 0 0 0 0 0 0 0 0 0 0 0 0 0 0 0]
 [0 0 0 0 0 0 0 0 0 0 0 0 0 0 0 0 0 0 0 0 0 0 0 0 0 0 0 0 0 0 1 0 0 0 1 0
  0 0 0 0 0 0 0 0 0 0 0 0 0 0 0 0 0 0 0 0 0 0 0 0 1 0 0 0 1 0 0 0 0 0 0 0
  0 0 0 1 0 0 0 0 0 0 0 0 0 0 0 0 0 0 0]
 [0 0 0 0 0 0 0 0 0 0 0 0 0 0 0 0 0 0 0 0 0 0 0 0 0 0 0 0 0 0 0 0 0 0 0 0
  0 1 0 1 0 0 0 0 0 0 0 0 0 0 0 0 0 0 0 0 0 0 0 0 0 0 0 1 0 0 0 0 1 0 0 0
  0 0 0 0 0 0 0 0 0 0 0 1 0 0 0 0 0 0 0]]
end
