mac
5
end
job
100
end
fam
5
end
proc_times
[[  0  44  38  45   4  73  49   7   8  40  53  41  82  27  31  53  70  55
   27  80  39  81  11  95  63  96  55  70  59  68  40  57  33  10  68  21
   22  49  35  54  87  39  87   7  82  82  61  22  14   6  65  79   5  80
   41  73  77   7  32  23  79  56  54   8  92  24  16 100  29  46  57  50
   62   8   8  18  55  69  94  30  69  34  87  32  91  52  44  91  58  40
   84  77  18  89  89  88  57  75  99   8  95]
 [  0  56  19  88  95  97  84  35  51  60  14  78  51   6  57  31  96  31
   69  30  59  26  10  22  67  90  20  50  57  66   2   4  95  37  56  64
   67  79  50  62  24  63  46  36   9  68  30  80  97  38  45  93  27  33
    1  83  66   2  62  76   8  44   2   1  94  79   1  44  50  17  39  22
   85   3  19  36  27  55  24  57  21  71  54  28  65   5  36   4  69  43
   93  63  83  61  67  71  66  57  33  39   2]
 [  0   7   3  77  33  52  29  77  66  47  78  44  62  53  57  58  45  52
   78  40  21   2  67  70  84   8  39  21  40  58 100   6  84  80   7  91
   71  26  13  23  66  89  40  60  68  13  69   4  24  16  63   4  72  16
   61  72   9  19  19  70  93  93   4  84  13  43  34  61  88  68  41  46
   22  86 100  54  97  60  83  63  75  63  66  60  21 100  46  39   9  62
   35  10  27  36   1  32  48  68  71  21  48]
 [  0  76  84  22  43  28  93  16 100   6  51  89   3  65  15  57  23  63
   35  55  30  43  29  16  27  80  22  99  77  36  33  97  59  17  50  21
   13  12   7   1  80  44  78  68  17  13  80  13  25   7  13  48  54  15
   23  18  62  35  14  58  84  26  98  44  40   2  78  48   1  74   7 100
   15  49  64  15  32  66  35  59  61  41  75  78  40  90  98  52  37  77
   80  40   3  88  92  47  91  17  72  57  72]
 [  0  22  56  15  41  92  51  96  31  32  55  32  78  46  52  39  47  86
   61  27   6  93  91  14  40  44  98  67  68  37  52  54  25  31  77  28
   79  76  79  35  31  68  50  49   9  65  29  74   1  50  58  94  98  66
   50   2  67  68  63  97  40  12  88  65  53  59  84   3  98  51   8  33
  100  82  22  43   5  20  10  28  44  28  41  43  22  73  13   9  28  15
   32  13  99  40  44  74  72  29  46  85  54]]
end
weight
[[ 0 18 87 66 98 33  8 37  6 63  3  6 54 80 60 91 14 33 71 68  2 99  5 86
  62 23 68 43 77 18 70 60 40 64 50 10 79 91 79 76 77  2 42 38 50 61 86 90
  48 77 31 34 89 60 99 93 71 30 27 93 99 54 94 51 20 40 22  7 11 18 36 71
  74 21  6 35 93 42 22 42 53 52 10 65 93 20 98 39 55 70 93  5  8 42 75 97
  63  6 21 78 45]]
end
setup_times
[[[ 0 32 34 35 54 45]
  [ 0  0 44 33 54 43]
  [ 0 45  0 39 45 59]
  [ 0 34 39  0 40 58]
  [ 0 38 50 45  0 33]
  [ 0 43 45 35 45  0]]

 [[ 0 38 58 55 49 41]
  [ 0  0 36 59 57 42]
  [ 0 49  0 35 55 43]
  [ 0 45 59  0 51 58]
  [ 0 33 46 59  0 54]
  [ 0 55 44 50 51  0]]

 [[ 0 47 36 33 40 54]
  [ 0  0 44 50 55 38]
  [ 0 52  0 53 40 53]
  [ 0 41 43  0 42 53]
  [ 0 39 36 35  0 58]
  [ 0 57 39 38 33  0]]

 [[ 0 52 41 52 54 35]
  [ 0  0 52 51 35 45]
  [ 0 48  0 34 34 57]
  [ 0 35 47  0 35 52]
  [ 0 42 40 45  0 51]
  [ 0 37 33 47 37  0]]

 [[ 0 50 31 55 36 38]
  [ 0  0 48 34 57 33]
  [ 0 51  0 38 40 55]
  [ 0 50 52  0 56 30]
  [ 0 47 41 42  0 51]
  [ 0 35 37 49 55  0]]]
end
fixed_cost
[[2710 2716 2701 2700 2671]]
end
unit_cost
[[59 46 58 56 56]]
end
job2fam
[[1 0 0 0 0 0 0 0 0 0 0 0 0 0 0 0 0 0 0 0 0 0 0 0 0 0 0 0 0 0 0 0 0 0 0 0
  0 0 0 0 0 0 0 0 0 0 0 0 0 0 0 0 0 0 0 0 0 0 0 0 0 0 0 0 0 0 0 0 0 0 0 0
  0 0 0 0 0 0 0 0 0 0 0 0 0 0 0 0 0 0 0 0 0 0 0 0 0 0 0 0 0]
 [0 0 0 0 0 0 0 0 0 0 0 0 0 0 0 0 1 0 1 0 0 0 0 0 0 0 0 1 0 0 0 0 0 0 0 0
  0 1 0 0 1 0 0 0 0 1 0 0 0 0 0 0 0 1 1 1 0 0 0 0 1 0 1 1 0 0 0 0 0 0 0 0
  0 0 0 0 1 0 0 0 0 0 1 0 0 0 0 0 1 1 1 0 0 0 0 0 0 1 0 0 0]
 [0 0 1 0 0 0 1 1 0 0 1 0 0 0 0 1 0 0 0 0 0 0 1 0 0 0 1 0 0 0 0 1 0 1 0 0
  0 0 0 0 0 0 0 1 0 0 0 0 1 0 0 1 1 0 0 0 0 0 0 0 0 0 0 0 0 0 1 1 0 0 0 1
  0 0 0 0 0 1 0 0 0 0 0 0 0 0 1 0 0 0 0 1 0 1 0 0 1 0 1 0 0]
 [0 1 0 0 1 0 0 0 0 0 0 0 1 1 1 0 0 1 0 0 1 0 0 0 1 0 0 0 0 1 0 0 0 0 0 1
  1 0 0 0 0 1 0 0 0 0 0 0 0 1 1 0 0 0 0 0 0 1 0 0 0 0 0 0 0 0 0 0 1 1 0 0
  0 0 0 1 0 0 0 0 0 1 0 0 1 0 0 0 0 0 0 0 0 0 0 0 0 0 0 0 0]
 [0 0 0 0 0 1 0 0 1 1 0 0 0 0 0 0 0 0 0 1 0 1 0 0 0 0 0 0 1 0 0 0 1 0 0 0
  0 0 1 1 0 0 1 0 0 0 1 0 0 0 0 0 0 0 0 0 0 0 0 1 0 0 0 0 1 1 0 0 0 0 1 0
  1 0 0 0 0 0 1 0 1 0 0 1 0 1 0 0 0 0 0 0 1 0 1 0 0 0 0 0 1]
 [0 0 0 1 0 0 0 0 0 0 0 1 0 0 0 0 0 0 0 0 0 0 0 1 0 1 0 0 0 0 1 0 0 0 1 0
  0 0 0 0 0 0 0 0 1 0 0 1 0 0 0 0 0 0 0 0 1 0 1 0 0 1 0 0 0 0 0 0 0 0 0 0
  0 1 1 0 0 0 0 1 0 0 0 0 0 0 0 1 0 0 0 0 0 0 0 1 0 0 0 1 0]]
end
