mac
5
end
job
100
end
fam
5
end
proc_times
[[  0  79  37  38  13  73  31  46  53  66  32  40  65  48  51  61   9   1
   86  29  63  18  22   9  50  44  61  49  86   7  10   2  28  60  75  41
   60  47   3  51  38  97  98  85  91  47  74  20  82  35  43  96  26  42
   89  29  43  83  30  82  67  62  10  76  69  34  13  71  22  23  44  64
   85  31  83  59  76  40  58  84  50  65  35  51  79  45  45  51  46  82
   12  25  32  17   7  55  63  91  45  45  32]
 [  0  54  51  61  93  30  85  11  13  13  99  52  84  20  12  66  91  17
   97  88   5  60  31  81  57  99  56   4  64  35  62  64   6  46   1  57
   75  53  89  91  59  53  28  81  25  74  20   7  89   5  53  79  90  72
   61  57  38  46  40  41  30   2  83  30  41  64  68  90  10  98  14  44
   19  11  57  97  85  55  13  19  41  25  85  59   2 100  47  96  32  57
   85  98  26  62  28  51  55  23  24  59  89]
 [  0  93   2  79  55  35  84  89  72  37   7  71  44  68  87   6  42  30
   15  98   8  69  76  49  11   2  48  79   4  69  25  82  17  64  32  83
    2 100   8  66  60  96  68  59  42  37  10  55  59  55  41  74  51   4
    9  18  64   5   9   4  53  35  51  76   6  89  69  67  88  42  68  48
   58  72  35  11  82  46  45  23  60   8   1  97 100  35  10  39  11  80
   41  75  39  23  95  51  91  89  81  38  71]
 [  0  84  61  51  40  82  71  47  89   2  21  95   1  84  85   7   9  27
   79  16  64  48  34   6  65  72  23  63  35  30  55  22  40  84  15  22
   41  18  56  91   4  97  99  53   6  44  13  62  68   1  28  65  35   5
   56  97  48  85  54  70  59  49  82  34  45  83  20  79  23  28  80  82
    4  66  41   7  97  78  83  80  39  46  62  88  94  77  55  10   3  87
   58  39  15  23  35  10   8  13  81  30  69]
 [  0  67  53  39  72  31  98  92  61  43  20  82  33  55   2  43  16   2
   66   1  61  61  60  76  76  87   1  46  46  74  98  58  60   1  41   2
   46  26  40  21  82  25  78  48  43  96  95  74  30  75  76  71  45  10
   99  77  13  35  39  90  28  96  86  68  85  80  86  52   3  55  78  44
    4  16  29  51  59  74  18  51  95  57  32  21  92  62   6   4  55  83
   79  72  18  97  70  97  68  96  97  27  65]]
end
weight
[[ 0  8 30 93 95 20 85 37 10 99 98 91 31 43  6 36 16 42 11 11 80  5 37 53
  59 97 43 55 79 20 65 59 97 48 68 58 90  7 24 71 65 85 73 84 24 63 62 53
  50 46  3 55 12 35 32 28 97 32 77  4 18 17 64 81 88 80 28 26  9 26 12 46
  95 42 67 32 13  5 81 47 15 82 90 58 33 88 91 98 55 93 25 30 86 28 91 97
  27  7 61 21 30]]
end
setup_times
[[[ 0 39 49 59 50 32]
  [ 0  0 49 44 35 53]
  [ 0 45  0 45 52 35]
  [ 0 47 52  0 34 35]
  [ 0 57 33 54  0 36]
  [ 0 45 57 35 38  0]]

 [[ 0 57 30 47 34 56]
  [ 0  0 52 39 43 51]
  [ 0 34  0 31 41 57]
  [ 0 32 37  0 57 53]
  [ 0 43 55 42  0 42]
  [ 0 35 55 44 44  0]]

 [[ 0 31 38 51 56 56]
  [ 0  0 58 53 44 30]
  [ 0 32  0 36 50 48]
  [ 0 34 37  0 34 56]
  [ 0 51 37 52  0 49]
  [ 0 53 48 42 54  0]]

 [[ 0 59 48 48 36 53]
  [ 0  0 45 49 34 30]
  [ 0 45  0 58 46 50]
  [ 0 40 38  0 40 48]
  [ 0 37 41 44  0 41]
  [ 0 56 46 43 44  0]]

 [[ 0 39 43 42 41 45]
  [ 0  0 45 39 53 48]
  [ 0 47  0 32 43 34]
  [ 0 44 52  0 47 46]
  [ 0 39 51 34  0 32]
  [ 0 48 44 44 36  0]]]
end
fixed_cost
[[2448 2468 2478 2466 2506]]
end
unit_cost
[[43 60 42 58 42]]
end
job2fam
[[1 0 0 0 0 0 0 0 0 0 0 0 0 0 0 0 0 0 0 0 0 0 0 0 0 0 0 0 0 0 0 0 0 0 0 0
  0 0 0 0 0 0 0 0 0 0 0 0 0 0 0 0 0 0 0 0 0 0 0 0 0 0 0 0 0 0 0 0 0 0 0 0
  0 0 0 0 0 0 0 0 0 0 0 0 0 0 0 0 0 0 0 0 0 0 0 0 0 0 0 0 0]
 [0 0 0 0 0 0 0 0 0 0 0 0 0 0 0 0 1 0 1 0 0 0 0 0 0 0 0 1 0 0 0 0 0 0 0 0
  0 1 0 0 1 0 0 0 0 1 0 0 0 0 0 0 0 1 1 1 0 0 0 0 1 0 1 1 0 0 0 0 0 0 0 0
  0 0 0 0 1 0 0 0 0 0 1 0 0 0 0 0 1 1 1 0 0 0 0 0 0 1 0 0 0]
 [0 0 1 0 0 0 1 1 0 0 1 0 0 0 0 1 0 0 0 0 0 0 1 0 0 0 1 0 0 0 0 1 0 1 0 0
  0 0 0 0 0 0 0 1 0 0 0 0 1 0 0 1 1 0 0 0 0 0 0 0 0 0 0 0 0 0 1 1 0 0 0 1
  0 0 0 0 0 1 0 0 0 0 0 0 0 0 1 0 0 0 0 1 0 1 0 0 1 0 1 0 0]
 [0 1 0 0 1 0 0 0 0 0 0 0 1 1 1 0 0 1 0 0 1 0 0 0 1 0 0 0 0 1 0 0 0 0 0 1
  1 0 0 0 0 1 0 0 0 0 0 0 0 1 1 0 0 0 0 0 0 1 0 0 0 0 0 0 0 0 0 0 1 1 0 0
  0 0 0 1 0 0 0 0 0 1 0 0 1 0 0 0 0 0 0 0 0 0 0 0 0 0 0 0 0]
 [0 0 0 0 0 1 0 0 1 1 0 0 0 0 0 0 0 0 0 1 0 1 0 0 0 0 0 0 1 0 0 0 1 0 0 0
  0 0 1 1 0 0 1 0 0 0 1 0 0 0 0 0 0 0 0 0 0 0 0 1 0 0 0 0 1 1 0 0 0 0 1 0
  1 0 0 0 0 0 1 0 1 0 0 1 0 1 0 0 0 0 0 0 1 0 1 0 0 0 0 0 1]
 [0 0 0 1 0 0 0 0 0 0 0 1 0 0 0 0 0 0 0 0 0 0 0 1 0 1 0 0 0 0 1 0 0 0 1 0
  0 0 0 0 0 0 0 0 1 0 0 1 0 0 0 0 0 0 0 0 1 0 1 0 0 1 0 0 0 0 0 0 0 0 0 0
  0 1 1 0 0 0 0 1 0 0 0 0 0 0 0 1 0 0 0 0 0 0 0 1 0 0 0 1 0]]
end
