mac
5
end
job
100
end
fam
8
end
proc_times
[[  0  87  19  79  61  89  85  41  76  50  10  21  76  21  90  56  96  78
   99  88  49  95  97  17  85  52  60  65   5  59   6  46  63  88  88  40
   29  40  20  63  27  87  14  60  16  91  12  91  42  46  42  20   4  74
   94  15   8  47  53  71  88  35  10  32  11  63  66  19   5   4   5  50
   21  14  22  79  91  13   9  13  78  42  31  46  84  88  29  64  67  34
   65   8  86   7  59  17  94  10  72  98  63]
 [  0  83   5  79  62  68  63  62  97  48  10  36  15  95  53  74  34  51
   45  19  83  47  35  62   3  31  82   5  95  15  75  50  84  41  12  72
    4  10  83  55  91  65   7  33  77  88  45  18  38  15  35  96  32  67
   17  89  95  88  83  77  26  78  81  54  42  24  17  49  61  61  15   6
   87  68  25  82  31  38  19   6  46  73  69  15  58  88  62  72  15  53
   50   9  87  79  36  60  19  97  51  36  44]
 [  0   8  27  31  65 100 100  18   6  84  21   5  41  72  90  77  74  70
   73  97  33   9  22  20  78  27   1  17   4  78  98  18  87  19  30  56
   38  29  16   1   3  45  38  57  75   4  23  60  73  75  43   7  90  53
   56   1  50  35   9  80  76  31  68  17  78  10  97   1  73  54  95  93
   34  91  92  16  18  35  39  87  35  45  35  13  51   9  25  64  38  24
   55  87  34  41  75  62  88  79  10  22  68]
 [  0  78   9  46  10  34  35  21  44  87  98  69  19  86  19  31  53  95
   31  93  29  11  25  34  87  17  80  49  53  29  11  21  51  66  36  73
   73  73  47  20  61  80  39  41  79  84   8  58  14  74  26  47  29  43
   62  40  25  34  31  35  57  45  28  80  34  83  62  12  92  35  97  21
   71  29  30  13  55  68  17  54  33  57   6  96  70  96  59  84  84  95
   11  49  84  71  43  83  61 100  36  64   9]
 [  0  41  87  54  30  55  73  58  28  16  39  47  76  14  31  63  43  60
   97  34  53  60  71  86   6   2  47  82  73  23  88  38   3  52  25  69
   49  48  63  23  99  38  51  84  35 100 100  14 100  95  31  75  64  87
    5  55  91   2  92  37   1  49  64  39  57  22  11  22  44  93   5  55
   51  33  30  92  79  69  24  63  57  48  29  51  54  79  73  54  64  91
   46  30  49  40  96  83  69  80  10  51  73]]
end
weight
[[ 0 38 43 73 58 38 35 60 91 78 67 84 88 30  7  9 71  9 49 80 59 70 91 26
  10  1  7 75 29 66  6 88 69 65 99 79 66 14 20 12 74 12 16  4 92 93  8 93
  15 56 60 43 27 72 97 30 10 43 36 60 24 63 66 60  3 90 53 89 36 37 16 58
  86 94 42 30 85 84 84  6 18 92 76 11 48 99 22 20 63 31 71 30 20 71 24 42
  76 39 50 33 67]]
end
setup_times
[[[ 0 56 44 33 41 42 51 57 48]
  [ 0  0 38 56 49 43 45 33 48]
  [ 0 45  0 31 43 50 56 38 47]
  [ 0 50 41  0 52 47 38 46 49]
  [ 0 49 35 44  0 38 45 30 58]
  [ 0 53 36 35 31  0 37 58 34]
  [ 0 53 47 43 44 40  0 54 49]
  [ 0 56 34 36 54 56 46  0 59]
  [ 0 49 48 32 37 32 47 42  0]]

 [[ 0 52 55 54 45 57 42 57 37]
  [ 0  0 57 36 58 58 44 30 36]
  [ 0 44  0 30 41 50 30 50 40]
  [ 0 39 44  0 50 48 36 39 43]
  [ 0 56 36 41  0 35 39 47 48]
  [ 0 44 49 46 55  0 31 44 57]
  [ 0 49 32 59 57 46  0 36 56]
  [ 0 54 32 58 47 59 34  0 56]
  [ 0 51 30 58 53 48 31 31  0]]

 [[ 0 55 55 52 46 33 37 37 56]
  [ 0  0 38 53 46 38 46 58 56]
  [ 0 54  0 57 41 39 57 45 40]
  [ 0 53 45  0 46 36 59 31 47]
  [ 0 36 40 33  0 34 31 43 45]
  [ 0 59 32 44 57  0 58 46 37]
  [ 0 53 55 56 55 55  0 41 39]
  [ 0 46 36 55 59 50 48  0 43]
  [ 0 52 47 43 30 45 38 32  0]]

 [[ 0 31 53 30 50 53 41 50 49]
  [ 0  0 34 58 38 34 33 58 48]
  [ 0 57  0 37 36 57 36 38 35]
  [ 0 41 57  0 39 43 52 37 31]
  [ 0 59 38 52  0 32 44 40 50]
  [ 0 32 31 53 52  0 34 41 42]
  [ 0 56 48 44 39 46  0 32 48]
  [ 0 35 43 51 36 55 41  0 48]
  [ 0 30 36 30 39 58 35 56  0]]

 [[ 0 58 40 33 50 42 56 49 48]
  [ 0  0 41 52 33 53 41 51 44]
  [ 0 36  0 31 35 41 49 55 36]
  [ 0 58 42  0 48 40 59 45 56]
  [ 0 44 52 51  0 59 30 30 44]
  [ 0 32 47 54 45  0 46 37 37]
  [ 0 33 53 46 57 48  0 55 47]
  [ 0 59 37 57 47 37 59  0 38]
  [ 0 51 44 39 52 47 37 39  0]]]
end
fixed_cost
[[2466 2405 2421 2469 2478]]
end
unit_cost
[[55 56 49 42 41]]
end
job2fam
[[1 0 0 0 0 0 0 0 0 0 0 0 0 0 0 0 0 0 0 0 0 0 0 0 0 0 0 0 0 0 0 0 0 0 0 0
  0 0 0 0 0 0 0 0 0 0 0 0 0 0 0 0 0 0 0 0 0 0 0 0 0 0 0 0 0 0 0 0 0 0 0 0
  0 0 0 0 0 0 0 0 0 0 0 0 0 0 0 0 0 0 0 0 0 0 0 0 0 0 0 0 0]
 [0 0 0 0 0 0 0 0 0 0 0 0 0 0 0 0 0 0 0 0 0 0 0 0 0 0 0 0 0 0 0 0 1 0 0 0
  0 0 0 0 0 1 0 0 0 0 0 0 1 0 1 0 1 0 0 0 0 0 0 0 1 0 1 0 0 0 0 0 0 0 0 0
  0 0 0 0 0 0 0 1 0 0 1 0 0 0 0 0 0 0 0 0 0 0 0 0 0 0 0 0 0]
 [0 0 0 0 0 0 1 0 0 0 0 0 0 0 0 0 1 0 1 0 0 0 1 0 1 0 0 0 0 0 0 0 0 0 0 0
  0 1 0 0 0 0 1 0 0 0 0 0 0 1 0 0 0 0 0 0 0 0 0 0 0 0 0 0 0 0 0 0 0 0 0 0
  0 0 1 0 0 0 0 0 0 0 0 1 0 0 0 0 0 0 0 0 1 0 0 0 0 0 0 1 0]
 [0 1 1 0 0 0 0 0 1 0 0 0 1 0 0 1 0 0 0 0 0 0 0 0 0 0 1 0 0 1 0 0 0 0 0 0
  0 0 0 0 0 0 0 0 0 0 0 0 0 0 0 0 0 0 1 0 0 1 0 0 0 0 0 1 1 0 1 1 0 0 1 0
  1 0 0 0 0 0 0 0 0 0 0 0 0 0 0 0 0 1 0 1 0 1 0 0 0 0 1 0 0]
 [0 0 0 0 0 0 0 0 0 0 0 0 0 1 1 0 0 0 0 1 0 0 0 0 0 0 0 0 0 0 0 1 0 0 0 1
  1 0 0 0 0 0 0 0 0 1 0 1 0 0 0 0 0 0 0 0 0 0 0 1 0 0 0 0 0 1 0 0 0 1 0 0
  0 0 0 0 0 0 0 0 0 0 0 0 0 0 1 0 0 0 0 0 0 0 1 0 1 1 0 0 0]
 [0 0 0 0 0 0 0 1 0 0 0 0 0 0 0 0 0 0 0 0 0 0 0 0 0 0 0 0 0 0 0 0 0 0 1 0
  0 0 0 0 0 0 0 0 1 0 0 0 0 0 0 0 0 0 0 1 0 0 1 0 0 0 0 0 0 0 0 0 1 0 0 0
  0 0 0 0 0 0 0 0 1 0 0 0 0 0 0 0 0 0 1 0 0 0 0 0 0 0 0 0 0]
 [0 0 0 0 0 1 0 0 0 1 0 0 0 0 0 0 0 0 0 0 1 0 0 0 0 1 0 0 0 0 0 0 0 1 0 0
  0 0 0 0 1 0 0 1 0 0 0 0 0 0 0 0 0 0 0 0 0 0 0 0 0 0 0 0 0 0 0 0 0 0 0 0
  0 1 0 0 0 1 0 0 0 1 0 0 1 0 0 1 1 0 0 0 0 0 0 1 0 0 0 0 0]
 [0 0 0 1 1 0 0 0 0 0 0 1 0 0 0 0 0 0 0 0 0 1 0 0 0 0 0 0 0 0 1 0 0 0 0 0
  0 0 0 1 0 0 0 0 0 0 0 0 0 0 0 1 0 1 0 0 0 0 0 0 0 1 0 0 0 0 0 0 0 0 0 0
  0 0 0 1 0 0 1 0 0 0 0 0 0 1 0 0 0 0 0 0 0 0 0 0 0 0 0 0 0]
 [0 0 0 0 0 0 0 0 0 0 1 0 0 0 0 0 0 1 0 0 0 0 0 1 0 0 0 1 1 0 0 0 0 0 0 0
  0 0 1 0 0 0 0 0 0 0 1 0 0 0 0 0 0 0 0 0 1 0 0 0 0 0 0 0 0 0 0 0 0 0 0 1
  0 0 0 0 1 0 0 0 0 0 0 0 0 0 0 0 0 0 0 0 0 0 0 0 0 0 0 0 1]]
end
