mac
5
end
job
100
end
fam
12
end
proc_times
[[  0  88  99  74  23  87  59  86  88  75  48 100  32  51   1   1  17  11
   70  32  63 100  99  49  50   1  90  23  38  19  65  30  42  71   6  29
   31  19  82  92  47  16  30  19   5  70   2  32   7  88  56   4  94  98
   29   4  60  30  60  71  45 100  14  85   4  50  45  49  58  93   8  58
   53   3  22  64  53  10   3  10  69  13  43  23  52  38   3  12  52  82
   94  73  68  54  94  96  33  14  98  61  69]
 [  0  37  12  88  80  58  77  46  47  62  78  47  82  88  82  34  46  13
   59  84  49  28  41  69  21  94  96   6  97  32  32   6  60  35  75   5
   68  81   9  88  82   2  71  69  36  70  19  81  44  98  32  90  56  90
   81  26  91  43  95  37  82   2  19  58  47   7  56  10 100   5  62  10
  100  49  17  72  33  14  77  30  40  68  31  65  30  38  73  73  55   5
   26  80  60  28  23  27  87   9  66  60  76]
 [  0  34  29  68  30  68  21  52  45  45  58  40  69  48  95  54  22  75
   28  24  30   8  35  82   9 100  71  66  61  10  13  37  77  58   5  82
   77  26  99  36  94  84   7   9  45  20  83  53  62   7  29   5  83  43
   65  77  69  72  29  61  79  12  88  54  10  26  34  64  55  79  62  75
   75  83  83  97  84   5  95  37  71  23  35  22   2  67  35   1  85  71
    7  42  45  98   8  22  65  30  89  26  88]
 [  0  24  79  79  70  96  64  41  14  25  43  31  38  35  42  69  49  12
   56  28  97  34  77  79  67  75  22  64  51  69  71  59   9  78  31  98
    4  98  13  43  23  13  81  28  91  72  27  45  74  81  55  89  14  42
   72  92  59  34  39   6  62   3  66  44  46  48  12  49  10  11  55  96
   96  89  61  47  27  34  24  73  72  48  18  68  31  63  14  24  74  11
   47  33  24  59  28  94  70  17  80  52  66]
 [  0  62  63  46  89  54  65  38  59  24  42  53  40  31   9  95  43  72
   65  80  53  88  40  80  55  49  31  26  87  63  47  58  45  70  69  57
   44  81  25  49  32  66  44  46  96  73   2  69  42  98  89  19  93  22
   23  80  92 100  78  79  31  56  90   7  38  91  88  39   5  76  16  24
   76  36   1   4  14  42  73   2  16  81  33  94   7  56  46  71  29  62
   99  66  78  46  41 100  74  95  97  33  55]]
end
weight
[[ 0 37 96 43  3 64 87 56 94 29 44 56 31 52 32 86 94 61 51  1 36 96 63 40
  81 29 22 86 62  6 90 76 28 53 35 46 50 97 35 42  4 92 65 98 45 74 28 53
  15 26 12 10 27 44 54 87 32 30 33 70 69 16 98 40 89 91 72 86 94 79 49 73
  31 17 15 93  7 56 42 61 82  4 10 40 35 72 56 30 14 53 26 68 86 35 80 13
  88 34 91 36 89]]
end
setup_times
[[[ 0 39 58 55 51 57 39 45 40 43 38 46 36]
  [ 0  0 31 41 40 33 45 30 36 42 32 36 37]
  [ 0 58  0 42 38 36 52 57 34 40 36 41 56]
  [ 0 52 47  0 49 52 30 32 36 41 31 36 45]
  [ 0 43 53 33  0 57 47 58 39 33 39 32 37]
  [ 0 45 46 50 36  0 56 41 39 51 47 48 51]
  [ 0 37 57 38 48 31  0 38 51 59 41 48 30]
  [ 0 50 49 39 58 45 56  0 38 58 42 57 34]
  [ 0 37 47 41 42 50 55 31  0 37 34 43 49]
  [ 0 35 40 46 49 40 34 55 41  0 56 34 36]
  [ 0 41 37 42 59 37 59 34 43 32  0 50 58]
  [ 0 39 52 48 58 41 53 43 36 37 48  0 43]
  [ 0 32 56 48 40 47 37 35 51 46 41 45  0]]

 [[ 0 49 58 49 55 36 58 55 54 42 41 31 40]
  [ 0  0 43 39 35 51 49 54 35 32 53 30 44]
  [ 0 43  0 48 41 56 31 53 52 33 30 43 48]
  [ 0 53 46  0 40 46 57 47 42 35 39 54 54]
  [ 0 57 42 31  0 53 37 58 56 36 46 48 36]
  [ 0 45 59 41 53  0 51 35 47 39 37 52 31]
  [ 0 30 38 41 43 48  0 48 58 51 49 34 42]
  [ 0 59 41 37 31 32 51  0 50 52 53 42 42]
  [ 0 59 58 56 50 54 44 59  0 35 58 30 38]
  [ 0 33 37 54 34 54 33 41 47  0 46 45 42]
  [ 0 58 39 39 52 59 30 52 31 49  0 57 37]
  [ 0 45 41 46 46 36 45 34 57 55 58  0 34]
  [ 0 57 32 59 49 39 40 31 58 34 39 55  0]]

 [[ 0 35 53 34 49 55 59 35 45 30 49 41 54]
  [ 0  0 59 52 30 39 33 45 57 48 33 35 32]
  [ 0 31  0 47 40 53 52 52 44 44 31 30 53]
  [ 0 31 31  0 40 52 41 42 30 43 44 54 36]
  [ 0 44 40 41  0 44 41 35 58 42 55 37 32]
  [ 0 45 33 46 34  0 52 56 46 35 38 31 49]
  [ 0 30 54 35 37 31  0 48 53 37 51 35 56]
  [ 0 36 59 41 33 33 45  0 45 54 44 33 35]
  [ 0 59 43 41 55 41 53 54  0 57 56 34 34]
  [ 0 58 59 50 49 53 52 41 44  0 41 41 48]
  [ 0 56 42 37 38 59 58 30 46 49  0 49 42]
  [ 0 48 31 42 58 37 47 30 56 52 33  0 55]
  [ 0 54 43 55 47 35 48 47 51 45 48 35  0]]

 [[ 0 36 48 49 45 51 42 54 38 40 47 41 54]
  [ 0  0 49 37 31 51 34 58 42 48 45 48 48]
  [ 0 59  0 49 37 47 36 56 59 37 58 48 37]
  [ 0 49 47  0 44 49 54 56 34 45 55 33 44]
  [ 0 30 39 32  0 43 35 52 36 30 56 48 54]
  [ 0 59 38 48 43  0 46 49 47 50 32 56 45]
  [ 0 59 39 49 59 55  0 48 55 57 38 37 30]
  [ 0 36 54 38 39 39 43  0 37 45 49 42 33]
  [ 0 32 55 42 34 41 39 45  0 40 56 59 40]
  [ 0 58 54 58 30 33 43 42 43  0 48 37 57]
  [ 0 44 43 55 31 52 40 32 54 55  0 59 55]
  [ 0 35 57 50 41 44 30 57 33 39 33  0 54]
  [ 0 57 50 41 59 58 48 59 35 43 52 51  0]]

 [[ 0 47 52 33 42 30 50 51 50 48 34 52 38]
  [ 0  0 48 41 40 59 38 49 59 31 53 52 53]
  [ 0 44  0 32 39 57 50 52 37 47 56 33 58]
  [ 0 49 49  0 39 40 36 48 51 30 39 40 52]
  [ 0 32 58 50  0 57 50 55 53 57 32 33 33]
  [ 0 38 47 58 44  0 30 54 49 54 36 58 57]
  [ 0 49 57 51 52 51  0 57 40 46 42 58 56]
  [ 0 33 58 34 43 39 32  0 40 42 30 30 46]
  [ 0 31 43 59 55 42 39 39  0 39 38 52 40]
  [ 0 32 41 57 41 53 54 53 53  0 45 45 50]
  [ 0 40 52 46 46 59 46 59 37 49  0 45 56]
  [ 0 58 47 56 55 51 55 53 42 51 48  0 34]
  [ 0 39 32 58 57 34 52 41 44 38 43 57  0]]]
end
fixed_cost
[[2668 2658 2611 2676 2625]]
end
unit_cost
[[57 44 51 45 60]]
end
job2fam
[[1 0 0 0 0 0 0 0 0 0 0 0 0 0 0 0 0 0 0 0 0 0 0 0 0 0 0 0 0 0 0 0 0 0 0 0
  0 0 0 0 0 0 0 0 0 0 0 0 0 0 0 0 0 0 0 0 0 0 0 0 0 0 0 0 0 0 0 0 0 0 0 0
  0 0 0 0 0 0 0 0 0 0 0 0 0 0 0 0 0 0 0 0 0 0 0 0 0 0 0 0 0]
 [0 0 0 0 0 1 0 1 0 0 0 0 0 0 1 0 0 0 0 0 0 0 0 0 0 0 0 0 0 0 0 0 0 0 0 0
  0 0 0 0 0 0 0 0 0 0 0 0 0 0 0 0 0 0 0 0 0 0 0 0 1 0 0 0 0 0 0 0 0 0 0 0
  0 0 0 0 0 0 0 0 0 1 0 0 0 0 0 1 0 0 0 0 0 0 0 0 0 0 0 0 0]
 [0 0 0 0 0 0 0 0 0 1 1 0 0 0 0 0 0 1 0 0 0 0 1 0 0 0 0 0 0 0 0 0 0 0 0 0
  0 0 0 0 0 0 0 0 0 0 0 0 0 0 1 0 0 0 0 0 1 0 0 0 0 1 0 0 0 0 0 0 0 0 0 0
  0 0 0 0 1 0 0 0 0 0 0 0 0 0 0 0 0 0 0 0 0 0 0 1 1 0 0 0 0]
 [0 0 0 0 0 0 1 0 0 0 0 0 0 0 0 0 0 0 0 0 0 0 0 0 0 0 0 0 0 0 0 0 0 0 0 1
  0 0 0 0 0 0 0 0 0 0 0 0 0 0 0 0 0 0 0 0 0 1 0 0 0 0 0 0 0 0 0 0 0 0 1 0
  0 0 0 0 0 0 0 0 0 0 0 0 0 0 0 0 0 0 0 0 1 0 0 0 0 0 0 0 0]
 [0 0 0 0 0 0 0 0 0 0 0 1 1 0 0 0 0 0 0 1 0 0 0 1 0 1 0 0 0 0 0 0 1 0 0 0
  0 1 0 0 0 0 0 0 0 0 0 0 0 1 0 0 0 0 0 0 0 0 1 0 0 0 1 0 1 0 0 0 0 0 0 0
  0 0 0 1 0 0 0 0 0 0 0 0 0 0 0 0 0 0 0 0 0 0 0 0 0 0 0 0 0]
 [0 0 0 0 0 0 0 0 0 0 0 0 0 1 0 1 0 0 0 0 0 0 0 0 0 0 0 0 0 1 0 0 0 0 1 0
  0 0 0 0 0 0 0 0 0 0 0 0 0 0 0 0 0 1 0 0 0 0 0 0 0 0 0 0 0 0 1 0 0 0 0 0
  0 0 0 0 0 0 0 0 0 0 0 0 1 1 0 0 0 0 0 0 0 0 0 0 0 0 0 0 0]
 [0 0 0 0 1 0 0 0 0 0 0 0 0 0 0 0 1 0 0 0 0 0 0 0 0 0 0 0 0 0 0 1 0 0 0 0
  1 0 0 0 0 0 1 1 1 0 0 0 0 0 0 0 0 0 1 0 0 0 0 1 0 0 0 0 0 1 0 1 0 0 0 1
  0 0 0 0 0 0 0 0 0 0 0 1 0 0 0 0 0 0 0 0 0 0 0 0 0 0 0 1 0]
 [0 0 0 0 0 0 0 0 0 0 0 0 0 0 0 0 0 0 0 0 0 0 0 0 0 0 0 0 0 0 0 0 0 1 0 0
  0 0 0 0 0 0 0 0 0 0 0 0 0 0 0 1 0 0 0 0 0 0 0 0 0 0 0 0 0 0 0 0 0 0 0 0
  0 0 0 0 0 1 0 1 0 0 0 0 0 0 1 0 0 0 0 1 0 0 0 0 0 0 0 0 0]
 [0 0 1 0 0 0 0 0 1 0 0 0 0 0 0 0 0 0 0 0 0 1 0 0 0 0 0 0 1 0 0 0 0 0 0 0
  0 0 0 0 0 0 0 0 0 0 0 0 1 0 0 0 0 0 0 1 0 0 0 0 0 0 0 0 0 0 0 0 0 0 0 0
  0 0 0 0 0 0 0 0 0 0 0 0 0 0 0 0 0 0 0 0 0 0 0 0 0 0 0 0 1]
 [0 1 0 0 0 0 0 0 0 0 0 0 0 0 0 0 0 0 0 0 0 0 0 0 1 0 0 1 0 0 1 0 0 0 0 0
  0 0 1 0 0 0 0 0 0 1 0 0 0 0 0 0 0 0 0 0 0 0 0 0 0 0 0 0 0 0 0 0 0 0 0 0
  0 0 1 0 0 0 0 0 0 0 0 0 0 0 0 0 0 0 1 0 0 1 0 0 0 0 0 0 0]
 [0 0 0 0 0 0 0 0 0 0 0 0 0 0 0 0 0 0 0 0 0 0 0 0 0 0 0 0 0 0 0 0 0 0 0 0
  0 0 0 0 0 0 0 0 0 0 1 1 0 0 0 0 1 0 0 0 0 0 0 0 0 0 0 1 0 0 0 0 0 0 0 0
  1 0 0 0 0 0 1 0 0 0 1 0 0 0 0 0 1 1 0 0 0 0 1 0 0 0 0 0 0]
 [0 0 0 1 0 0 0 0 0 0 0 0 0 0 0 0 0 0 1 0 0 0 0 0 0 0 0 0 0 0 0 0 0 0 0 0
  0 0 0 0 0 0 0 0 0 0 0 0 0 0 0 0 0 0 0 0 0 0 0 0 0 0 0 0 0 0 0 0 0 1 0 0
  0 0 0 0 0 0 0 0 0 0 0 0 0 0 0 0 0 0 0 0 0 0 0 0 0 1 0 0 0]
 [0 0 0 0 0 0 0 0 0 0 0 0 0 0 0 0 0 0 0 0 1 0 0 0 0 0 1 0 0 0 0 0 0 0 0 0
  0 0 0 1 1 1 0 0 0 0 0 0 0 0 0 0 0 0 0 0 0 0 0 0 0 0 0 0 0 0 0 0 1 0 0 0
  0 1 0 0 0 0 0 0 1 0 0 0 0 0 0 0 0 0 0 0 0 0 0 0 0 0 1 0 0]]
end
