mac
5
end
job
100
end
fam
12
end
proc_times
[[  0  50  54  54   5  15   7  93  13  90   6  57  54  38  38  65   5  92
   92  40  72  92  11  67  76  73  15  22  45   2  51  23  16  89  12  24
   47  13  22  29  63   5  37  93  34  69   6  44  77  47  14  49  85  62
   13  24  38   8  23  50  57   8  81  65  19  71  40  31   8  17  20  98
   85  47  81  77   1  77  86  85  60   4   5  36  84   7  79  40  62  61
   58  31  35   7  79  48  95  57  84  63  95]
 [  0  24  30  20  49  44  42   2  30   4  81  76  93  14  11  69  91  88
   38  48  63  26  22  63  68  41  64  71  87  40  33  60  35  89  97  27
   88  94  69  70   8  59  11  60  87  55  58  77  74  13  17  73  25  13
   52  41  34  91  61  60  54  91  59  26   2  55  85  67  23  34  58  33
   78  32  11  87  11  69  94  98  40  52  59  92  98  59  19  77  78  88
    1  21  97  18   9  73  16  78  94  35  96]
 [  0  45  52  66  11   6  96   3  45  16  91  83  17  82  76 100  95 100
   28  97 100  25  74  71  70  40  64 100  16  53  51  82  32  51  55  24
   62  47  70  33  60  32  27  31  91   1  60  38  80  67  39  73  97  59
   13  34  83   2  20  29  76  47  39  37  96  53 100  32  71  63   7  52
   86  60  42  52  99  33  35  40  77  54  63  23  17   4  98  96  67  16
   48  54   5  44  49  73  10  71   9  68   2]
 [  0   9  51  88  12  43  57  16  87  75  95  95  10  39  97  58  58  12
   65   6  14  49  93  64   2  50  31  16  28  68  60  15  38  90   2  19
   48  37  84  41  53  88  17  49  85  80  16  75  51  77  21  24   9  19
   71  99  59   3  13  83  86  18  25  94  96  64  94  46  42  83  84  14
   65  15  48  43  28  13  37  52  11  66  87  90  25  40  53  61  82  40
   36   4  76  38  51   5  26  34  64  61  15]
 [  0  11  79  26  58  91  54  86  78  56  44  23  71  58   3   6  46  91
   35  19  59  26  14  30  32  86  22  67  20   6 100  67  25  67  57  26
   92  11  11  78  19  48  11  86  69  47  23  96  98   2  55   7  29   4
   96  83  86  64  23  17  83  24  30  92   6  20  41  62  99  51  31  17
   20  92  73  33  97  37  11   5  40  84  26  80  57  43  68  67  52  46
   99   8  73  61  22  33  92  61  10  92  82]]
end
weight
[[ 0 66 66 18 61 89 26 16 51 41 47 37 76 78 92 15 23 39 73 20 87 34 57 23
  74 50 79 38 51 71 27 20 69 97 81 27 34 70 66 55 67 48 85 24 91 51 98 47
  31 94 97 20  5 58 20 28 62 79 65  6 47 40 19  9 83 96 76 90 44 28 20 25
  96 76 45 17 57 95 97 36 60 93 55 92  3 89 83 52 23 67 14 12 41 62 16 72
   7 70 81 78  4]]
end
setup_times
[[[ 0 58 39 37 45 40 44 35 54 42 55 44 31]
  [ 0  0 47 55 36 50 36 34 48 53 34 39 58]
  [ 0 59  0 42 47 36 53 48 36 52 50 45 42]
  [ 0 47 52  0 59 41 59 55 34 54 43 48 30]
  [ 0 50 56 30  0 40 39 47 32 33 42 43 32]
  [ 0 47 55 51 49  0 58 56 56 42 58 59 50]
  [ 0 40 43 54 55 44  0 32 30 43 56 47 30]
  [ 0 56 42 37 54 58 31  0 58 48 35 37 44]
  [ 0 55 58 49 51 36 51 52  0 55 57 58 36]
  [ 0 40 32 49 33 36 46 47 46  0 37 51 57]
  [ 0 46 46 46 46 43 33 42 35 51  0 49 39]
  [ 0 32 35 36 57 36 32 31 54 56 30  0 32]
  [ 0 30 48 58 58 41 31 31 41 30 43 32  0]]

 [[ 0 43 53 44 40 35 47 42 36 55 31 50 49]
  [ 0  0 32 36 56 33 33 35 55 52 46 34 33]
  [ 0 40  0 30 52 38 44 55 37 40 32 40 30]
  [ 0 39 51  0 35 44 39 34 35 50 53 41 53]
  [ 0 42 41 58  0 53 45 59 57 47 36 30 37]
  [ 0 43 44 53 30  0 35 58 56 47 45 48 52]
  [ 0 50 31 40 35 40  0 47 42 58 34 32 36]
  [ 0 56 41 53 38 55 51  0 30 49 58 32 33]
  [ 0 52 58 56 37 33 56 36  0 40 38 42 58]
  [ 0 41 58 47 44 45 57 40 47  0 38 33 35]
  [ 0 50 39 51 51 37 30 49 53 53  0 32 59]
  [ 0 37 55 49 47 40 33 51 40 47 53  0 37]
  [ 0 42 41 31 42 44 36 33 45 44 48 59  0]]

 [[ 0 40 54 31 31 50 38 54 37 35 52 39 46]
  [ 0  0 36 42 54 44 56 57 57 58 36 46 38]
  [ 0 30  0 46 32 32 52 45 59 36 51 31 52]
  [ 0 42 55  0 48 37 46 43 40 34 40 57 31]
  [ 0 58 59 42  0 58 34 35 35 33 52 51 36]
  [ 0 56 52 48 47  0 59 31 45 49 31 46 55]
  [ 0 38 48 32 37 54  0 39 52 44 51 31 30]
  [ 0 48 43 36 36 46 48  0 55 31 53 51 41]
  [ 0 54 48 38 30 50 54 58  0 58 31 47 45]
  [ 0 34 47 49 35 39 43 50 48  0 42 34 42]
  [ 0 55 42 54 51 32 52 48 48 37  0 35 46]
  [ 0 34 33 35 42 45 42 46 57 34 53  0 45]
  [ 0 33 46 53 34 45 36 56 33 54 56 42  0]]

 [[ 0 31 57 45 56 30 40 39 42 34 53 35 58]
  [ 0  0 59 38 45 50 36 51 30 59 38 53 39]
  [ 0 37  0 36 55 57 54 39 46 32 52 57 35]
  [ 0 38 44  0 40 36 31 37 39 38 55 51 54]
  [ 0 43 52 37  0 40 54 43 54 41 56 37 43]
  [ 0 40 31 59 35  0 46 31 31 36 41 54 42]
  [ 0 55 37 42 51 59  0 36 39 30 46 39 41]
  [ 0 37 31 57 42 43 50  0 50 51 38 41 52]
  [ 0 36 32 45 50 44 41 35  0 39 42 51 47]
  [ 0 31 34 48 45 34 34 39 55  0 52 58 51]
  [ 0 53 33 32 37 59 41 49 44 30  0 54 41]
  [ 0 50 49 50 48 54 55 54 57 44 39  0 32]
  [ 0 38 43 36 31 43 36 55 35 53 45 47  0]]

 [[ 0 36 39 36 43 31 36 42 45 45 36 39 33]
  [ 0  0 35 50 35 41 57 40 46 54 57 38 41]
  [ 0 46  0 59 35 39 33 32 32 33 57 50 53]
  [ 0 33 35  0 46 42 39 36 41 59 57 58 50]
  [ 0 48 37 35  0 59 34 58 46 34 53 51 31]
  [ 0 46 56 53 53  0 54 46 37 31 47 32 46]
  [ 0 52 39 41 56 59  0 48 38 49 30 45 31]
  [ 0 37 31 56 52 40 48  0 34 56 35 52 50]
  [ 0 32 45 38 43 43 40 32  0 35 42 34 31]
  [ 0 59 56 45 53 30 44 43 49  0 40 56 34]
  [ 0 52 36 40 34 56 54 57 31 31  0 43 45]
  [ 0 53 47 48 49 30 30 45 52 49 52  0 55]
  [ 0 35 55 44 38 56 42 51 40 40 53 31  0]]]
end
fixed_cost
[[2584 2540 2530 2503 2555]]
end
unit_cost
[[46 56 59 46 46]]
end
job2fam
[[1 0 0 0 0 0 0 0 0 0 0 0 0 0 0 0 0 0 0 0 0 0 0 0 0 0 0 0 0 0 0 0 0 0 0 0
  0 0 0 0 0 0 0 0 0 0 0 0 0 0 0 0 0 0 0 0 0 0 0 0 0 0 0 0 0 0 0 0 0 0 0 0
  0 0 0 0 0 0 0 0 0 0 0 0 0 0 0 0 0 0 0 0 0 0 0 0 0 0 0 0 0]
 [0 0 0 0 0 1 0 1 0 0 0 0 0 0 1 0 0 0 0 0 0 0 0 0 0 0 0 0 0 0 0 0 0 0 0 0
  0 0 0 0 0 0 0 0 0 0 0 0 0 0 0 0 0 0 0 0 0 0 0 0 1 0 0 0 0 0 0 0 0 0 0 0
  0 0 0 0 0 0 0 0 0 1 0 0 0 0 0 1 0 0 0 0 0 0 0 0 0 0 0 0 0]
 [0 0 0 0 0 0 0 0 0 1 1 0 0 0 0 0 0 1 0 0 0 0 1 0 0 0 0 0 0 0 0 0 0 0 0 0
  0 0 0 0 0 0 0 0 0 0 0 0 0 0 1 0 0 0 0 0 1 0 0 0 0 1 0 0 0 0 0 0 0 0 0 0
  0 0 0 0 1 0 0 0 0 0 0 0 0 0 0 0 0 0 0 0 0 0 0 1 1 0 0 0 0]
 [0 0 0 0 0 0 1 0 0 0 0 0 0 0 0 0 0 0 0 0 0 0 0 0 0 0 0 0 0 0 0 0 0 0 0 1
  0 0 0 0 0 0 0 0 0 0 0 0 0 0 0 0 0 0 0 0 0 1 0 0 0 0 0 0 0 0 0 0 0 0 1 0
  0 0 0 0 0 0 0 0 0 0 0 0 0 0 0 0 0 0 0 0 1 0 0 0 0 0 0 0 0]
 [0 0 0 0 0 0 0 0 0 0 0 1 1 0 0 0 0 0 0 1 0 0 0 1 0 1 0 0 0 0 0 0 1 0 0 0
  0 1 0 0 0 0 0 0 0 0 0 0 0 1 0 0 0 0 0 0 0 0 1 0 0 0 1 0 1 0 0 0 0 0 0 0
  0 0 0 1 0 0 0 0 0 0 0 0 0 0 0 0 0 0 0 0 0 0 0 0 0 0 0 0 0]
 [0 0 0 0 0 0 0 0 0 0 0 0 0 1 0 1 0 0 0 0 0 0 0 0 0 0 0 0 0 1 0 0 0 0 1 0
  0 0 0 0 0 0 0 0 0 0 0 0 0 0 0 0 0 1 0 0 0 0 0 0 0 0 0 0 0 0 1 0 0 0 0 0
  0 0 0 0 0 0 0 0 0 0 0 0 1 1 0 0 0 0 0 0 0 0 0 0 0 0 0 0 0]
 [0 0 0 0 1 0 0 0 0 0 0 0 0 0 0 0 1 0 0 0 0 0 0 0 0 0 0 0 0 0 0 1 0 0 0 0
  1 0 0 0 0 0 1 1 1 0 0 0 0 0 0 0 0 0 1 0 0 0 0 1 0 0 0 0 0 1 0 1 0 0 0 1
  0 0 0 0 0 0 0 0 0 0 0 1 0 0 0 0 0 0 0 0 0 0 0 0 0 0 0 1 0]
 [0 0 0 0 0 0 0 0 0 0 0 0 0 0 0 0 0 0 0 0 0 0 0 0 0 0 0 0 0 0 0 0 0 1 0 0
  0 0 0 0 0 0 0 0 0 0 0 0 0 0 0 1 0 0 0 0 0 0 0 0 0 0 0 0 0 0 0 0 0 0 0 0
  0 0 0 0 0 1 0 1 0 0 0 0 0 0 1 0 0 0 0 1 0 0 0 0 0 0 0 0 0]
 [0 0 1 0 0 0 0 0 1 0 0 0 0 0 0 0 0 0 0 0 0 1 0 0 0 0 0 0 1 0 0 0 0 0 0 0
  0 0 0 0 0 0 0 0 0 0 0 0 1 0 0 0 0 0 0 1 0 0 0 0 0 0 0 0 0 0 0 0 0 0 0 0
  0 0 0 0 0 0 0 0 0 0 0 0 0 0 0 0 0 0 0 0 0 0 0 0 0 0 0 0 1]
 [0 1 0 0 0 0 0 0 0 0 0 0 0 0 0 0 0 0 0 0 0 0 0 0 1 0 0 1 0 0 1 0 0 0 0 0
  0 0 1 0 0 0 0 0 0 1 0 0 0 0 0 0 0 0 0 0 0 0 0 0 0 0 0 0 0 0 0 0 0 0 0 0
  0 0 1 0 0 0 0 0 0 0 0 0 0 0 0 0 0 0 1 0 0 1 0 0 0 0 0 0 0]
 [0 0 0 0 0 0 0 0 0 0 0 0 0 0 0 0 0 0 0 0 0 0 0 0 0 0 0 0 0 0 0 0 0 0 0 0
  0 0 0 0 0 0 0 0 0 0 1 1 0 0 0 0 1 0 0 0 0 0 0 0 0 0 0 1 0 0 0 0 0 0 0 0
  1 0 0 0 0 0 1 0 0 0 1 0 0 0 0 0 1 1 0 0 0 0 1 0 0 0 0 0 0]
 [0 0 0 1 0 0 0 0 0 0 0 0 0 0 0 0 0 0 1 0 0 0 0 0 0 0 0 0 0 0 0 0 0 0 0 0
  0 0 0 0 0 0 0 0 0 0 0 0 0 0 0 0 0 0 0 0 0 0 0 0 0 0 0 0 0 0 0 0 0 1 0 0
  0 0 0 0 0 0 0 0 0 0 0 0 0 0 0 0 0 0 0 0 0 0 0 0 0 1 0 0 0]
 [0 0 0 0 0 0 0 0 0 0 0 0 0 0 0 0 0 0 0 0 1 0 0 0 0 0 1 0 0 0 0 0 0 0 0 0
  0 0 0 1 1 1 0 0 0 0 0 0 0 0 0 0 0 0 0 0 0 0 0 0 0 0 0 0 0 0 0 0 1 0 0 0
  0 1 0 0 0 0 0 0 1 0 0 0 0 0 0 0 0 0 0 0 0 0 0 0 0 0 1 0 0]]
end
