mac
5
end
job
100
end
fam
12
end
proc_times
[[  0  78  41  50  90  51  82  12  64  86  40  48  64  96  43   4   1  76
   47  29  42  69  42  92  26  46  29  77   8  10  52  27  24  55  85  88
   93  83  49  72  65  89   1  61  88  97  91  16  81  65  61  31  94  99
   21 100  36  80  67  65  96  67  91  45  46  17  94  57  43  71  62  14
   20  78  65  76  43  24  15  32  19  27  89  36   7   4  41  26  51  36
   40  80  62  78  69  76  70   7   5  17  72]
 [  0  14  74  99  25  74  61  73  96  14   8  29  90  78  54  45  91  73
   61  86  34  15  23  79  74  60  59   6  26  34  45  79  28  24  66  30
   17  31  35  72  96  47  50  33  88  52  54  27  15  93  90 100  60  54
   74  81  67  45  50  71   3  76  78  38  15  73  58  16  96  57  57  90
   84  91  15  28  18   2   1  18  95  96  53  15  36  41  27  61  75  38
   68  25  26  79  57  53  79  88  58  69  24]
 [  0  68  83  34  81  88  51   7  55  27  60  64  91  36  25  72  51  31
   38  32  33  62  38  15  65  21  55  77   4  83  11  44  56  77  23  55
   84  96  19  45  18  21  48  27  28  97  15  82  91  72  31  60  98  93
   33  81  65  43  11  68  99  53  40  54  25  25  97  34  86  95   4   3
   97  24  79  69  33  81  56  58  48  48  19  86  65  27  60  97  92  94
   52  71  64   2  92  39  79  50  36  59  54]
 [  0  91  73  55  15  54  10  43  13  30  53  97  33  30  89   3  17 100
   77  28  27   4  49  26  65  31  44  50  23  21  14  94  32   8   3  71
   12  35  96  43  58  16  32  64  93  18  88  35  20  13  79  35  81  69
   86  29  56  73  25  79  37  65  30  32  42  14  43  48  80  88  77  31
   71  94  99  56  98  42  29   6  82   8  20  17  33  45  94  99  10  68
   73  83  75  41  80  91  51  63  11  86  76]
 [  0  55  55  31  16  62  23  29  23  54   9  74   7  13  14  17  20  95
   63  96   1  77  46  53  25  91  85  64  92  86 100  96  80  91  63  29
   45  24  99  27  81  58  96  37  57  39  87  36  27  46  72  33  63  24
   73   9  88  65  17  19  74  87  47  70  92  23  10  86  13  94  77  51
   72  16  97   9  64  87  84  97 100  95  30  57  25  91  24  37  59  40
  100  73  62  50  67  88   3   4  63   2   9]]
end
weight
[[ 0 83 93 88 91 20 48 30 87 91 84 64 63 50 76 97 91  1 71  9 87 11 82 82
  51 10 49 84 39 60  6  1 22 14  3 20 60 99 50 86 30 15 12 19 60 53 97 22
  10 16 71  4 56 22 81 18 93 61 29 22 67 14 58 25  1 42 59 64 11 78 88 59
  15 69 70 14 86  3 33 21 56 34 47 63 31  3 47 27 80 94 88 18 60 81 49 74
  12 33 64 30 62]]
end
setup_times
[[[ 0 53 47 54 54 48 47 51 44 35 51 52 32]
  [ 0  0 46 36 59 49 33 43 50 34 51 51 45]
  [ 0 46  0 38 41 51 49 35 39 56 48 47 59]
  [ 0 38 41  0 44 59 56 35 48 45 58 53 37]
  [ 0 49 55 47  0 55 36 30 44 36 49 35 30]
  [ 0 51 44 50 46  0 53 31 38 49 51 49 42]
  [ 0 47 34 50 50 36  0 43 33 45 30 43 43]
  [ 0 53 39 54 36 40 59  0 32 38 58 58 40]
  [ 0 40 41 33 35 48 33 33  0 46 41 36 35]
  [ 0 36 52 54 58 58 40 58 49  0 32 38 39]
  [ 0 31 46 47 56 52 40 59 41 52  0 51 36]
  [ 0 56 55 45 57 37 44 50 45 40 45  0 46]
  [ 0 55 36 38 53 44 37 55 41 31 57 59  0]]

 [[ 0 57 46 49 47 56 50 35 37 43 30 38 36]
  [ 0  0 58 56 42 58 52 34 42 41 59 53 56]
  [ 0 38  0 56 50 57 34 48 36 43 43 58 50]
  [ 0 57 37  0 44 58 43 37 30 52 36 41 39]
  [ 0 44 30 31  0 42 50 52 40 41 53 36 51]
  [ 0 55 44 40 31  0 31 38 37 59 58 51 57]
  [ 0 44 53 46 55 41  0 34 48 46 48 57 59]
  [ 0 43 48 57 59 36 55  0 45 31 46 58 30]
  [ 0 30 40 46 50 31 57 47  0 46 41 37 36]
  [ 0 38 37 42 56 34 37 50 51  0 40 38 49]
  [ 0 44 51 53 40 46 47 44 51 30  0 35 52]
  [ 0 54 55 52 46 34 30 36 58 54 52  0 44]
  [ 0 40 43 51 40 51 39 53 58 41 50 44  0]]

 [[ 0 43 38 55 47 36 41 43 33 42 36 35 46]
  [ 0  0 31 41 43 47 36 51 42 47 32 53 52]
  [ 0 56  0 42 43 31 48 54 47 51 58 35 38]
  [ 0 56 51  0 40 43 55 42 47 56 53 38 55]
  [ 0 35 57 30  0 55 52 49 38 58 33 53 58]
  [ 0 37 39 35 52  0 51 45 47 39 38 42 40]
  [ 0 54 40 31 31 35  0 46 49 42 54 51 55]
  [ 0 52 40 52 36 32 39  0 39 45 44 58 57]
  [ 0 57 46 58 47 38 37 38  0 49 55 53 32]
  [ 0 54 50 36 47 46 55 51 44  0 37 49 31]
  [ 0 40 55 56 36 43 35 56 45 46  0 51 43]
  [ 0 53 51 53 41 43 35 38 54 59 55  0 45]
  [ 0 51 52 43 55 56 32 52 53 59 59 48  0]]

 [[ 0 32 36 55 41 46 39 48 47 50 32 55 49]
  [ 0  0 37 56 43 52 50 36 56 32 32 42 56]
  [ 0 58  0 42 41 44 57 40 59 58 54 42 36]
  [ 0 43 30  0 56 35 30 52 48 56 52 51 40]
  [ 0 40 37 47  0 30 57 56 36 34 31 49 48]
  [ 0 38 44 47 43  0 57 40 36 36 40 33 42]
  [ 0 40 32 55 47 30  0 31 40 54 38 53 39]
  [ 0 37 37 33 37 52 48  0 42 33 46 30 43]
  [ 0 35 57 35 43 31 35 52  0 46 39 50 59]
  [ 0 41 39 39 51 47 42 39 49  0 47 31 33]
  [ 0 37 43 47 40 41 30 42 48 40  0 41 43]
  [ 0 42 43 58 58 49 48 32 46 43 39  0 30]
  [ 0 32 45 34 52 51 42 54 43 43 56 47  0]]

 [[ 0 54 46 37 51 59 41 35 38 39 55 59 43]
  [ 0  0 42 36 56 41 55 59 30 50 35 48 48]
  [ 0 47  0 51 33 56 53 51 47 37 47 48 41]
  [ 0 39 35  0 48 59 59 44 59 32 47 48 53]
  [ 0 56 39 39  0 58 37 53 34 43 30 53 41]
  [ 0 49 35 53 34  0 40 52 42 48 46 45 52]
  [ 0 47 53 44 35 47  0 48 32 59 36 35 30]
  [ 0 56 46 43 39 42 59  0 44 38 55 39 35]
  [ 0 43 46 31 39 43 31 30  0 34 36 52 59]
  [ 0 33 43 50 46 36 55 52 33  0 33 50 59]
  [ 0 44 30 37 32 34 52 47 40 40  0 38 36]
  [ 0 51 41 53 30 45 58 31 43 34 42  0 40]
  [ 0 47 49 37 49 56 45 43 39 53 33 41  0]]]
end
fixed_cost
[[2868 2864 2825 2879 2823]]
end
unit_cost
[[57 55 59 44 54]]
end
job2fam
[[1 0 0 0 0 0 0 0 0 0 0 0 0 0 0 0 0 0 0 0 0 0 0 0 0 0 0 0 0 0 0 0 0 0 0 0
  0 0 0 0 0 0 0 0 0 0 0 0 0 0 0 0 0 0 0 0 0 0 0 0 0 0 0 0 0 0 0 0 0 0 0 0
  0 0 0 0 0 0 0 0 0 0 0 0 0 0 0 0 0 0 0 0 0 0 0 0 0 0 0 0 0]
 [0 0 0 0 0 1 0 1 0 0 0 0 0 0 1 0 0 0 0 0 0 0 0 0 0 0 0 0 0 0 0 0 0 0 0 0
  0 0 0 0 0 0 0 0 0 0 0 0 0 0 0 0 0 0 0 0 0 0 0 0 1 0 0 0 0 0 0 0 0 0 0 0
  0 0 0 0 0 0 0 0 0 1 0 0 0 0 0 1 0 0 0 0 0 0 0 0 0 0 0 0 0]
 [0 0 0 0 0 0 0 0 0 1 1 0 0 0 0 0 0 1 0 0 0 0 1 0 0 0 0 0 0 0 0 0 0 0 0 0
  0 0 0 0 0 0 0 0 0 0 0 0 0 0 1 0 0 0 0 0 1 0 0 0 0 1 0 0 0 0 0 0 0 0 0 0
  0 0 0 0 1 0 0 0 0 0 0 0 0 0 0 0 0 0 0 0 0 0 0 1 1 0 0 0 0]
 [0 0 0 0 0 0 1 0 0 0 0 0 0 0 0 0 0 0 0 0 0 0 0 0 0 0 0 0 0 0 0 0 0 0 0 1
  0 0 0 0 0 0 0 0 0 0 0 0 0 0 0 0 0 0 0 0 0 1 0 0 0 0 0 0 0 0 0 0 0 0 1 0
  0 0 0 0 0 0 0 0 0 0 0 0 0 0 0 0 0 0 0 0 1 0 0 0 0 0 0 0 0]
 [0 0 0 0 0 0 0 0 0 0 0 1 1 0 0 0 0 0 0 1 0 0 0 1 0 1 0 0 0 0 0 0 1 0 0 0
  0 1 0 0 0 0 0 0 0 0 0 0 0 1 0 0 0 0 0 0 0 0 1 0 0 0 1 0 1 0 0 0 0 0 0 0
  0 0 0 1 0 0 0 0 0 0 0 0 0 0 0 0 0 0 0 0 0 0 0 0 0 0 0 0 0]
 [0 0 0 0 0 0 0 0 0 0 0 0 0 1 0 1 0 0 0 0 0 0 0 0 0 0 0 0 0 1 0 0 0 0 1 0
  0 0 0 0 0 0 0 0 0 0 0 0 0 0 0 0 0 1 0 0 0 0 0 0 0 0 0 0 0 0 1 0 0 0 0 0
  0 0 0 0 0 0 0 0 0 0 0 0 1 1 0 0 0 0 0 0 0 0 0 0 0 0 0 0 0]
 [0 0 0 0 1 0 0 0 0 0 0 0 0 0 0 0 1 0 0 0 0 0 0 0 0 0 0 0 0 0 0 1 0 0 0 0
  1 0 0 0 0 0 1 1 1 0 0 0 0 0 0 0 0 0 1 0 0 0 0 1 0 0 0 0 0 1 0 1 0 0 0 1
  0 0 0 0 0 0 0 0 0 0 0 1 0 0 0 0 0 0 0 0 0 0 0 0 0 0 0 1 0]
 [0 0 0 0 0 0 0 0 0 0 0 0 0 0 0 0 0 0 0 0 0 0 0 0 0 0 0 0 0 0 0 0 0 1 0 0
  0 0 0 0 0 0 0 0 0 0 0 0 0 0 0 1 0 0 0 0 0 0 0 0 0 0 0 0 0 0 0 0 0 0 0 0
  0 0 0 0 0 1 0 1 0 0 0 0 0 0 1 0 0 0 0 1 0 0 0 0 0 0 0 0 0]
 [0 0 1 0 0 0 0 0 1 0 0 0 0 0 0 0 0 0 0 0 0 1 0 0 0 0 0 0 1 0 0 0 0 0 0 0
  0 0 0 0 0 0 0 0 0 0 0 0 1 0 0 0 0 0 0 1 0 0 0 0 0 0 0 0 0 0 0 0 0 0 0 0
  0 0 0 0 0 0 0 0 0 0 0 0 0 0 0 0 0 0 0 0 0 0 0 0 0 0 0 0 1]
 [0 1 0 0 0 0 0 0 0 0 0 0 0 0 0 0 0 0 0 0 0 0 0 0 1 0 0 1 0 0 1 0 0 0 0 0
  0 0 1 0 0 0 0 0 0 1 0 0 0 0 0 0 0 0 0 0 0 0 0 0 0 0 0 0 0 0 0 0 0 0 0 0
  0 0 1 0 0 0 0 0 0 0 0 0 0 0 0 0 0 0 1 0 0 1 0 0 0 0 0 0 0]
 [0 0 0 0 0 0 0 0 0 0 0 0 0 0 0 0 0 0 0 0 0 0 0 0 0 0 0 0 0 0 0 0 0 0 0 0
  0 0 0 0 0 0 0 0 0 0 1 1 0 0 0 0 1 0 0 0 0 0 0 0 0 0 0 1 0 0 0 0 0 0 0 0
  1 0 0 0 0 0 1 0 0 0 1 0 0 0 0 0 1 1 0 0 0 0 1 0 0 0 0 0 0]
 [0 0 0 1 0 0 0 0 0 0 0 0 0 0 0 0 0 0 1 0 0 0 0 0 0 0 0 0 0 0 0 0 0 0 0 0
  0 0 0 0 0 0 0 0 0 0 0 0 0 0 0 0 0 0 0 0 0 0 0 0 0 0 0 0 0 0 0 0 0 1 0 0
  0 0 0 0 0 0 0 0 0 0 0 0 0 0 0 0 0 0 0 0 0 0 0 0 0 1 0 0 0]
 [0 0 0 0 0 0 0 0 0 0 0 0 0 0 0 0 0 0 0 0 1 0 0 0 0 0 1 0 0 0 0 0 0 0 0 0
  0 0 0 1 1 1 0 0 0 0 0 0 0 0 0 0 0 0 0 0 0 0 0 0 0 0 0 0 0 0 0 0 1 0 0 0
  0 1 0 0 0 0 0 0 1 0 0 0 0 0 0 0 0 0 0 0 0 0 0 0 0 0 1 0 0]]
end
