mac
5
end
job
100
end
fam
12
end
proc_times
[[  0  92  42  85  14  91  37  78  66  74  77  94  40  14  42  24  56  96
   29   2  17  50  42  11  94   2  40  71  22  88  28  54  15  14  92  58
   82   3  37  91   6  50  29  86  42   6  37  34  61  30  61  95  76  32
   70  83  74  29  74  79  76  44  26  11  39  43  12  32  69  72  24  48
   66  74  43  35  85  61  79  71  17  23  10  24  75   4  85  75  96   7
    8  77  12  62  74  98  83  91  75  39   7]
 [  0  89  35  59  46  65  61  21  98  44  82   6  29  22  32   4  66   9
   94  93  52  62  89  10  39  39  93  28  71  30  99  41  64  99  88  28
   28  32  23  66  86  30  39  95  69  36  12   2  96  17  37  76  91  77
   61  47  26  98  90  76  15  73   1  40  79  66  17  76  87  33   4  66
   76  19  71  30  94  14  24  57  15  41  25  86  25  37  69  63  94  40
   79  20  72  82  11  88  98  82  39  73  54]
 [  0  17  67  30  97   4  45  74  77  12  61  98  52  19  27  42  94  78
   69  45  66  84  65  46  78  78  78 100  89  70  34  66  31  21  99  43
    7  53  90  71   5  72  35  78  38  51   5  88  79  22   6  73  49  98
   44  29  46  48  54   6  77  32  44  96  17  45  68  79   3  80  97  85
   48  93  73  91  83  34  17  69  84  70   2  72   2  53  98  84  39  97
   34   9  75  67  86  62  87  21  28  20  81]
 [  0  44   6  35  17  84   2  12  72  27  70  89  73  49  25  33  54  21
   31  17   4  53  57   6   2  50  58  28  53  38   8  84  29  25  68  68
   21  52  32  15  70  10  81  41  58  69  42  18  52  36   1  48  94  22
   71  65   5   1  75  96  69  16  67  93  63  72  44  25  60  57  64  34
   75   2  44  34  62  85  74  27  51  27  33  20  25  30  70 100  95  30
   78  48  31  63  36  88  17  49  75  72  71]
 [  0  83  14  48  75  93  66  45  32  41  59  11  88  13   6  75  79  83
   88  34   1  12  75  26  16   1  23  47  81  41  55  54  39  42   3  20
   74  95  72  48  69   6  35  90  46  85  91   2  12  63  89  65  27  65
   48  12  93  26  75  33  13  36  70  53  69  26  66  85  62  52   3  29
   18  99  71  55  78  71  31   9  76  22  67  42  21   3  28  51   5  64
   36  73  28  34  72  93  13   5  49  29  17]]
end
weight
[[ 0 80 58 55 75 64 39 80  4 77 35 17 23 50 43 60 71 67 94 19 55 62  1 40
  48 14 50 70 51 46 63 46 75 21 32 53  9 69 79 67 52 24 92 11 91 91 66 32
   6 80 14 31 70  1 60 70 72  1 94 44 95 97 86 42 96  9 75 92 73 21 65 71
  58 93 85 54 33 68 25 97 17 45 43 48 78 83 19 18  2 44 13 78 32  5 77 27
  21 50 53 45 99]]
end
setup_times
[[[ 0 56 54 36 54 56 47 50 43 34 34 59 33]
  [ 0  0 50 45 55 33 30 32 33 50 51 35 47]
  [ 0 55  0 34 54 33 30 42 40 30 36 43 59]
  [ 0 52 31  0 32 30 58 51 37 59 34 49 37]
  [ 0 49 41 59  0 56 39 48 53 35 41 39 37]
  [ 0 56 58 55 59  0 31 44 51 42 35 57 44]
  [ 0 39 55 48 38 56  0 43 42 35 36 41 55]
  [ 0 52 52 59 59 36 52  0 35 42 37 59 37]
  [ 0 53 39 41 44 41 46 44  0 31 47 59 34]
  [ 0 57 59 41 36 55 45 32 59  0 36 52 49]
  [ 0 31 45 58 42 33 48 41 59 59  0 53 32]
  [ 0 43 42 51 33 45 38 36 56 30 41  0 46]
  [ 0 32 47 35 47 39 54 30 39 47 55 41  0]]

 [[ 0 49 45 45 40 38 47 48 40 56 33 32 54]
  [ 0  0 36 31 35 33 46 36 47 47 42 49 52]
  [ 0 50  0 32 39 32 38 40 51 33 33 51 44]
  [ 0 59 32  0 33 39 34 31 51 31 43 46 30]
  [ 0 33 41 43  0 59 42 47 47 41 30 35 30]
  [ 0 34 44 47 45  0 58 59 53 52 50 38 51]
  [ 0 39 58 31 41 58  0 34 58 49 45 35 48]
  [ 0 37 31 49 56 41 37  0 49 55 38 59 57]
  [ 0 34 57 41 58 41 37 53  0 46 58 55 49]
  [ 0 42 43 31 48 53 57 37 56  0 55 35 50]
  [ 0 46 47 34 48 44 59 51 55 58  0 50 35]
  [ 0 43 55 41 59 42 46 31 42 53 32  0 51]
  [ 0 38 55 56 52 44 48 53 54 55 41 33  0]]

 [[ 0 33 44 43 37 58 37 59 43 48 49 55 41]
  [ 0  0 33 30 39 50 55 56 30 45 55 48 44]
  [ 0 31  0 40 49 49 30 38 42 45 49 31 58]
  [ 0 57 30  0 47 40 59 42 35 47 52 56 47]
  [ 0 48 32 58  0 55 42 32 45 46 32 30 31]
  [ 0 45 52 54 47  0 50 54 37 41 47 38 50]
  [ 0 34 42 55 45 40  0 54 32 49 39 45 34]
  [ 0 48 56 46 59 35 46  0 38 43 58 54 56]
  [ 0 36 35 52 46 43 58 31  0 38 31 38 34]
  [ 0 50 43 46 50 30 43 54 43  0 49 34 48]
  [ 0 57 59 52 37 40 58 53 43 45  0 34 46]
  [ 0 39 34 46 40 31 42 41 41 56 31  0 55]
  [ 0 49 42 44 56 39 39 31 41 36 56 54  0]]

 [[ 0 45 41 33 36 47 38 43 42 52 36 36 31]
  [ 0  0 56 32 42 53 40 54 48 52 50 30 57]
  [ 0 44  0 37 32 51 52 57 37 56 32 46 48]
  [ 0 31 43  0 47 58 51 44 59 34 46 32 50]
  [ 0 34 45 44  0 58 54 51 58 38 40 58 44]
  [ 0 58 30 50 57  0 49 38 39 45 33 41 32]
  [ 0 31 52 33 43 57  0 49 50 33 31 39 38]
  [ 0 57 59 47 38 35 47  0 52 32 52 33 36]
  [ 0 35 52 52 37 32 47 56  0 37 58 48 57]
  [ 0 37 31 39 47 46 38 32 56  0 32 45 35]
  [ 0 35 53 53 32 36 47 43 42 58  0 38 38]
  [ 0 54 57 55 31 35 33 38 42 54 41  0 51]
  [ 0 41 52 31 32 51 38 38 33 35 59 46  0]]

 [[ 0 44 31 45 38 43 43 40 59 51 57 47 56]
  [ 0  0 51 35 50 33 33 35 47 59 34 50 45]
  [ 0 48  0 49 31 58 47 50 32 42 38 52 39]
  [ 0 34 46  0 50 34 43 43 42 47 31 49 41]
  [ 0 34 59 48  0 41 35 45 57 39 43 37 43]
  [ 0 44 52 38 44  0 57 41 55 54 35 55 44]
  [ 0 47 51 44 40 56  0 58 53 30 54 43 45]
  [ 0 35 45 30 42 52 49  0 30 50 43 39 43]
  [ 0 52 41 42 49 31 54 49  0 44 59 53 53]
  [ 0 36 47 32 35 46 59 40 40  0 47 59 51]
  [ 0 47 40 40 32 55 57 47 41 44  0 33 53]
  [ 0 40 44 57 49 33 55 42 41 42 53  0 34]
  [ 0 33 39 59 57 58 47 48 46 57 41 45  0]]]
end
fixed_cost
[[2546 2544 2613 2542 2589]]
end
unit_cost
[[52 54 55 45 46]]
end
job2fam
[[1 0 0 0 0 0 0 0 0 0 0 0 0 0 0 0 0 0 0 0 0 0 0 0 0 0 0 0 0 0 0 0 0 0 0 0
  0 0 0 0 0 0 0 0 0 0 0 0 0 0 0 0 0 0 0 0 0 0 0 0 0 0 0 0 0 0 0 0 0 0 0 0
  0 0 0 0 0 0 0 0 0 0 0 0 0 0 0 0 0 0 0 0 0 0 0 0 0 0 0 0 0]
 [0 0 0 0 0 1 0 1 0 0 0 0 0 0 1 0 0 0 0 0 0 0 0 0 0 0 0 0 0 0 0 0 0 0 0 0
  0 0 0 0 0 0 0 0 0 0 0 0 0 0 0 0 0 0 0 0 0 0 0 0 1 0 0 0 0 0 0 0 0 0 0 0
  0 0 0 0 0 0 0 0 0 1 0 0 0 0 0 1 0 0 0 0 0 0 0 0 0 0 0 0 0]
 [0 0 0 0 0 0 0 0 0 1 1 0 0 0 0 0 0 1 0 0 0 0 1 0 0 0 0 0 0 0 0 0 0 0 0 0
  0 0 0 0 0 0 0 0 0 0 0 0 0 0 1 0 0 0 0 0 1 0 0 0 0 1 0 0 0 0 0 0 0 0 0 0
  0 0 0 0 1 0 0 0 0 0 0 0 0 0 0 0 0 0 0 0 0 0 0 1 1 0 0 0 0]
 [0 0 0 0 0 0 1 0 0 0 0 0 0 0 0 0 0 0 0 0 0 0 0 0 0 0 0 0 0 0 0 0 0 0 0 1
  0 0 0 0 0 0 0 0 0 0 0 0 0 0 0 0 0 0 0 0 0 1 0 0 0 0 0 0 0 0 0 0 0 0 1 0
  0 0 0 0 0 0 0 0 0 0 0 0 0 0 0 0 0 0 0 0 1 0 0 0 0 0 0 0 0]
 [0 0 0 0 0 0 0 0 0 0 0 1 1 0 0 0 0 0 0 1 0 0 0 1 0 1 0 0 0 0 0 0 1 0 0 0
  0 1 0 0 0 0 0 0 0 0 0 0 0 1 0 0 0 0 0 0 0 0 1 0 0 0 1 0 1 0 0 0 0 0 0 0
  0 0 0 1 0 0 0 0 0 0 0 0 0 0 0 0 0 0 0 0 0 0 0 0 0 0 0 0 0]
 [0 0 0 0 0 0 0 0 0 0 0 0 0 1 0 1 0 0 0 0 0 0 0 0 0 0 0 0 0 1 0 0 0 0 1 0
  0 0 0 0 0 0 0 0 0 0 0 0 0 0 0 0 0 1 0 0 0 0 0 0 0 0 0 0 0 0 1 0 0 0 0 0
  0 0 0 0 0 0 0 0 0 0 0 0 1 1 0 0 0 0 0 0 0 0 0 0 0 0 0 0 0]
 [0 0 0 0 1 0 0 0 0 0 0 0 0 0 0 0 1 0 0 0 0 0 0 0 0 0 0 0 0 0 0 1 0 0 0 0
  1 0 0 0 0 0 1 1 1 0 0 0 0 0 0 0 0 0 1 0 0 0 0 1 0 0 0 0 0 1 0 1 0 0 0 1
  0 0 0 0 0 0 0 0 0 0 0 1 0 0 0 0 0 0 0 0 0 0 0 0 0 0 0 1 0]
 [0 0 0 0 0 0 0 0 0 0 0 0 0 0 0 0 0 0 0 0 0 0 0 0 0 0 0 0 0 0 0 0 0 1 0 0
  0 0 0 0 0 0 0 0 0 0 0 0 0 0 0 1 0 0 0 0 0 0 0 0 0 0 0 0 0 0 0 0 0 0 0 0
  0 0 0 0 0 1 0 1 0 0 0 0 0 0 1 0 0 0 0 1 0 0 0 0 0 0 0 0 0]
 [0 0 1 0 0 0 0 0 1 0 0 0 0 0 0 0 0 0 0 0 0 1 0 0 0 0 0 0 1 0 0 0 0 0 0 0
  0 0 0 0 0 0 0 0 0 0 0 0 1 0 0 0 0 0 0 1 0 0 0 0 0 0 0 0 0 0 0 0 0 0 0 0
  0 0 0 0 0 0 0 0 0 0 0 0 0 0 0 0 0 0 0 0 0 0 0 0 0 0 0 0 1]
 [0 1 0 0 0 0 0 0 0 0 0 0 0 0 0 0 0 0 0 0 0 0 0 0 1 0 0 1 0 0 1 0 0 0 0 0
  0 0 1 0 0 0 0 0 0 1 0 0 0 0 0 0 0 0 0 0 0 0 0 0 0 0 0 0 0 0 0 0 0 0 0 0
  0 0 1 0 0 0 0 0 0 0 0 0 0 0 0 0 0 0 1 0 0 1 0 0 0 0 0 0 0]
 [0 0 0 0 0 0 0 0 0 0 0 0 0 0 0 0 0 0 0 0 0 0 0 0 0 0 0 0 0 0 0 0 0 0 0 0
  0 0 0 0 0 0 0 0 0 0 1 1 0 0 0 0 1 0 0 0 0 0 0 0 0 0 0 1 0 0 0 0 0 0 0 0
  1 0 0 0 0 0 1 0 0 0 1 0 0 0 0 0 1 1 0 0 0 0 1 0 0 0 0 0 0]
 [0 0 0 1 0 0 0 0 0 0 0 0 0 0 0 0 0 0 1 0 0 0 0 0 0 0 0 0 0 0 0 0 0 0 0 0
  0 0 0 0 0 0 0 0 0 0 0 0 0 0 0 0 0 0 0 0 0 0 0 0 0 0 0 0 0 0 0 0 0 1 0 0
  0 0 0 0 0 0 0 0 0 0 0 0 0 0 0 0 0 0 0 0 0 0 0 0 0 1 0 0 0]
 [0 0 0 0 0 0 0 0 0 0 0 0 0 0 0 0 0 0 0 0 1 0 0 0 0 0 1 0 0 0 0 0 0 0 0 0
  0 0 0 1 1 1 0 0 0 0 0 0 0 0 0 0 0 0 0 0 0 0 0 0 0 0 0 0 0 0 0 0 1 0 0 0
  0 1 0 0 0 0 0 0 1 0 0 0 0 0 0 0 0 0 0 0 0 0 0 0 0 0 1 0 0]]
end
