mac
5
end
job
100
end
fam
12
end
proc_times
[[  0  59   6  22  86  14   4  70  75  76  21  63  67  82  92  39  34  34
   73  50  73  27  31  45  37  96  54  65  72  85  74  40  39  48  78  79
   14  15  41  99  21  88  41  18  58  93  21  93  20  27  98  73  23  56
   34  37  56  55  49  82  37  39   7  65  21  40  98  72  68   8  45  83
   16  93  44  73  61  87  68  28   1  97  58  61  38  48  79  81  19  43
   67  91  28  56  24  91  87  59  17  53   2]
 [  0   4  26  81  37  44  76  32  56  32   7  73   3  24  42  24  31  11
   13   6  31  86  84   1  32  26  84  47  37   9  33  49  34  56  45   6
    7  53  97  41  92  99  71  72  85  83  80  15  62  67  30  81  46  34
   71  93  82  64  49  77  76  64   8  40  67  31  55  14  31  89  84  81
   63  53  65  20  49  55  75  13  14  74  19  65  46  72  67  29  67  23
   44  32  33   1   1  88  85  26  79  25  58]
 [  0  15  27  39  68  63  61  73  45  13  10  27  50  47  87  82  83  40
   40  71  52   6  75  55  13  23  65  56  70  11  89  36  68  69  35  97
   67  58  74  43  79  30  71   4  77  30   2  53  97  54  17   8  14  75
   81  96  12  98  29  33  56  86  23  38  47  96  38  43  65  88  64  20
   69  39  88  86  52  11  61  65  63  57  11  36  67  49  53  92  37  58
   49  22  81  54  37  52  89  89  24  35  91]
 [  0  97   8  54  55  22  44  43  36  85  45  65  71  60  45  13  42  88
   43  94  13  48  41  51   2   3  21  15  93  15  47  82  42  15  66   5
   72  93  72  52  72  66  38  38  89  70  60  74  12   3  59  12  10   6
   72  70 100  62  75  49   9  79   9  57  42  89  78  96  19   4  46  85
   65  93  84  96  96  73   8   2   2  31  37  94   1  98  60  82  19  59
   42  87  46  32  73  40   7   3  39  14  38]
 [  0  45  42  22  33  75  60  51  42  35   5  65  43  34  45  53  44  40
   17  38  13   1   6  43   5  89  52  42  57  58  12  14  65  75  66   7
   27  52  58  24  81  36  97  16  28  25   7  30  63  15  47  96  53   4
    4  82  74  43   1  35  94  76  89  29  41  57  21  97  40  23  29  51
    8  54  34  79  43  34  68  18  62  36  64  53  69  82  64  22  39  45
   38  74  42  55  55  25  29  27  65  44  68]]
end
weight
[[ 0 40 86 20 69 24 59 88 60 13 26 99 11 65 27  7 39 26 89 79 64 15 42  8
  83  1 35 84 91 72 64 10 90 21  4 47 63 54 10 85 15 77 90 66 95 18 49  1
  65 88 60 57 67 40 86 87 19 94 19 60 41 59 97 36 86 12 13 39 13 52 41 81
  37 10 30 95 42 26 84 44  1 92 31 58 86 61  1  2 79 18 36 77 58 32 65 43
  91 44  7 24 26]]
end
setup_times
[[[ 0 32 33 31 44 30 52 56 59 47 51 48 50]
  [ 0  0 45 56 45 32 30 44 35 41 47 45 42]
  [ 0 43  0 42 45 52 34 54 30 56 52 48 37]
  [ 0 43 30  0 41 39 44 35 35 56 41 44 57]
  [ 0 52 39 43  0 41 43 40 32 51 35 34 30]
  [ 0 49 56 58 37  0 43 36 41 59 30 55 30]
  [ 0 40 31 49 32 57  0 30 41 57 43 31 47]
  [ 0 56 36 43 33 41 38  0 44 54 32 31 44]
  [ 0 40 56 38 45 41 35 40  0 39 48 30 54]
  [ 0 52 36 43 51 48 55 59 51  0 54 46 58]
  [ 0 32 33 39 51 46 40 39 49 38  0 40 50]
  [ 0 58 31 59 39 50 30 51 55 42 52  0 53]
  [ 0 30 53 54 48 32 53 38 39 53 37 37  0]]

 [[ 0 53 45 55 34 51 54 57 49 33 35 35 55]
  [ 0  0 34 32 51 40 41 57 58 32 50 51 39]
  [ 0 45  0 59 35 34 57 50 56 38 53 30 44]
  [ 0 45 44  0 43 31 49 31 31 52 41 41 53]
  [ 0 50 52 39  0 42 32 41 44 58 36 31 41]
  [ 0 40 56 59 45  0 43 44 56 38 38 39 49]
  [ 0 53 46 34 33 46  0 57 45 45 48 56 51]
  [ 0 52 33 55 59 57 59  0 50 37 40 43 46]
  [ 0 54 59 44 44 30 40 59  0 35 50 35 43]
  [ 0 42 57 58 37 49 31 36 36  0 42 41 41]
  [ 0 40 44 44 55 39 51 40 35 57  0 55 34]
  [ 0 53 37 42 36 34 41 30 46 33 55  0 55]
  [ 0 55 37 35 44 49 39 51 36 55 42 54  0]]

 [[ 0 34 36 38 44 31 44 47 40 48 30 37 43]
  [ 0  0 36 35 48 33 33 43 36 42 42 48 42]
  [ 0 37  0 47 34 38 40 54 45 58 37 40 39]
  [ 0 40 52  0 44 40 52 45 58 39 52 41 32]
  [ 0 36 55 49  0 34 50 36 34 43 59 49 50]
  [ 0 41 36 49 34  0 55 45 31 31 51 37 50]
  [ 0 33 34 56 57 53  0 34 31 58 37 45 46]
  [ 0 35 34 50 32 44 53  0 49 50 41 48 52]
  [ 0 52 35 54 39 45 37 50  0 41 53 38 40]
  [ 0 36 56 36 36 51 46 55 47  0 47 31 58]
  [ 0 34 33 37 36 43 32 53 32 35  0 36 48]
  [ 0 42 44 40 30 59 33 34 33 37 42  0 34]
  [ 0 56 45 43 51 45 45 30 38 48 44 57  0]]

 [[ 0 36 33 38 44 48 50 47 57 56 44 44 35]
  [ 0  0 37 40 30 56 50 52 37 39 42 43 33]
  [ 0 42  0 48 57 46 31 51 55 37 31 42 44]
  [ 0 38 40  0 49 35 43 42 51 35 32 34 57]
  [ 0 47 55 47  0 54 59 43 35 42 33 57 34]
  [ 0 45 56 56 46  0 46 44 38 52 46 50 45]
  [ 0 31 43 48 58 35  0 47 59 45 32 37 32]
  [ 0 59 31 40 37 54 41  0 41 50 36 34 42]
  [ 0 48 58 55 42 56 42 31  0 43 47 46 50]
  [ 0 32 43 57 48 31 50 47 54  0 54 49 34]
  [ 0 47 52 51 37 32 50 52 48 37  0 42 41]
  [ 0 55 34 42 46 54 59 34 57 33 31  0 52]
  [ 0 35 42 42 48 46 57 34 55 46 50 46  0]]

 [[ 0 44 54 56 30 40 47 33 40 36 33 55 59]
  [ 0  0 30 50 54 45 52 54 37 53 47 30 39]
  [ 0 34  0 47 41 52 46 51 42 53 41 46 41]
  [ 0 52 31  0 50 46 59 37 37 39 41 47 51]
  [ 0 36 56 51  0 53 54 41 40 31 54 37 31]
  [ 0 58 42 53 41  0 31 36 55 37 53 30 45]
  [ 0 46 36 31 42 45  0 47 58 32 52 37 31]
  [ 0 42 31 53 56 56 51  0 47 46 44 30 43]
  [ 0 32 54 55 45 52 39 35  0 54 40 46 52]
  [ 0 55 36 55 40 43 49 34 37  0 47 41 33]
  [ 0 56 59 42 48 38 45 56 40 42  0 59 55]
  [ 0 46 36 51 54 32 49 53 39 51 40  0 45]
  [ 0 39 48 35 59 58 35 37 46 33 51 51  0]]]
end
fixed_cost
[[2234 2317 2239 2258 2252]]
end
unit_cost
[[49 43 46 42 50]]
end
job2fam
[[1 0 0 0 0 0 0 0 0 0 0 0 0 0 0 0 0 0 0 0 0 0 0 0 0 0 0 0 0 0 0 0 0 0 0 0
  0 0 0 0 0 0 0 0 0 0 0 0 0 0 0 0 0 0 0 0 0 0 0 0 0 0 0 0 0 0 0 0 0 0 0 0
  0 0 0 0 0 0 0 0 0 0 0 0 0 0 0 0 0 0 0 0 0 0 0 0 0 0 0 0 0]
 [0 0 0 0 0 1 0 1 0 0 0 0 0 0 1 0 0 0 0 0 0 0 0 0 0 0 0 0 0 0 0 0 0 0 0 0
  0 0 0 0 0 0 0 0 0 0 0 0 0 0 0 0 0 0 0 0 0 0 0 0 1 0 0 0 0 0 0 0 0 0 0 0
  0 0 0 0 0 0 0 0 0 1 0 0 0 0 0 1 0 0 0 0 0 0 0 0 0 0 0 0 0]
 [0 0 0 0 0 0 0 0 0 1 1 0 0 0 0 0 0 1 0 0 0 0 1 0 0 0 0 0 0 0 0 0 0 0 0 0
  0 0 0 0 0 0 0 0 0 0 0 0 0 0 1 0 0 0 0 0 1 0 0 0 0 1 0 0 0 0 0 0 0 0 0 0
  0 0 0 0 1 0 0 0 0 0 0 0 0 0 0 0 0 0 0 0 0 0 0 1 1 0 0 0 0]
 [0 0 0 0 0 0 1 0 0 0 0 0 0 0 0 0 0 0 0 0 0 0 0 0 0 0 0 0 0 0 0 0 0 0 0 1
  0 0 0 0 0 0 0 0 0 0 0 0 0 0 0 0 0 0 0 0 0 1 0 0 0 0 0 0 0 0 0 0 0 0 1 0
  0 0 0 0 0 0 0 0 0 0 0 0 0 0 0 0 0 0 0 0 1 0 0 0 0 0 0 0 0]
 [0 0 0 0 0 0 0 0 0 0 0 1 1 0 0 0 0 0 0 1 0 0 0 1 0 1 0 0 0 0 0 0 1 0 0 0
  0 1 0 0 0 0 0 0 0 0 0 0 0 1 0 0 0 0 0 0 0 0 1 0 0 0 1 0 1 0 0 0 0 0 0 0
  0 0 0 1 0 0 0 0 0 0 0 0 0 0 0 0 0 0 0 0 0 0 0 0 0 0 0 0 0]
 [0 0 0 0 0 0 0 0 0 0 0 0 0 1 0 1 0 0 0 0 0 0 0 0 0 0 0 0 0 1 0 0 0 0 1 0
  0 0 0 0 0 0 0 0 0 0 0 0 0 0 0 0 0 1 0 0 0 0 0 0 0 0 0 0 0 0 1 0 0 0 0 0
  0 0 0 0 0 0 0 0 0 0 0 0 1 1 0 0 0 0 0 0 0 0 0 0 0 0 0 0 0]
 [0 0 0 0 1 0 0 0 0 0 0 0 0 0 0 0 1 0 0 0 0 0 0 0 0 0 0 0 0 0 0 1 0 0 0 0
  1 0 0 0 0 0 1 1 1 0 0 0 0 0 0 0 0 0 1 0 0 0 0 1 0 0 0 0 0 1 0 1 0 0 0 1
  0 0 0 0 0 0 0 0 0 0 0 1 0 0 0 0 0 0 0 0 0 0 0 0 0 0 0 1 0]
 [0 0 0 0 0 0 0 0 0 0 0 0 0 0 0 0 0 0 0 0 0 0 0 0 0 0 0 0 0 0 0 0 0 1 0 0
  0 0 0 0 0 0 0 0 0 0 0 0 0 0 0 1 0 0 0 0 0 0 0 0 0 0 0 0 0 0 0 0 0 0 0 0
  0 0 0 0 0 1 0 1 0 0 0 0 0 0 1 0 0 0 0 1 0 0 0 0 0 0 0 0 0]
 [0 0 1 0 0 0 0 0 1 0 0 0 0 0 0 0 0 0 0 0 0 1 0 0 0 0 0 0 1 0 0 0 0 0 0 0
  0 0 0 0 0 0 0 0 0 0 0 0 1 0 0 0 0 0 0 1 0 0 0 0 0 0 0 0 0 0 0 0 0 0 0 0
  0 0 0 0 0 0 0 0 0 0 0 0 0 0 0 0 0 0 0 0 0 0 0 0 0 0 0 0 1]
 [0 1 0 0 0 0 0 0 0 0 0 0 0 0 0 0 0 0 0 0 0 0 0 0 1 0 0 1 0 0 1 0 0 0 0 0
  0 0 1 0 0 0 0 0 0 1 0 0 0 0 0 0 0 0 0 0 0 0 0 0 0 0 0 0 0 0 0 0 0 0 0 0
  0 0 1 0 0 0 0 0 0 0 0 0 0 0 0 0 0 0 1 0 0 1 0 0 0 0 0 0 0]
 [0 0 0 0 0 0 0 0 0 0 0 0 0 0 0 0 0 0 0 0 0 0 0 0 0 0 0 0 0 0 0 0 0 0 0 0
  0 0 0 0 0 0 0 0 0 0 1 1 0 0 0 0 1 0 0 0 0 0 0 0 0 0 0 1 0 0 0 0 0 0 0 0
  1 0 0 0 0 0 1 0 0 0 1 0 0 0 0 0 1 1 0 0 0 0 1 0 0 0 0 0 0]
 [0 0 0 1 0 0 0 0 0 0 0 0 0 0 0 0 0 0 1 0 0 0 0 0 0 0 0 0 0 0 0 0 0 0 0 0
  0 0 0 0 0 0 0 0 0 0 0 0 0 0 0 0 0 0 0 0 0 0 0 0 0 0 0 0 0 0 0 0 0 1 0 0
  0 0 0 0 0 0 0 0 0 0 0 0 0 0 0 0 0 0 0 0 0 0 0 0 0 1 0 0 0]
 [0 0 0 0 0 0 0 0 0 0 0 0 0 0 0 0 0 0 0 0 1 0 0 0 0 0 1 0 0 0 0 0 0 0 0 0
  0 0 0 1 1 1 0 0 0 0 0 0 0 0 0 0 0 0 0 0 0 0 0 0 0 0 0 0 0 0 0 0 1 0 0 0
  0 1 0 0 0 0 0 0 1 0 0 0 0 0 0 0 0 0 0 0 0 0 0 0 0 0 1 0 0]]
end
