mac
8
end
job
60
end
fam
5
end
proc_times
[[  0  58  35  16  27  46  68  58  86  29   8  79  44  76  33  27  36  49
   93  61  35  72  12  90  38   8  58  91  29  17  92  13  42  84  89  86
   70  77  67  88  31  44  28   3  59  29  15  93  41  31  14   2  63  63
   42  19  36  92  73  65  52]
 [  0  92  36  94  43  17  20  82  68  51  54  91  34  59  96   9  51  75
   40  82  85   9  86  96  55  94  46  76  60  48  50  30  82  59  96  57
   74  14   3  64   2   6  60  56  12  23  43   7  29  49  77  25  23  66
   98  24  25  28  40  94  74]
 [  0  51  21  19  79  29  50  33  67  44  29  45  14  88  69  95  95  98
   53   9  96  15  66   2  96  69  27  19  71   7  94  47  37  78  41  57
   75  26  36   2  10  66  93  97  72  57  86  60  18  49  26  24   1  19
    2  69  98  48  76   1  81]
 [  0  95  81  52  18  99   7  98  46  79  96  54   5  24  17  84   8  25
   40  18  74  98  25  82  14  88  96  35  50  18  82  57  95  17   3  93
   21  92  48  67  11   7  51  19  78   3  63  76  96  42   3 100  72  82
   57  79  15  40  83  63  49]
 [  0  23  65  78  88  50  15  80   5  79  72  17  27  22  12  98  22  57
   59  60   6  23  69  39   1  87   1  94  85  70  82  16   5  79  29  62
   36  35  96  79  64  40  60  61  44  83  53  36  74  52  60  85  14  92
   60  33  89  78  82  10  57]
 [  0  82  76  41  24  78  68  51  94  37  30  59  93   5  66  74  29  36
   51  83  42  39  42  84  41  44  11  62  17  32  53  77  10  46  86  59
   20  75  69  18  40  44  16  85  68  10  79  94  52  68  77  38  12  46
   24  53  62  89  60  31  57]
 [  0  73  71  28  90  38  10  93   8  61  23  52  46  19  94  61  14  40
   60  45   7  48  89  99  37  18  84  65  75  31   9  74  88  22  43  29
   54  22  21  85  73  31  60  80  85  60  84  89  67  79  73  18  61  94
   12  37  93  29  30  86  64]
 [  0  64   4  71  80  84  51 100  75  36 100  86  11  86  40  18  71  48
   58  67  63  45  34  42  33  36  52   5  33  42  74  64  73  13  50 100
   62  82  97  76  57  22  75  86  63  84  77  19  57  34  15  56  89   1
   60  14  94  63  67  28  30]]
end
weight
[[ 0 51 93 22 52 72 98 27 69 80 13 35 77 91 67 32  1 26 34 64 77 45 49 60
  17 90 47  2 39 76 57 80 10 82 17 30 92  2 32 36 77 98 37 12 46 83 19 24
  31 58 14 74 50 36 12 47 46 20 19 72 31]]
end
setup_times
[[[ 0 39 51 33 47 56]
  [ 0  0 48 31 34 41]
  [ 0 49  0 32 33 32]
  [ 0 36 41  0 50 54]
  [ 0 41 49 55  0 55]
  [ 0 57 54 41 52  0]]

 [[ 0 53 54 54 44 58]
  [ 0  0 54 32 35 53]
  [ 0 32  0 40 42 37]
  [ 0 33 53  0 32 50]
  [ 0 38 49 47  0 31]
  [ 0 58 51 46 54  0]]

 [[ 0 46 34 49 48 53]
  [ 0  0 33 42 43 37]
  [ 0 52  0 48 47 35]
  [ 0 54 48  0 53 50]
  [ 0 53 41 31  0 41]
  [ 0 57 31 55 42  0]]

 [[ 0 56 59 33 47 33]
  [ 0  0 53 49 55 44]
  [ 0 45  0 31 41 35]
  [ 0 55 50  0 39 44]
  [ 0 31 31 46  0 57]
  [ 0 50 37 45 58  0]]

 [[ 0 35 49 38 59 44]
  [ 0  0 43 57 53 33]
  [ 0 40  0 39 52 43]
  [ 0 52 55  0 49 37]
  [ 0 46 38 39  0 36]
  [ 0 55 39 54 46  0]]

 [[ 0 59 55 54 41 58]
  [ 0  0 53 38 37 44]
  [ 0 31  0 48 42 31]
  [ 0 40 38  0 50 33]
  [ 0 56 40 43  0 43]
  [ 0 44 40 36 44  0]]

 [[ 0 57 34 57 41 41]
  [ 0  0 46 56 35 31]
  [ 0 45  0 42 42 47]
  [ 0 34 41  0 42 32]
  [ 0 34 50 49  0 35]
  [ 0 53 31 48 44  0]]

 [[ 0 35 35 56 36 44]
  [ 0  0 48 58 56 54]
  [ 0 30  0 55 44 33]
  [ 0 32 46  0 54 31]
  [ 0 37 39 52  0 49]
  [ 0 54 49 46 42  0]]]
end
fixed_cost
[[2508 2504 2563 2489 2500 2530 2502 2499]]
end
unit_cost
[[32 61 55 44 32 56 50 54]]
end
job2fam
[[1 0 0 0 0 0 0 0 0 0 0 0 0 0 0 0 0 0 0 0 0 0 0 0 0 0 0 0 0 0 0 0 0 0 0 0
  0 0 0 0 0 0 0 0 0 0 0 0 0 0 0 0 0 0 0 0 0 0 0 0 0]
 [0 0 0 0 0 0 1 0 0 0 0 0 0 1 0 0 1 0 0 0 1 1 0 0 0 0 0 0 0 1 0 0 1 1 0 0
  1 0 0 0 0 0 0 0 0 0 0 0 1 1 0 0 1 0 0 0 0 0 0 1 0]
 [0 1 0 0 0 0 0 0 0 0 0 1 0 0 0 0 0 1 0 0 0 0 1 0 0 0 0 1 0 0 0 0 0 0 1 0
  0 1 1 0 0 0 0 0 0 0 1 0 0 0 0 0 0 1 0 0 1 0 0 0 0]
 [0 0 0 1 0 0 0 0 0 1 0 0 0 0 1 0 0 0 0 1 0 0 0 0 0 0 1 0 1 0 0 0 0 0 0 0
  0 0 0 0 1 1 1 0 1 0 0 1 0 0 0 1 0 0 0 1 0 1 0 0 1]
 [0 0 1 0 1 1 0 1 0 0 0 0 1 0 0 0 0 0 0 0 0 0 0 1 1 1 0 0 0 0 1 1 0 0 0 1
  0 0 0 0 0 0 0 0 0 1 0 0 0 0 1 0 0 0 1 0 0 0 1 0 0]
 [0 0 0 0 0 0 0 0 1 0 1 0 0 0 0 1 0 0 1 0 0 0 0 0 0 0 0 0 0 0 0 0 0 0 0 0
  0 0 0 1 0 0 0 1 0 0 0 0 0 0 0 0 0 0 0 0 0 0 0 0 0]]
end
