mac
8
end
job
60
end
fam
8
end
proc_times
[[  0  75   9  50  86  46  47  23  66  85  53  21  20  11  64  75  88  66
   98  49  62  79  92  56  14  74  18  52  96  17  38  40  23  94  47  25
   84  86  75  37  66  31  90  84  38  72  93  75  95  11   5  48  59  39
    6  94  63  66   4  82  25]
 [  0  27  81  26  51  84  96  92  41  17  97  97  68  21   2  96  65  14
  100  65  26  86  33  92  63  83  17  87  45  22  83  16  77  56  61  45
   59  87  58  27  24  84  81  51  15  63  51  16  71  74  28  32  69  34
   52  11  46  50  93  67  66]
 [  0  27  62  27   2  94  74  52  53  20  25  24 100  19  86  47  59  80
   80  80  63  83  79   6  52  22  57   5   4  35  49   5  97  97  86  38
   76  90  55  55   2  12  94  58  81   2  95  36  20  79  80  66  66  12
   14  21  83   9  66  81  97]
 [  0  61  38  56  24  85  72  26  97  58  82  81   5  33  62  65   3  21
   96  22  14  50  92  29  83  13   7  16  44  29  94  55  59  76  78  70
   30  34  90   9  91  51  57  55  64  46   1  86  51   7  39   8  11  95
   69  80 100  53   5  91  49]
 [  0  67  94  81  25  41   7  36  55  35  95  46  95  97  50  16  17  25
   68  96  13  22  28  14  81  64  35  91  17  67  89  21  77  92  22  62
   43  20  79  98  32  72  53   8  70  94  29  71  38  40  47 100  21  49
   12  33  47   5  21  58  68]
 [  0  75  70  57  23  13  33  21  89  69  13  73  31  81  51  29  91  86
   21  89  27  54   7  13  45   7  96   4  37  58  82  47  49  77  77  18
   35  69  78  14   7  82  14  86   9  16  46  20  10  44  34  17  39   2
   96  92  14  22  39  95  99]
 [  0  57  65  92  24  28  19  83  16  47  87   8   2   1  57  66  11  39
   73  90  58  26  73   4  14  82  49  60  46  68  41  26  64   6  29  23
   45   6  45   8  27  46  71  26  49  11   2  99  93  72  47 100  95   5
   72  16  69   7  21  45  71]
 [  0  24   2  58   3  87  21  98  52   2  97  35  96  72  98  24  81  58
   81  46  33   4  33   9  47  26  61  97  70  80  93  45  85   8  75  21
    6  58  91   1  61   9  68  38   1  70  39  89  82  19  53  34  82  48
   43  41  49  91  96  82  11]]
end
weight
[[ 0 46 39 58 83 37 69  5 38 94 31 80 90 23 62 14 69 87 21  4  6 64 89 16
  34 98 96 81 45 55 18 49  2 33 35 75 39 29 86 17 28 62 49 84 84 53 70 99
  63 24 80 96 76 38 75 20  3 22 61 31 84]]
end
setup_times
[[[ 0 59 43 43 57 50 50 59 30]
  [ 0  0 42 49 47 30 32 49 48]
  [ 0 35  0 47 32 48 50 35 50]
  [ 0 48 48  0 48 53 51 40 43]
  [ 0 56 55 49  0 47 38 42 58]
  [ 0 53 49 55 31  0 43 31 49]
  [ 0 34 57 46 59 45  0 49 34]
  [ 0 39 44 58 39 41 46  0 55]
  [ 0 57 38 47 31 49 42 31  0]]

 [[ 0 53 58 45 55 37 45 55 49]
  [ 0  0 52 46 41 32 31 58 57]
  [ 0 44  0 42 55 37 35 32 38]
  [ 0 41 59  0 53 49 42 57 42]
  [ 0 38 31 42  0 36 54 49 37]
  [ 0 57 42 32 35  0 44 59 53]
  [ 0 36 47 48 41 35  0 55 30]
  [ 0 37 31 50 44 54 58  0 55]
  [ 0 41 48 36 38 30 33 56  0]]

 [[ 0 48 41 45 52 39 43 52 58]
  [ 0  0 58 30 53 35 56 47 31]
  [ 0 37  0 31 31 32 45 33 32]
  [ 0 50 32  0 47 35 33 52 48]
  [ 0 56 38 39  0 30 50 54 45]
  [ 0 49 50 38 42  0 33 34 30]
  [ 0 42 59 33 57 55  0 38 31]
  [ 0 45 50 31 33 54 39  0 33]
  [ 0 40 42 41 40 50 52 41  0]]

 [[ 0 33 42 44 57 40 36 30 44]
  [ 0  0 50 35 54 42 52 30 48]
  [ 0 48  0 41 48 54 57 41 55]
  [ 0 44 39  0 45 48 39 54 43]
  [ 0 55 53 57  0 53 53 47 52]
  [ 0 37 30 46 44  0 48 31 42]
  [ 0 51 31 40 51 51  0 31 46]
  [ 0 52 45 37 44 48 38  0 35]
  [ 0 49 49 32 36 37 31 31  0]]

 [[ 0 41 43 41 47 56 51 54 38]
  [ 0  0 34 58 45 39 56 53 50]
  [ 0 55  0 54 41 54 57 43 30]
  [ 0 57 36  0 32 46 49 33 38]
  [ 0 43 37 35  0 54 44 31 50]
  [ 0 39 50 50 52  0 50 56 34]
  [ 0 57 39 38 51 51  0 38 33]
  [ 0 49 59 56 30 56 54  0 45]
  [ 0 42 58 59 53 33 31 55  0]]

 [[ 0 41 31 54 48 38 57 43 56]
  [ 0  0 47 40 42 59 57 53 47]
  [ 0 31  0 48 53 52 30 35 31]
  [ 0 49 46  0 44 51 57 53 38]
  [ 0 40 54 34  0 37 49 51 48]
  [ 0 36 58 57 45  0 44 58 42]
  [ 0 58 42 32 37 55  0 35 55]
  [ 0 35 53 47 53 30 37  0 51]
  [ 0 37 34 46 31 42 47 37  0]]

 [[ 0 42 43 47 44 51 51 40 38]
  [ 0  0 35 33 39 47 52 58 39]
  [ 0 30  0 36 41 38 57 47 58]
  [ 0 30 33  0 50 45 57 59 37]
  [ 0 47 32 55  0 33 33 54 36]
  [ 0 35 31 46 52  0 37 35 38]
  [ 0 44 57 48 33 47  0 38 53]
  [ 0 57 54 59 57 53 54  0 37]
  [ 0 32 30 51 45 40 50 31  0]]

 [[ 0 49 31 58 56 46 50 58 38]
  [ 0  0 52 57 41 48 33 41 33]
  [ 0 47  0 52 48 39 30 34 41]
  [ 0 39 41  0 52 50 45 37 33]
  [ 0 39 30 49  0 40 36 59 59]
  [ 0 48 49 47 45  0 41 46 43]
  [ 0 42 37 43 36 30  0 36 48]
  [ 0 40 59 38 55 49 30  0 47]
  [ 0 32 39 51 57 44 38 31  0]]]
end
fixed_cost
[[2720 2719 2711 2660 2672 2659 2635 2681]]
end
unit_cost
[[51 47 37 62 38 62 63 62]]
end
job2fam
[[1 0 0 0 0 0 0 0 0 0 0 0 0 0 0 0 0 0 0 0 0 0 0 0 0 0 0 0 0 0 0 0 0 0 0 0
  0 0 0 0 0 0 0 0 0 0 0 0 0 0 0 0 0 0 0 0 0 0 0 0 0]
 [0 0 0 0 0 0 0 0 0 0 0 0 0 0 0 0 0 0 0 0 0 0 0 0 0 0 0 1 0 1 0 0 0 0 0 0
  1 0 0 0 0 1 1 0 0 1 0 0 0 0 0 0 0 0 0 0 0 0 0 1 0]
 [0 1 0 0 0 0 0 0 0 0 0 0 0 1 0 0 0 0 0 0 0 0 0 1 1 0 0 0 0 0 0 0 1 0 0 0
  0 0 0 0 0 0 0 0 0 0 1 0 0 1 1 0 0 0 0 0 1 0 0 0 0]
 [0 0 0 0 0 0 0 0 0 0 0 0 0 0 0 0 1 0 0 1 0 0 0 0 0 0 0 0 0 0 0 0 0 0 1 0
  0 0 0 0 0 0 0 1 0 0 0 0 1 0 0 0 0 0 1 0 0 0 0 0 0]
 [0 0 0 1 0 0 0 0 0 1 0 0 0 0 1 0 0 1 0 0 0 0 0 0 0 1 0 0 0 0 0 0 0 1 0 0
  0 1 1 0 0 0 0 0 0 0 0 1 0 0 0 0 0 0 0 0 0 0 0 0 0]
 [0 0 0 0 1 0 1 0 1 0 0 0 0 0 0 0 0 0 0 0 0 0 1 0 0 0 1 0 0 0 0 0 0 0 0 0
  0 0 0 0 1 0 0 0 1 0 0 0 0 0 0 0 0 0 0 0 0 0 0 0 0]
 [0 0 0 0 0 1 0 1 0 0 1 0 0 0 0 0 0 0 1 0 0 1 0 0 0 0 0 0 0 0 1 1 0 0 0 0
  0 0 0 1 0 0 0 0 0 0 0 0 0 0 0 0 1 0 0 1 0 0 1 0 0]
 [0 0 1 0 0 0 0 0 0 0 0 1 1 0 0 1 0 0 0 0 1 0 0 0 0 0 0 0 1 0 0 0 0 0 0 1
  0 0 0 0 0 0 0 0 0 0 0 0 0 0 0 0 0 1 0 0 0 1 0 0 1]
 [0 0 0 0 0 0 0 0 0 0 0 0 0 0 0 0 0 0 0 0 0 0 0 0 0 0 0 0 0 0 0 0 0 0 0 0
  0 0 0 0 0 0 0 0 0 0 0 0 0 0 0 1 0 0 0 0 0 0 0 0 0]]
end
