mac
8
end
job
60
end
fam
8
end
proc_times
[[  0  20  96  71   1  62  36 100  84  11  36  90  43  23  24   9 100  22
   55  61  25  84  82  31  55  12  76  64  89  76  71  51  40  74  68  79
   70   5  89   5  65  64  41  43   7  88  23  77  58  71  11  34  26  16
   70  57  17  97  64  67  17]
 [  0  21  40  89  11  94  93  85  19  60  93  10  77  57   1  10  16  94
   17  80  74  94  51  50  55  63  40  52  70  94  59  73  43  32  56  33
   86  45  48  94  51 100  58  81  64  27   4  30  41  93   5  67 100  34
   65  15  77  90  96  20  23]
 [  0  84   9  37  25  70  29  36  95  22  51  33  58   2  47  38  36  66
   86  56   3  15  51  34  68  25  64  63  79  11  59  20   8  92  36   6
   15  35  96  46  44   6  36  69  82  83   9  76  43  86  89  94  33  70
   42  33  67  38  29  70  68]
 [  0  16  22  90  59  29  41  34  28  80  44  88  50  96  79  20  44  76
   19  19  23  48  12  50  27  52  73  56  71  39  21  31  33  32  78  14
   92  62  17  17  19  74   5  62  61  24  30  11  18  20  15  11  67  56
   37  79  28  42   4  20  96]
 [  0  45  97  26  72   2  88  84  99  32  97  29  32  59  50  54  54  80
   58  66  48  34  62  46  25  51  54  78  16  77   1  54   8   5  35  41
   28  81  92  59  23  36   3  85  56  79  94  14  87  67  40  46  43  30
   91  55   4  56  25  54  31]
 [  0   5  37   1  67   1  83   7  91  90  16  67   2  29  45  92   3  62
   57  65  84  92  14  28  12  96  96  91  32  19  46  45  14  61   7  44
   82  53  24  71  91  92   5  14  36  18  12  84  61  72  11   2  39  81
    8  84  26  67  35   2  39]
 [  0  15  70  49  92  94  75  89  19   6  22  18  22  83  34  71  56  91
   75  99  43  30   3   6  32  34  13  78  64   5  66  90  76  74  21  34
   35   9  85  34   8  97  99  13  38  21  33  27  62  32  48  66  90   3
   72  68  99  13  17  93  89]
 [  0   3  56 100  27  90  36  94  29  57  35  86  88  24  93  98  63  71
   53  41  47  43  32  58  80  50  60   8  39  78  45  56  28  37  46  27
   14  28  51   2  76  87  61  73  44   9  21  67  49  76  46  75   1   1
    2  39  53  22  28   6  52]]
end
weight
[[ 0 91 68 51 13 13 19 87 90 73 99 73  7 24 32 20  7 23 12 17 46 28 21  9
  99 44 54 37 56 31 29 87 79  1 80 21 24 85 98 65 24  5 15 86  1 65 54  7
  25 54 56 60  4 30 12 67 73 16 61 92 41]]
end
setup_times
[[[ 0 46 41 38 30 32 50 39 55]
  [ 0  0 33 53 34 56 55 38 53]
  [ 0 53  0 51 38 38 46 56 55]
  [ 0 43 58  0 32 49 52 52 44]
  [ 0 44 45 44  0 42 39 37 52]
  [ 0 31 36 45 49  0 52 49 54]
  [ 0 49 43 40 43 42  0 54 53]
  [ 0 46 34 44 59 57 40  0 39]
  [ 0 43 45 42 38 34 31 56  0]]

 [[ 0 42 54 56 46 51 31 51 36]
  [ 0  0 44 54 58 39 52 41 35]
  [ 0 56  0 45 51 39 37 39 44]
  [ 0 57 53  0 35 30 39 40 46]
  [ 0 51 36 50  0 57 42 33 49]
  [ 0 41 31 58 55  0 39 46 55]
  [ 0 57 34 44 38 43  0 44 38]
  [ 0 48 53 41 47 58 35  0 33]
  [ 0 32 37 43 32 34 35 55  0]]

 [[ 0 52 30 53 50 40 46 54 31]
  [ 0  0 35 54 36 48 49 57 34]
  [ 0 53  0 44 45 30 35 32 37]
  [ 0 37 51  0 54 36 33 39 55]
  [ 0 42 40 57  0 35 47 35 47]
  [ 0 53 47 43 50  0 53 36 56]
  [ 0 38 35 51 41 32  0 56 52]
  [ 0 40 54 58 56 49 55  0 49]
  [ 0 49 58 45 56 51 59 47  0]]

 [[ 0 44 43 50 59 41 47 33 53]
  [ 0  0 35 56 41 40 51 30 51]
  [ 0 39  0 54 52 36 42 49 53]
  [ 0 57 52  0 59 57 53 58 52]
  [ 0 35 41 42  0 47 36 39 37]
  [ 0 37 44 55 53  0 40 43 59]
  [ 0 41 31 36 57 49  0 38 38]
  [ 0 45 32 50 51 41 38  0 52]
  [ 0 34 35 42 34 43 53 56  0]]

 [[ 0 36 45 45 44 33 53 44 58]
  [ 0  0 47 30 39 56 52 41 37]
  [ 0 40  0 32 39 33 32 59 57]
  [ 0 51 50  0 57 58 50 40 46]
  [ 0 30 40 59  0 43 49 47 54]
  [ 0 34 43 53 50  0 35 42 30]
  [ 0 52 40 38 49 40  0 35 44]
  [ 0 40 44 44 46 52 42  0 41]
  [ 0 59 58 44 49 56 59 38  0]]

 [[ 0 34 37 40 59 54 38 46 30]
  [ 0  0 48 59 37 42 58 34 39]
  [ 0 51  0 56 44 55 44 49 53]
  [ 0 42 36  0 48 55 39 36 54]
  [ 0 51 46 38  0 48 39 38 51]
  [ 0 39 47 31 30  0 43 45 37]
  [ 0 58 33 39 54 35  0 44 45]
  [ 0 32 46 49 36 42 47  0 58]
  [ 0 59 47 31 56 42 57 44  0]]

 [[ 0 43 31 59 55 43 56 45 39]
  [ 0  0 59 43 31 56 38 48 43]
  [ 0 30  0 55 38 57 30 52 51]
  [ 0 42 56  0 38 49 40 31 44]
  [ 0 42 33 41  0 33 44 35 51]
  [ 0 38 49 57 46  0 30 48 55]
  [ 0 40 51 45 59 37  0 40 36]
  [ 0 40 43 43 50 39 30  0 37]
  [ 0 43 56 51 42 56 42 31  0]]

 [[ 0 39 40 48 39 30 51 57 58]
  [ 0  0 33 58 36 50 55 35 31]
  [ 0 38  0 39 49 39 50 30 49]
  [ 0 42 36  0 31 45 35 32 35]
  [ 0 49 46 38  0 36 48 51 42]
  [ 0 59 40 49 32  0 44 49 56]
  [ 0 35 40 50 41 45  0 45 48]
  [ 0 33 30 51 34 47 39  0 50]
  [ 0 41 31 35 31 39 36 51  0]]]
end
fixed_cost
[[2004 1976 1944 2002 2007 1972 1959 1958]]
end
unit_cost
[[48 30 52 48 29 31 42 46]]
end
job2fam
[[1 0 0 0 0 0 0 0 0 0 0 0 0 0 0 0 0 0 0 0 0 0 0 0 0 0 0 0 0 0 0 0 0 0 0 0
  0 0 0 0 0 0 0 0 0 0 0 0 0 0 0 0 0 0 0 0 0 0 0 0 0]
 [0 0 0 0 0 0 0 0 0 0 0 0 0 0 0 0 0 0 0 0 0 0 0 0 0 0 0 1 0 1 0 0 0 0 0 0
  1 0 0 0 0 1 1 0 0 1 0 0 0 0 0 0 0 0 0 0 0 0 0 1 0]
 [0 1 0 0 0 0 0 0 0 0 0 0 0 1 0 0 0 0 0 0 0 0 0 1 1 0 0 0 0 0 0 0 1 0 0 0
  0 0 0 0 0 0 0 0 0 0 1 0 0 1 1 0 0 0 0 0 1 0 0 0 0]
 [0 0 0 0 0 0 0 0 0 0 0 0 0 0 0 0 1 0 0 1 0 0 0 0 0 0 0 0 0 0 0 0 0 0 1 0
  0 0 0 0 0 0 0 1 0 0 0 0 1 0 0 0 0 0 1 0 0 0 0 0 0]
 [0 0 0 1 0 0 0 0 0 1 0 0 0 0 1 0 0 1 0 0 0 0 0 0 0 1 0 0 0 0 0 0 0 1 0 0
  0 1 1 0 0 0 0 0 0 0 0 1 0 0 0 0 0 0 0 0 0 0 0 0 0]
 [0 0 0 0 1 0 1 0 1 0 0 0 0 0 0 0 0 0 0 0 0 0 1 0 0 0 1 0 0 0 0 0 0 0 0 0
  0 0 0 0 1 0 0 0 1 0 0 0 0 0 0 0 0 0 0 0 0 0 0 0 0]
 [0 0 0 0 0 1 0 1 0 0 1 0 0 0 0 0 0 0 1 0 0 1 0 0 0 0 0 0 0 0 1 1 0 0 0 0
  0 0 0 1 0 0 0 0 0 0 0 0 0 0 0 0 1 0 0 1 0 0 1 0 0]
 [0 0 1 0 0 0 0 0 0 0 0 1 1 0 0 1 0 0 0 0 1 0 0 0 0 0 0 0 1 0 0 0 0 0 0 1
  0 0 0 0 0 0 0 0 0 0 0 0 0 0 0 0 0 1 0 0 0 1 0 0 1]
 [0 0 0 0 0 0 0 0 0 0 0 0 0 0 0 0 0 0 0 0 0 0 0 0 0 0 0 0 0 0 0 0 0 0 0 0
  0 0 0 0 0 0 0 0 0 0 0 0 0 0 0 1 0 0 0 0 0 0 0 0 0]]
end
