mac
8
end
job
60
end
fam
8
end
proc_times
[[  0  32  91  85  15  90  61  36  63  43  96  24  74  39  53  80  40  49
   78  16  13  14   7  49  84  90  75  45  95  87  82  78   8   3  73   3
   84  13  13 100  76   5  96  59  31  77  91  10  87  27  99   7  69  49
   67  58   5   5  35  32  94]
 [  0  94  57  49  13  17  82   1   9  13  37  91  98  49   6  28  32  91
   77  78  80  39  17  40  56   4  25  90  85  51  57  59  10  46  45  70
   77  51  39   8  69  20  60  26  54  23  89  13  38  70  57  23  48  15
   34  28  50  65  55  15  57]
 [  0  59  29  47  60  28  33  78  55  66  59  28  67  37  24  52  69  30
   54  75  35 100  49  57  95  83  85  95  31  64  33  70  97  34  98  61
   34  47  31  51   8   8  57  31  69  76  19  22  19  57  57  49 100  62
   23   1  38  56  65  84  54]
 [  0  44  28  81  92  92  13  89  49  98  62  20  46  73  72  25  84   4
   18  50  75  11  12  51  77   4  28  56  11  29  21  81  87  27  13  89
   73  61  30   1  47  94  11  65  58  77  37  95  53  10  39  99   7  49
   34  62  55  67  25  86  44]
 [  0  14  98  73  93  37  55   2   5  55  91  59  98  78  70  90  38  32
   32  79  97  97  16  61 100  61  44  57  58  67  41  13  27  61  76  66
   97  26  47  18  98  87  48  83  80  81  86  25   9  92  18  31  88  13
   22  78  66  12  28  92   2]
 [  0  91  65  74  25  57  56  95  45  96   8  33  25  91  35  88  26   4
   47  97  74  18  90  29  16  73  93  82  12  64  75  80   6  85  72  63
   53   9  85  23  54   4  30  39  59  37  81  14  99  36  40  78   8  41
    4  81   9  22  55  57   6]
 [  0  18  31  98  17  44   3   3  94  81  23  78  21  51  73  59  50  15
    9  22  99  11  82  93  54  86  45  94  16  60 100  54  82  29  75  66
   10  89  86  27  90  77   8  76  72  16  32   3  58  57   8  22   7  51
   11  69  51  42  33  41  87]
 [  0  77  29  65  81  78  74  44  96  23   5  52   6  88 100  69  67  62
   34  57  25  38  26  10  96  27  53  55  35  17  10 100  53  37   8  92
   61  36  41  84  73  51  23  12  78  77  21  99   7  10  52  46  56  97
    3  65  65  88  18  24  95]]
end
weight
[[ 0 98 34 90 48 86 64 25  1 95 43 78 82 91 19 36 36 45 61 19 93 25 19 35
  73 96 57 54 16 28 57 22 46 49 10 94 50 78 55 64 59 45 68 95  8 50 80 77
   3 75 99 98  5 78 16 63  1 74 67 13 80]]
end
setup_times
[[[ 0 35 58 31 53 34 33 35 47]
  [ 0  0 46 51 31 59 41 37 44]
  [ 0 42  0 47 41 39 53 47 30]
  [ 0 55 42  0 59 35 36 53 39]
  [ 0 41 51 36  0 48 53 44 58]
  [ 0 39 47 39 40  0 53 58 34]
  [ 0 54 44 39 31 42  0 30 48]
  [ 0 39 47 53 54 31 48  0 36]
  [ 0 52 52 38 34 55 53 45  0]]

 [[ 0 37 43 59 45 32 44 48 53]
  [ 0  0 55 48 33 48 34 36 54]
  [ 0 38  0 48 42 54 39 56 49]
  [ 0 30 43  0 54 37 41 34 53]
  [ 0 46 44 43  0 40 43 36 43]
  [ 0 42 43 58 56  0 51 46 37]
  [ 0 32 41 59 57 32  0 59 48]
  [ 0 50 44 51 35 34 53  0 31]
  [ 0 58 36 30 58 41 48 48  0]]

 [[ 0 34 51 58 39 51 46 54 45]
  [ 0  0 49 53 57 49 54 45 52]
  [ 0 41  0 42 31 48 36 51 32]
  [ 0 52 47  0 44 39 42 31 35]
  [ 0 39 49 38  0 43 54 44 35]
  [ 0 51 47 50 49  0 42 32 44]
  [ 0 45 42 44 31 47  0 44 42]
  [ 0 47 45 46 42 34 58  0 37]
  [ 0 51 57 58 50 41 34 33  0]]

 [[ 0 58 37 59 41 45 49 42 35]
  [ 0  0 55 36 46 42 46 59 35]
  [ 0 36  0 42 32 59 39 46 38]
  [ 0 43 34  0 36 42 56 34 58]
  [ 0 54 34 40  0 38 32 37 46]
  [ 0 44 47 47 34  0 30 36 53]
  [ 0 55 42 45 43 32  0 49 39]
  [ 0 36 47 32 39 54 32  0 41]
  [ 0 40 41 52 56 46 59 30  0]]

 [[ 0 51 56 41 41 50 37 53 36]
  [ 0  0 45 48 53 40 49 52 50]
  [ 0 50  0 43 55 33 36 51 56]
  [ 0 55 34  0 58 59 55 41 54]
  [ 0 35 47 37  0 54 52 55 51]
  [ 0 30 31 40 47  0 59 36 56]
  [ 0 53 57 44 37 32  0 39 33]
  [ 0 59 39 36 30 49 31  0 58]
  [ 0 53 39 56 42 32 40 41  0]]

 [[ 0 44 53 42 56 51 49 59 40]
  [ 0  0 49 51 39 54 40 30 51]
  [ 0 41  0 39 47 37 51 38 55]
  [ 0 47 55  0 35 42 30 38 54]
  [ 0 43 40 59  0 31 31 37 46]
  [ 0 49 47 36 56  0 36 51 41]
  [ 0 30 37 46 46 34  0 49 59]
  [ 0 47 35 36 58 39 40  0 31]
  [ 0 52 53 36 36 41 41 34  0]]

 [[ 0 56 41 59 39 48 47 51 49]
  [ 0  0 43 41 55 43 47 54 32]
  [ 0 31  0 44 34 44 37 33 52]
  [ 0 47 43  0 41 30 44 51 35]
  [ 0 48 46 32  0 37 49 36 35]
  [ 0 56 50 57 45  0 52 47 58]
  [ 0 49 45 32 47 50  0 54 55]
  [ 0 44 51 33 38 40 37  0 35]
  [ 0 55 48 46 50 36 55 31  0]]

 [[ 0 31 51 37 43 59 30 31 34]
  [ 0  0 38 38 58 55 55 44 36]
  [ 0 35  0 43 46 45 52 42 31]
  [ 0 47 45  0 56 31 59 53 35]
  [ 0 47 39 42  0 48 46 56 55]
  [ 0 36 46 58 58  0 33 54 36]
  [ 0 46 39 58 49 45  0 34 55]
  [ 0 35 55 55 33 31 58  0 39]
  [ 0 35 55 50 50 59 30 52  0]]]
end
fixed_cost
[[2777 2706 2780 2785 2768 2748 2698 2768]]
end
unit_cost
[[55 66 59 45 63 43 61 38]]
end
job2fam
[[1 0 0 0 0 0 0 0 0 0 0 0 0 0 0 0 0 0 0 0 0 0 0 0 0 0 0 0 0 0 0 0 0 0 0 0
  0 0 0 0 0 0 0 0 0 0 0 0 0 0 0 0 0 0 0 0 0 0 0 0 0]
 [0 0 0 0 0 0 0 0 0 0 0 0 0 0 0 0 0 0 0 0 0 0 0 0 0 0 0 1 0 1 0 0 0 0 0 0
  1 0 0 0 0 1 1 0 0 1 0 0 0 0 0 0 0 0 0 0 0 0 0 1 0]
 [0 1 0 0 0 0 0 0 0 0 0 0 0 1 0 0 0 0 0 0 0 0 0 1 1 0 0 0 0 0 0 0 1 0 0 0
  0 0 0 0 0 0 0 0 0 0 1 0 0 1 1 0 0 0 0 0 1 0 0 0 0]
 [0 0 0 0 0 0 0 0 0 0 0 0 0 0 0 0 1 0 0 1 0 0 0 0 0 0 0 0 0 0 0 0 0 0 1 0
  0 0 0 0 0 0 0 1 0 0 0 0 1 0 0 0 0 0 1 0 0 0 0 0 0]
 [0 0 0 1 0 0 0 0 0 1 0 0 0 0 1 0 0 1 0 0 0 0 0 0 0 1 0 0 0 0 0 0 0 1 0 0
  0 1 1 0 0 0 0 0 0 0 0 1 0 0 0 0 0 0 0 0 0 0 0 0 0]
 [0 0 0 0 1 0 1 0 1 0 0 0 0 0 0 0 0 0 0 0 0 0 1 0 0 0 1 0 0 0 0 0 0 0 0 0
  0 0 0 0 1 0 0 0 1 0 0 0 0 0 0 0 0 0 0 0 0 0 0 0 0]
 [0 0 0 0 0 1 0 1 0 0 1 0 0 0 0 0 0 0 1 0 0 1 0 0 0 0 0 0 0 0 1 1 0 0 0 0
  0 0 0 1 0 0 0 0 0 0 0 0 0 0 0 0 1 0 0 1 0 0 1 0 0]
 [0 0 1 0 0 0 0 0 0 0 0 1 1 0 0 1 0 0 0 0 1 0 0 0 0 0 0 0 1 0 0 0 0 0 0 1
  0 0 0 0 0 0 0 0 0 0 0 0 0 0 0 0 0 1 0 0 0 1 0 0 1]
 [0 0 0 0 0 0 0 0 0 0 0 0 0 0 0 0 0 0 0 0 0 0 0 0 0 0 0 0 0 0 0 0 0 0 0 0
  0 0 0 0 0 0 0 0 0 0 0 0 0 0 0 1 0 0 0 0 0 0 0 0 0]]
end
