mac
8
end
job
60
end
fam
12
end
proc_times
[[  0  95  37  91  85  65  22  98  21  80  35  19  87  22   9  51  79  43
   66  20  24  33  49  78  31   7  10  39  50   9  19  71  35  58   6  88
   82  62  55  76  27  39  32  58  71  84  45  93  83  41  18  88  43  64
   68  71   8  90  71  24  20]
 [  0  23  67  80  64  76  97  67  47  58  33  31  33  52  38  45  79  25
   20  32  60  45  68  57   4  74  82  71   8  72  88  52  56  19  62  90
   84  22  40  30  68  35  87  46  82  26  74  72  38  86  66   9  75  61
   36  84  20  19  43  49  63]
 [  0  28  27  46  79  44  35  46  80   5  51  36  71  33  89  29  72   6
   42  90  90  37  39  32   9  81  48  37  92  56  90  53   2  71  78   5
   56  58  68  30  57  21  14   5 100  35  30  21  56  40  68  67   6  52
   38  87  20  14  53  60  66]
 [  0  46  70  14  24  70   3  59  14  80  22  59   8  39  16  27  65  44
   92  41  92   2  42   5  91  77  92 100  87   7  35  89  95  18  44  74
    5   4  41  52  13  35  20  12 100  98  59  16  20  73  79  11  94  63
   79  94  28  74  44  67  39]
 [  0  93  21  23  50   7  21  33  72  96  18  98  47  54  49  79  53  15
   62  35  93  32  91  99  90  23  10  67  70  62  29  90  65  10  35  70
   53  90  28  89  49  36  44  78  68  66   4  68  59  27  95  49  34  21
   17  56   1  66  24  31  91]
 [  0  15  79  30  80  75  92   3  19  24  52  20  61  59  13  64  51  52
   36  39  91  21  55 100  91  94  30  20   3  22  22   2  59  73  14  82
   58  40  89  59  76  79  86  81  41  41  98   3  28  96  34  35   1   3
    4  17  37  26  61   8  29]
 [  0  63   1   2  79  44  40  77  63  93  27  89  81   5  38  52  63  67
    9  11  29  20  65  92   3  37  70  36  56  68  84  55  49  57  81  19
   17  17  86  92  10  12  80  16  12  16  94  40  10  25  67  82  73  26
   17  38  10  44  41  53  30]
 [  0  47  40  72  89  65   9  66  45  62  22   6  67  50   5  39  97  86
   61  26  80  12  65  37  21  87  20  62  16  54  34  72  16  16  98  62
   12  28  75  32  42  60  99  40  27  60  70  46  30   7  41  72  45  35
   37  55  98  12  51  70  53]]
end
weight
[[ 0 50 42 88 71 68 59 43  2 40 44 41 18 75  6  5 35 28  6 19 78 67 83 99
  36 43 37  2 16 52 88 73 90 41 23 47 28 39 13 63 51 94 23 82 99 81 58 63
  63 73 36 87  8 23 67 46 22 93 20 29 21]]
end
setup_times
[[[ 0 49 52 55 49 41 58 57 31 50 34 45 45]
  [ 0  0 45 56 42 43 58 55 44 55 36 57 47]
  [ 0 41  0 56 42 39 47 45 36 43 45 47 43]
  [ 0 31 35  0 30 59 31 41 55 52 43 38 32]
  [ 0 37 39 56  0 59 57 42 36 51 49 43 51]
  [ 0 33 40 53 36  0 33 50 37 58 48 54 32]
  [ 0 53 51 44 36 33  0 47 55 47 59 40 43]
  [ 0 49 57 30 36 59 32  0 54 32 48 55 35]
  [ 0 59 55 33 36 39 40 31  0 40 33 58 48]
  [ 0 31 32 51 41 45 30 52 31  0 48 47 50]
  [ 0 57 55 37 54 49 56 35 51 38  0 46 42]
  [ 0 33 32 35 57 51 52 59 58 35 54  0 51]
  [ 0 56 43 45 51 39 52 36 35 55 55 47  0]]

 [[ 0 53 33 59 30 37 30 57 59 38 42 55 44]
  [ 0  0 45 44 40 44 56 42 56 32 35 49 31]
  [ 0 56  0 52 50 49 57 34 49 43 57 34 36]
  [ 0 49 59  0 43 39 50 44 54 41 39 38 48]
  [ 0 40 43 58  0 54 46 58 46 43 42 56 49]
  [ 0 33 32 30 48  0 43 43 35 47 49 59 39]
  [ 0 44 44 52 57 49  0 52 40 44 31 48 52]
  [ 0 50 49 53 58 46 42  0 32 41 33 58 47]
  [ 0 45 44 58 43 31 33 53  0 42 37 31 41]
  [ 0 49 59 58 36 53 49 43 59  0 35 42 57]
  [ 0 53 35 33 31 47 58 53 34 34  0 34 48]
  [ 0 35 48 37 44 45 55 39 51 35 53  0 49]
  [ 0 37 41 56 56 35 56 43 48 55 47 44  0]]

 [[ 0 58 40 46 31 31 58 42 51 57 51 49 38]
  [ 0  0 56 48 49 42 44 38 43 49 55 46 58]
  [ 0 50  0 48 41 53 47 52 33 51 55 44 59]
  [ 0 50 55  0 41 47 57 36 40 47 30 37 35]
  [ 0 46 49 58  0 31 52 56 39 45 34 59 48]
  [ 0 41 37 47 44  0 40 55 59 30 36 32 32]
  [ 0 37 51 31 45 55  0 40 55 40 44 57 48]
  [ 0 51 51 55 37 49 57  0 46 34 37 33 41]
  [ 0 41 38 52 44 57 35 58  0 47 50 53 59]
  [ 0 41 39 35 47 54 36 50 43  0 53 31 32]
  [ 0 48 55 49 52 40 47 34 36 51  0 56 56]
  [ 0 31 32 44 51 54 53 53 52 49 50  0 35]
  [ 0 54 43 50 34 32 38 33 48 39 54 51  0]]

 [[ 0 47 38 55 53 37 57 52 46 36 51 38 42]
  [ 0  0 49 42 49 48 35 38 54 32 32 38 33]
  [ 0 46  0 54 45 30 43 46 36 44 57 42 35]
  [ 0 59 33  0 31 37 44 34 48 47 35 47 36]
  [ 0 52 59 57  0 51 55 48 39 44 55 46 35]
  [ 0 54 44 51 55  0 51 37 38 34 53 39 53]
  [ 0 46 46 42 49 36  0 49 58 54 47 42 50]
  [ 0 36 41 34 47 32 57  0 38 41 36 48 40]
  [ 0 33 47 53 38 54 35 38  0 33 36 58 47]
  [ 0 52 55 44 33 49 41 49 31  0 31 36 47]
  [ 0 44 54 48 58 57 54 53 47 45  0 45 58]
  [ 0 48 57 36 32 32 31 31 43 51 58  0 56]
  [ 0 51 53 57 49 46 30 36 43 52 57 44  0]]

 [[ 0 51 36 31 55 44 33 52 39 34 45 55 35]
  [ 0  0 51 37 53 37 34 56 59 40 38 49 34]
  [ 0 49  0 32 38 40 32 47 36 41 32 37 37]
  [ 0 33 44  0 54 58 46 47 35 57 38 54 34]
  [ 0 55 48 51  0 57 31 41 42 55 44 36 49]
  [ 0 49 57 36 57  0 57 54 54 36 53 52 58]
  [ 0 41 52 53 56 58  0 31 41 44 51 58 40]
  [ 0 32 46 43 45 38 40  0 52 37 49 50 56]
  [ 0 32 38 34 42 40 52 35  0 36 49 56 50]
  [ 0 52 45 54 56 52 38 52 30  0 57 45 41]
  [ 0 56 47 31 36 41 50 46 51 40  0 52 56]
  [ 0 33 43 34 41 32 49 30 40 59 44  0 58]
  [ 0 51 34 46 45 41 34 38 41 36 30 30  0]]

 [[ 0 43 57 54 35 56 59 31 43 43 40 32 45]
  [ 0  0 45 57 31 56 38 55 54 37 44 40 57]
  [ 0 55  0 47 31 30 53 34 36 39 30 42 49]
  [ 0 51 32  0 46 58 55 37 55 33 50 30 43]
  [ 0 56 46 53  0 32 32 44 46 47 31 32 58]
  [ 0 37 52 45 41  0 41 40 37 43 43 50 31]
  [ 0 54 54 45 42 34  0 36 35 38 39 41 50]
  [ 0 30 47 50 35 30 46  0 44 37 56 47 33]
  [ 0 55 52 42 54 33 40 41  0 45 47 38 38]
  [ 0 55 50 44 51 41 43 53 31  0 41 51 48]
  [ 0 37 47 49 49 50 52 38 34 49  0 57 51]
  [ 0 55 35 48 42 30 53 43 57 57 49  0 54]
  [ 0 59 49 45 33 39 37 42 54 49 45 54  0]]

 [[ 0 52 51 48 33 47 39 32 53 57 42 40 55]
  [ 0  0 53 51 44 35 56 50 41 46 56 52 58]
  [ 0 55  0 41 42 53 55 40 45 34 49 31 50]
  [ 0 53 49  0 31 44 37 32 30 47 58 43 50]
  [ 0 59 44 52  0 41 40 48 56 57 57 42 38]
  [ 0 42 52 43 53  0 57 46 56 41 39 34 59]
  [ 0 33 38 50 54 34  0 49 53 58 45 48 43]
  [ 0 43 46 55 42 35 44  0 35 39 58 45 45]
  [ 0 33 31 53 47 36 33 48  0 38 56 45 50]
  [ 0 34 40 40 32 52 39 56 40  0 53 41 51]
  [ 0 56 59 34 40 43 30 34 55 37  0 44 48]
  [ 0 43 53 44 40 43 45 39 58 45 45  0 47]
  [ 0 50 57 58 38 43 36 52 57 55 47 40  0]]

 [[ 0 44 35 46 45 42 39 54 47 35 48 36 54]
  [ 0  0 48 30 52 44 33 52 56 30 45 43 45]
  [ 0 49  0 44 59 50 35 31 54 55 41 57 41]
  [ 0 34 45  0 43 30 42 44 55 31 57 55 41]
  [ 0 39 47 41  0 33 48 44 31 58 37 58 52]
  [ 0 40 52 54 32  0 51 59 41 37 43 45 39]
  [ 0 33 47 39 56 44  0 36 48 35 40 55 44]
  [ 0 47 39 36 35 34 31  0 46 53 56 34 38]
  [ 0 42 45 35 42 38 50 41  0 40 56 56 55]
  [ 0 31 45 38 38 57 38 40 42  0 57 48 43]
  [ 0 59 37 33 31 54 56 38 49 52  0 32 58]
  [ 0 45 45 51 59 35 33 44 35 49 41  0 33]
  [ 0 55 38 50 41 54 59 32 30 58 50 39  0]]]
end
fixed_cost
[[2239 2268 2257 2269 2270 2232 2310 2290]]
end
unit_cost
[[36 51 33 49 55 61 45 40]]
end
job2fam
[[1 0 0 0 0 0 0 0 0 0 0 0 0 0 0 0 0 0 0 0 0 0 0 0 0 0 0 0 0 0 0 0 0 0 0 0
  0 0 0 0 0 0 0 0 0 0 0 0 0 0 0 0 0 0 0 0 0 0 0 0 0]
 [0 1 0 0 0 0 0 0 0 0 0 0 0 0 0 0 0 0 0 0 1 0 0 0 0 0 0 0 0 1 1 0 0 1 0 0
  0 0 0 0 0 0 0 0 0 0 0 0 0 0 0 0 0 0 0 0 0 0 0 0 0]
 [0 0 0 0 0 0 0 0 0 0 0 0 0 0 0 0 0 0 0 0 0 0 0 1 0 0 0 0 0 0 0 0 0 0 0 0
  0 0 0 0 0 0 0 0 1 0 0 0 0 1 0 0 0 0 0 0 1 1 0 0 0]
 [0 0 0 0 0 0 0 0 0 0 1 0 0 1 0 0 0 0 0 1 0 0 0 0 0 0 0 0 0 0 0 0 0 0 0 0
  0 0 0 0 0 0 0 0 0 0 0 0 1 0 0 0 0 0 0 1 0 0 0 0 0]
 [0 0 0 1 0 1 0 1 0 0 0 0 0 0 0 0 0 0 0 0 0 0 0 0 0 1 0 0 0 0 0 0 0 0 0 0
  0 0 0 0 0 1 0 0 0 0 1 0 0 0 0 0 0 0 0 0 0 0 0 0 0]
 [0 0 0 0 0 0 0 0 1 0 0 0 0 0 1 0 1 0 0 0 0 0 0 0 0 0 0 0 0 0 0 0 0 0 0 0
  0 1 0 0 0 0 0 0 0 0 0 0 0 0 0 0 0 0 0 0 0 0 0 0 0]
 [0 0 0 0 0 0 0 0 0 1 0 0 0 0 0 0 0 0 1 0 0 0 0 0 0 0 0 0 0 0 0 1 0 0 1 1
  0 0 0 0 0 0 0 0 0 0 0 0 0 0 1 0 0 0 0 0 0 0 0 0 0]
 [0 0 0 0 0 0 0 0 0 0 0 0 0 0 0 1 0 1 0 0 0 1 0 0 0 0 1 0 1 0 0 0 1 0 0 0
  0 0 0 0 0 0 0 0 0 0 0 0 0 0 0 0 0 0 0 0 0 0 0 0 0]
 [0 0 0 0 0 0 0 0 0 0 0 0 0 0 0 0 0 0 0 0 0 0 1 0 1 0 0 0 0 0 0 0 0 0 0 0
  0 0 0 0 0 0 0 0 0 0 0 1 0 0 0 1 0 1 0 0 0 0 0 0 0]
 [0 0 0 0 0 0 0 0 0 0 0 0 1 0 0 0 0 0 0 0 0 0 0 0 0 0 0 1 0 0 0 0 0 0 0 0
  0 0 1 1 0 0 1 0 0 0 0 0 0 0 0 0 0 0 0 0 0 0 0 0 1]
 [0 0 1 0 1 0 0 0 0 0 0 1 0 0 0 0 0 0 0 0 0 0 0 0 0 0 0 0 0 0 0 0 0 0 0 0
  1 0 0 0 1 0 0 1 0 0 0 0 0 0 0 0 1 0 1 0 0 0 0 1 0]
 [0 0 0 0 0 0 0 0 0 0 0 0 0 0 0 0 0 0 0 0 0 0 0 0 0 0 0 0 0 0 0 0 0 0 0 0
  0 0 0 0 0 0 0 0 0 1 0 0 0 0 0 0 0 0 0 0 0 0 1 0 0]
 [0 0 0 0 0 0 1 0 0 0 0 0 0 0 0 0 0 0 0 0 0 0 0 0 0 0 0 0 0 0 0 0 0 0 0 0
  0 0 0 0 0 0 0 0 0 0 0 0 0 0 0 0 0 0 0 0 0 0 0 0 0]]
end
