mac
8
end
job
60
end
fam
12
end
proc_times
[[  0  59  33  15  93  32  31   1  26   4  16  77  45  70  19  38  45  35
   32  92  96   1  70  25  85  14  93   6  38  40  24   7  70  67  52  77
   31  96  98  37  97  81 100 100  29  66  13  24  80  99   5  52   9  63
   53  57  95  22  97  72  82]
 [  0  10  31  50  11  63  23  97  83   5   7  14  49   1  60  64  22  71
   19  77  15  83  42  98  49  14  11  25  12   7  61  16  67  18   5  25
   73  86  48  95  85  81  11  87  52  19  73  46  61  48  90  18  54  48
   26  66  52  58  51  16  37]
 [  0  75  63   8  30  11  43   4   9  55  38  60  89  21  34   5  93  59
   77  70  67  16  29  67  57  12  13  41  32  86  13  21  20  16  49  66
   80  81  26  17  24  85  65  54  75  95  57  13  85  16  90  53  39  40
   40  22   6  28  11  75  33]
 [  0  11  35  97  84   4  67  95  13  28  33  52   6  74  47  66  44  92
   46  70  81  86  33  88  95  31  69  29  45  64  15  51  32  21  42  19
   69   6   8   2   6  43  33  65  30   5  64  72  50  20  65  20  16  76
   34  18  42  28  81  89  26]
 [  0  39  65  51  45  12   9  51  80  12  12  98  88  57  54  44   7  85
   78  69  69  39  21  19  67  16  76  94   1   3  43  71  41  61  49  94
   69  17  83  46   7  33  92   9  31  20  96   1  26  68  95   9  44  30
   31  57 100  27  15  53  61]
 [  0  56  56  25  19  93  41  94  41  81  60  15  18  94  62  56  87  67
    1  50   7  65  75  97  35  58  50  47   2  92  86  39 100  31  52  72
   59  42   4  86  55  45  55   4  90  96   1  44  89  33  68  28  96  70
   97   3  62  16  83   7  48]
 [  0  77  85  27  65  63  28  21  31   7  94  10  74  84  42  95  29  66
   59  89  36  84  21  41  48  43  31  70   8  95 100  51  36  39  30  62
    4  59  68  85  99  78  75  79  51  21  87  49  26  80  72  59   3  94
   96  30  13  97  46  73  22]
 [  0  85  28  67  98  77  65  11   4  26  85  35  47  76  63  90  30  14
   46  28  16  84  22   1   2  20  91  59  18  15  92  94  67  66  77  24
   11  63  80  63  79  61  87  30  71   5   4  92  44  79  81  59   2  19
   93  61   5  96  32  96  47]]
end
weight
[[ 0 87 98 46 57 68 65 58  4 25 30 39 42 28 24 66 39 26 33  1 80 59  4 35
  22 35 49 63 29 58 92 96 64 58 91 91 28 62 38 49 97 95 96 96 98  5 24 13
   2 92 69 42 49 86 19 11 20 91 87 78 44]]
end
setup_times
[[[ 0 58 46 53 43 38 44 46 51 43 54 48 54]
  [ 0  0 36 32 54 31 30 36 55 57 37 51 56]
  [ 0 59  0 48 47 46 45 39 38 44 36 38 54]
  [ 0 47 43  0 52 45 58 47 42 36 42 58 50]
  [ 0 49 43 44  0 39 51 32 42 43 58 58 59]
  [ 0 44 49 42 32  0 43 36 36 44 37 59 31]
  [ 0 59 37 43 38 41  0 52 32 33 53 35 58]
  [ 0 34 42 43 59 59 41  0 57 34 48 44 46]
  [ 0 52 41 33 56 39 38 58  0 58 39 31 46]
  [ 0 37 48 35 30 39 41 38 46  0 48 40 49]
  [ 0 41 53 56 42 54 59 53 58 45  0 58 35]
  [ 0 53 53 46 43 52 31 52 59 41 55  0 34]
  [ 0 42 46 59 33 54 32 53 47 58 50 56  0]]

 [[ 0 44 35 33 30 52 42 55 53 56 45 53 47]
  [ 0  0 55 33 34 51 52 43 54 47 51 39 48]
  [ 0 57  0 33 56 55 34 56 36 45 32 40 42]
  [ 0 39 51  0 54 54 54 44 54 50 48 45 39]
  [ 0 31 44 36  0 38 57 53 45 44 36 33 40]
  [ 0 47 35 31 44  0 57 58 54 36 30 46 43]
  [ 0 36 37 31 42 50  0 47 39 51 41 53 56]
  [ 0 46 47 30 32 52 33  0 55 42 49 31 47]
  [ 0 45 35 44 57 52 53 53  0 59 58 41 49]
  [ 0 37 56 52 34 32 38 35 44  0 44 31 34]
  [ 0 43 45 37 51 52 57 55 38 44  0 41 33]
  [ 0 45 44 35 55 46 59 38 31 37 38  0 30]
  [ 0 47 56 57 47 38 58 48 40 59 32 41  0]]

 [[ 0 41 36 38 45 37 37 35 31 33 47 34 50]
  [ 0  0 52 42 39 46 44 32 49 38 42 32 30]
  [ 0 33  0 47 49 59 34 48 59 59 40 34 55]
  [ 0 58 32  0 53 56 54 43 43 39 55 36 33]
  [ 0 36 42 47  0 54 32 48 49 35 40 33 47]
  [ 0 55 30 48 42  0 49 58 59 37 45 50 48]
  [ 0 37 33 44 47 50  0 32 39 41 49 48 37]
  [ 0 47 57 55 31 42 56  0 36 46 51 42 33]
  [ 0 58 41 38 55 46 45 37  0 38 37 40 38]
  [ 0 48 30 56 38 46 35 50 34  0 56 47 54]
  [ 0 32 30 43 44 52 51 41 38 40  0 43 39]
  [ 0 36 40 47 55 30 41 34 56 47 55  0 33]
  [ 0 45 32 52 30 59 31 54 38 46 53 52  0]]

 [[ 0 50 47 47 54 57 53 47 57 52 54 50 38]
  [ 0  0 56 41 53 41 31 41 50 59 40 56 48]
  [ 0 56  0 46 35 58 44 35 49 57 35 43 59]
  [ 0 31 41  0 45 47 35 45 50 31 57 35 59]
  [ 0 58 50 47  0 59 48 41 58 39 52 55 36]
  [ 0 49 58 53 37  0 51 59 42 32 53 34 39]
  [ 0 33 46 58 46 49  0 32 56 42 47 44 44]
  [ 0 50 52 40 37 44 34  0 31 52 41 43 46]
  [ 0 51 33 38 44 41 31 46  0 45 59 39 43]
  [ 0 55 49 45 58 58 41 34 32  0 31 48 36]
  [ 0 58 40 35 35 31 44 30 53 50  0 32 48]
  [ 0 59 53 31 56 48 39 32 41 59 53  0 55]
  [ 0 44 31 46 54 45 44 41 31 35 32 52  0]]

 [[ 0 51 56 43 59 30 58 48 41 35 42 48 40]
  [ 0  0 44 54 31 38 47 33 41 59 39 35 44]
  [ 0 33  0 56 32 30 32 33 43 39 54 48 55]
  [ 0 31 31  0 41 42 34 58 53 32 45 48 46]
  [ 0 49 50 39  0 45 53 48 53 45 38 50 31]
  [ 0 57 58 43 38  0 47 58 46 57 44 36 48]
  [ 0 34 34 57 45 33  0 42 59 51 38 45 51]
  [ 0 58 52 57 39 57 37  0 53 52 41 31 42]
  [ 0 47 34 55 53 58 49 56  0 34 41 47 49]
  [ 0 57 30 39 36 52 41 40 52  0 40 50 33]
  [ 0 31 57 30 31 32 42 59 59 50  0 40 55]
  [ 0 30 34 40 47 32 53 38 34 49 59  0 37]
  [ 0 58 51 36 58 58 55 33 50 35 58 33  0]]

 [[ 0 47 36 44 59 57 56 36 51 32 56 44 45]
  [ 0  0 44 49 55 52 46 37 55 49 37 49 49]
  [ 0 54  0 57 38 44 54 57 51 58 32 43 35]
  [ 0 35 55  0 35 50 41 45 44 57 56 43 41]
  [ 0 46 38 47  0 55 38 38 43 40 45 31 33]
  [ 0 45 41 58 41  0 49 30 53 42 47 59 40]
  [ 0 40 30 34 56 34  0 31 59 48 48 43 34]
  [ 0 40 54 33 41 33 44  0 31 44 39 57 58]
  [ 0 33 49 50 31 41 41 50  0 46 37 39 45]
  [ 0 32 47 51 53 46 45 45 58  0 54 34 41]
  [ 0 48 50 41 44 58 47 47 46 55  0 59 48]
  [ 0 56 57 55 41 57 30 38 37 41 33  0 41]
  [ 0 57 37 55 39 59 55 45 34 34 54 37  0]]

 [[ 0 37 45 58 48 43 50 32 50 47 57 58 30]
  [ 0  0 49 59 55 42 46 37 59 30 53 56 48]
  [ 0 54  0 58 48 38 46 33 34 47 37 42 42]
  [ 0 37 48  0 34 33 36 52 36 41 36 39 49]
  [ 0 56 54 59  0 58 46 45 51 33 33 41 54]
  [ 0 59 48 41 54  0 34 34 43 35 40 56 38]
  [ 0 58 51 30 44 34  0 45 57 30 59 31 48]
  [ 0 53 33 43 43 58 47  0 33 33 57 58 51]
  [ 0 51 45 51 45 45 53 31  0 35 53 42 30]
  [ 0 37 33 46 56 54 45 45 39  0 45 37 34]
  [ 0 57 57 45 44 48 34 33 46 30  0 32 43]
  [ 0 57 34 50 35 50 37 41 57 47 46  0 49]
  [ 0 47 59 50 38 42 31 52 55 35 52 49  0]]

 [[ 0 48 40 57 33 53 33 52 39 51 49 54 31]
  [ 0  0 51 56 59 51 53 44 42 45 41 44 52]
  [ 0 42  0 55 38 47 48 42 59 42 48 58 59]
  [ 0 54 31  0 47 55 55 47 47 38 49 38 49]
  [ 0 44 43 40  0 31 30 39 40 30 53 32 39]
  [ 0 53 49 56 44  0 37 40 52 42 58 45 55]
  [ 0 47 44 54 52 32  0 50 42 35 44 52 55]
  [ 0 47 45 50 57 36 39  0 48 50 49 54 53]
  [ 0 34 41 32 30 37 38 59  0 57 39 37 30]
  [ 0 32 33 32 59 57 49 39 33  0 42 32 51]
  [ 0 31 35 40 30 51 58 42 48 38  0 50 45]
  [ 0 34 50 45 54 39 43 32 40 49 53  0 59]
  [ 0 49 54 34 52 31 44 31 54 55 50 40  0]]]
end
fixed_cost
[[2683 2700 2667 2720 2707 2656 2659 2736]]
end
unit_cost
[[67 41 46 38 69 57 58 57]]
end
job2fam
[[1 0 0 0 0 0 0 0 0 0 0 0 0 0 0 0 0 0 0 0 0 0 0 0 0 0 0 0 0 0 0 0 0 0 0 0
  0 0 0 0 0 0 0 0 0 0 0 0 0 0 0 0 0 0 0 0 0 0 0 0 0]
 [0 1 0 0 0 0 0 0 0 0 0 0 0 0 0 0 0 0 0 0 1 0 0 0 0 0 0 0 0 1 1 0 0 1 0 0
  0 0 0 0 0 0 0 0 0 0 0 0 0 0 0 0 0 0 0 0 0 0 0 0 0]
 [0 0 0 0 0 0 0 0 0 0 0 0 0 0 0 0 0 0 0 0 0 0 0 1 0 0 0 0 0 0 0 0 0 0 0 0
  0 0 0 0 0 0 0 0 1 0 0 0 0 1 0 0 0 0 0 0 1 1 0 0 0]
 [0 0 0 0 0 0 0 0 0 0 1 0 0 1 0 0 0 0 0 1 0 0 0 0 0 0 0 0 0 0 0 0 0 0 0 0
  0 0 0 0 0 0 0 0 0 0 0 0 1 0 0 0 0 0 0 1 0 0 0 0 0]
 [0 0 0 1 0 1 0 1 0 0 0 0 0 0 0 0 0 0 0 0 0 0 0 0 0 1 0 0 0 0 0 0 0 0 0 0
  0 0 0 0 0 1 0 0 0 0 1 0 0 0 0 0 0 0 0 0 0 0 0 0 0]
 [0 0 0 0 0 0 0 0 1 0 0 0 0 0 1 0 1 0 0 0 0 0 0 0 0 0 0 0 0 0 0 0 0 0 0 0
  0 1 0 0 0 0 0 0 0 0 0 0 0 0 0 0 0 0 0 0 0 0 0 0 0]
 [0 0 0 0 0 0 0 0 0 1 0 0 0 0 0 0 0 0 1 0 0 0 0 0 0 0 0 0 0 0 0 1 0 0 1 1
  0 0 0 0 0 0 0 0 0 0 0 0 0 0 1 0 0 0 0 0 0 0 0 0 0]
 [0 0 0 0 0 0 0 0 0 0 0 0 0 0 0 1 0 1 0 0 0 1 0 0 0 0 1 0 1 0 0 0 1 0 0 0
  0 0 0 0 0 0 0 0 0 0 0 0 0 0 0 0 0 0 0 0 0 0 0 0 0]
 [0 0 0 0 0 0 0 0 0 0 0 0 0 0 0 0 0 0 0 0 0 0 1 0 1 0 0 0 0 0 0 0 0 0 0 0
  0 0 0 0 0 0 0 0 0 0 0 1 0 0 0 1 0 1 0 0 0 0 0 0 0]
 [0 0 0 0 0 0 0 0 0 0 0 0 1 0 0 0 0 0 0 0 0 0 0 0 0 0 0 1 0 0 0 0 0 0 0 0
  0 0 1 1 0 0 1 0 0 0 0 0 0 0 0 0 0 0 0 0 0 0 0 0 1]
 [0 0 1 0 1 0 0 0 0 0 0 1 0 0 0 0 0 0 0 0 0 0 0 0 0 0 0 0 0 0 0 0 0 0 0 0
  1 0 0 0 1 0 0 1 0 0 0 0 0 0 0 0 1 0 1 0 0 0 0 1 0]
 [0 0 0 0 0 0 0 0 0 0 0 0 0 0 0 0 0 0 0 0 0 0 0 0 0 0 0 0 0 0 0 0 0 0 0 0
  0 0 0 0 0 0 0 0 0 1 0 0 0 0 0 0 0 0 0 0 0 0 1 0 0]
 [0 0 0 0 0 0 1 0 0 0 0 0 0 0 0 0 0 0 0 0 0 0 0 0 0 0 0 0 0 0 0 0 0 0 0 0
  0 0 0 0 0 0 0 0 0 0 0 0 0 0 0 0 0 0 0 0 0 0 0 0 0]]
end
