mac
8
end
job
60
end
fam
8
end
proc_times
[[ 0 50 50 73  5 10 81 68  9 17 11 87 79 94  9 70 18 15 73 29 30 69 20 60
  50 51 83 84 88 79 86  8 74 73 44 10 42 16 72 41 69 35 15 87 92 83 38 94
  56 85 53 94 96 73 68 66 10 28 39 49 96]
 [ 0  9 81 30  4  2 47 91 44 33 86 13 66 20 75 17  3 26 39 54 57 71 70  9
  42 30 94 10 23 63 24 99 59 97 75 65 67 37 66 28 11 84 70 27 13 82 17 96
   5 47 53 93 86 90 64 85 19 75 27 77 88]
 [ 0  6 93  4 73 37 71 52 20 67 45 69 88 50 13  1 14 99 60 60 13 60 74 60
  72 47  5 50 35 40 17 98 40 33 11  1 94 17  7 67  4 74 76 63 62 74 12 26
  64  9 73 53 87 21 51 14 32 62  4 77 26]
 [ 0 16 56 62 89 48  3 47 91 13 13  6  8 30 74 36 32 49 40  4 21 23 37 87
  72 84 33 86 28 75 31  9  1 59 65 95 31 20 83 97 12  9 44 99 19 22  2 16
  53 51 90 89 63  5 23 69 63 71 13 38  8]
 [ 0 24 67 80 28 39 51 35 59 60 98 33  2 30 23  4 88 11 61 47 52 59 82 31
  21 16 31 92 97 79 32 43 52 48 49  8 76 63 37 87 95 37  6 29 87 18 24 92
   8 56 26  1 12 18  5 49 85 71 21  2 87]
 [ 0 17 74 14 93 53 66 78 97 37 91 25 55 63  5 21  2 17 75 98 45 83 19  6
  28 19 60 52 72 75  3 89 25 84 84 40  4 28 18 81 86  7 95 63 71 25 48 38
  53 78 79 80 67 78 77  4 92 95 27 62 95]
 [ 0 48 50 84 35 27 36 42 27 70 72 62 18 81 53 97  1 66 68 39 55 36 72 92
  24 16 30 63 70 32 29 10 49 34  9 12 67 73 71 19 46 75 90 66 52  9 76  9
  82  7 25 19 39 80  5 56 38 88 68 31 63]
 [ 0 30 48 16 45 64  7 16 99 85 25 24 89 36 25 55 20 38 28 75 95 39  3  7
  35 80 57 35  8  6 14 94 47 35 20 16 95 94 45  2 32 69  8 82 68 61 39 92
  72 41 91 41 71 15 43 49 42 47 36  5 72]]
end
weight
[[ 0 35 44 26 74 97 72 99 79 11 52 26 77  5 82 75 31 19 60 84 37 86 62 59
  75  2 91 29 63 71 93 66 62 97 26 19 50 52 39 66 40 61 14 57 21 32 51 54
  82 21  3 28 62 84 44  7  7 82 18 62 27]]
end
setup_times
[[[ 0 58 42 44 40 51 36 59 33]
  [ 0  0 46 34 51 49 40 54 47]
  [ 0 54  0 49 31 44 31 36 58]
  [ 0 52 55  0 33 50 44 51 33]
  [ 0 33 44 41  0 37 51 43 35]
  [ 0 46 34 43 40  0 59 42 40]
  [ 0 43 38 50 44 31  0 44 49]
  [ 0 58 46 42 55 35 48  0 46]
  [ 0 55 47 36 30 56 54 48  0]]

 [[ 0 58 53 31 54 54 39 36 49]
  [ 0  0 53 37 40 54 40 59 30]
  [ 0 35  0 41 43 52 55 50 53]
  [ 0 30 33  0 36 57 39 57 54]
  [ 0 51 58 43  0 43 38 35 50]
  [ 0 43 55 55 53  0 31 53 34]
  [ 0 57 48 37 37 50  0 43 50]
  [ 0 35 57 31 32 56 56  0 35]
  [ 0 42 59 31 33 38 47 56  0]]

 [[ 0 54 40 36 47 47 55 30 42]
  [ 0  0 47 58 53 48 45 59 48]
  [ 0 49  0 41 57 38 31 44 55]
  [ 0 42 46  0 58 37 58 45 55]
  [ 0 59 50 50  0 42 39 59 43]
  [ 0 58 46 33 41  0 56 42 44]
  [ 0 37 41 38 51 45  0 48 59]
  [ 0 39 41 41 58 44 39  0 49]
  [ 0 55 57 44 49 51 45 38  0]]

 [[ 0 37 49 53 40 41 44 34 43]
  [ 0  0 30 58 43 56 45 37 57]
  [ 0 32  0 58 30 46 49 53 57]
  [ 0 54 32  0 31 38 40 45 31]
  [ 0 46 38 40  0 58 40 47 56]
  [ 0 54 56 40 58  0 54 34 53]
  [ 0 32 57 38 54 30  0 38 55]
  [ 0 32 56 55 58 50 59  0 35]
  [ 0 34 32 31 30 34 57 35  0]]

 [[ 0 41 37 49 51 59 57 52 41]
  [ 0  0 31 47 31 47 49 42 46]
  [ 0 56  0 55 31 31 56 59 56]
  [ 0 33 55  0 39 44 41 34 44]
  [ 0 41 31 56  0 35 41 50 46]
  [ 0 43 39 52 52  0 32 48 47]
  [ 0 56 44 42 47 52  0 56 41]
  [ 0 32 58 58 41 50 53  0 59]
  [ 0 51 39 32 58 33 55 46  0]]

 [[ 0 47 48 55 46 47 36 40 42]
  [ 0  0 55 35 37 55 31 49 59]
  [ 0 34  0 59 34 43 42 57 52]
  [ 0 42 45  0 35 50 36 59 52]
  [ 0 47 33 32  0 40 51 53 37]
  [ 0 55 50 39 55  0 58 45 59]
  [ 0 46 53 30 35 38  0 53 57]
  [ 0 58 47 38 46 31 39  0 41]
  [ 0 45 55 41 56 34 40 50  0]]

 [[ 0 56 53 49 37 34 45 58 35]
  [ 0  0 43 31 58 30 52 34 47]
  [ 0 59  0 48 53 45 56 59 51]
  [ 0 55 54  0 39 57 39 55 57]
  [ 0 30 45 34  0 40 33 42 58]
  [ 0 35 59 57 35  0 41 51 48]
  [ 0 34 32 59 39 50  0 52 52]
  [ 0 51 38 35 41 34 33  0 44]
  [ 0 54 39 54 41 30 59 40  0]]

 [[ 0 34 39 46 44 42 32 33 44]
  [ 0  0 50 40 41 46 54 55 36]
  [ 0 41  0 34 37 41 56 58 41]
  [ 0 50 35  0 45 44 45 58 35]
  [ 0 37 34 46  0 54 34 36 34]
  [ 0 49 33 37 32  0 53 40 54]
  [ 0 34 51 55 41 48  0 45 50]
  [ 0 38 38 34 46 53 52  0 36]
  [ 0 54 47 35 45 38 50 41  0]]]
end
fixed_cost
[[2414 2481 2443 2489 2428 2433 2495 2462]]
end
unit_cost
[[35 43 57 46 53 63 52 58]]
end
job2fam
[[1 0 0 0 0 0 0 0 0 0 0 0 0 0 0 0 0 0 0 0 0 0 0 0 0 0 0 0 0 0 0 0 0 0 0 0
  0 0 0 0 0 0 0 0 0 0 0 0 0 0 0 0 0 0 0 0 0 0 0 0 0]
 [0 0 0 0 0 0 0 0 0 0 0 0 0 0 0 0 0 0 0 0 0 0 0 0 0 0 0 1 0 1 0 0 0 0 0 0
  1 0 0 0 0 1 1 0 0 1 0 0 0 0 0 0 0 0 0 0 0 0 0 1 0]
 [0 1 0 0 0 0 0 0 0 0 0 0 0 1 0 0 0 0 0 0 0 0 0 1 1 0 0 0 0 0 0 0 1 0 0 0
  0 0 0 0 0 0 0 0 0 0 1 0 0 1 1 0 0 0 0 0 1 0 0 0 0]
 [0 0 0 0 0 0 0 0 0 0 0 0 0 0 0 0 1 0 0 1 0 0 0 0 0 0 0 0 0 0 0 0 0 0 1 0
  0 0 0 0 0 0 0 1 0 0 0 0 1 0 0 0 0 0 1 0 0 0 0 0 0]
 [0 0 0 1 0 0 0 0 0 1 0 0 0 0 1 0 0 1 0 0 0 0 0 0 0 1 0 0 0 0 0 0 0 1 0 0
  0 1 1 0 0 0 0 0 0 0 0 1 0 0 0 0 0 0 0 0 0 0 0 0 0]
 [0 0 0 0 1 0 1 0 1 0 0 0 0 0 0 0 0 0 0 0 0 0 1 0 0 0 1 0 0 0 0 0 0 0 0 0
  0 0 0 0 1 0 0 0 1 0 0 0 0 0 0 0 0 0 0 0 0 0 0 0 0]
 [0 0 0 0 0 1 0 1 0 0 1 0 0 0 0 0 0 0 1 0 0 1 0 0 0 0 0 0 0 0 1 1 0 0 0 0
  0 0 0 1 0 0 0 0 0 0 0 0 0 0 0 0 1 0 0 1 0 0 1 0 0]
 [0 0 1 0 0 0 0 0 0 0 0 1 1 0 0 1 0 0 0 0 1 0 0 0 0 0 0 0 1 0 0 0 0 0 0 1
  0 0 0 0 0 0 0 0 0 0 0 0 0 0 0 0 0 1 0 0 0 1 0 0 1]
 [0 0 0 0 0 0 0 0 0 0 0 0 0 0 0 0 0 0 0 0 0 0 0 0 0 0 0 0 0 0 0 0 0 0 0 0
  0 0 0 0 0 0 0 0 0 0 0 0 0 0 0 1 0 0 0 0 0 0 0 0 0]]
end
