mac
8
end
job
60
end
fam
12
end
proc_times
[[  0  40  81  24  94  94  34  25  58  23  65  10  80  43   3  91  64  39
   77  49  22  41  79  77  63  26  49  69  23  85  32  11  30   1  56  47
   77   3  76  35  72  95  36  48   4  85  43  77  56  48  21  93  39  78
    9  64  18  42  23  73  97]
 [  0  78  44  72  64  95  70  55  21  68  32  74  47  83  60  43  84  18
    6  65  18  35  66  24   7  75  87  67  47  95  63  68  48  80  39  97
   97  92  50  24  52  90  32  68  85  72  76  68  68  80  67   2  21  91
   62  99  52  43  30  33  88]
 [  0  70  63  35  42  27  71  66  33  98  34   1  84  34  10  91  13  22
   48  15  97  90  42  40  72  17  77  29  19  66  94  33  83  37  95   8
   89  93  74  70  21  63  36  72  95  86  78  12  37  92  54  89  35  88
   42  17  13  54  94   5  89]
 [  0  79  10  25  21  19  33  16  34  92  62  91  35  51  16  40  76  84
    5  12  29  79  31  24  80  23  38  76  28  62  84  21  65  64  76  75
   80  92  39  40   3  41  68  91  53  37  29  86  15  32  73  73  40  10
   44   8  54  36  97  66  28]
 [  0 100  73  82  68   3  66  99  82  54  35  85  56  96  59  15  29  22
   16  52  83  70  94  23  41  96  75  86  18  74  51  29  96  78  51  55
   85  13  42  75  28  82  60  45   8  91  17  15  36  85  12  45  25 100
   70  29  21  27  56  17  47]
 [  0  90  21  22  82  72  35  19  67 100  98  46  62 100   3  30  23  66
   92  63  36  52  15   5  49  85  23  34  83  54  15  21  61  78  79  56
   69  40  70  48  97  31   3  68   1  43  55   4  69   5  18  48  85  96
   13   5  41  24  11  29  63]
 [  0  40  74   2  12   7 100  34  11  55  20  83  26  96  59  53  48   5
   87  93  84  10  32  53  73  88  18  49  94  79  15  50  25   4   5  59
   62  69  93  74  16  66  85  76  68  35   1  69  11  72  38  36  86  41
   71  41  69 100  39  44  48]
 [  0  33  74  99   2  91  59  45  61   3  64  37  19  52  76  24  50  97
   26  44  10  52  98  44  34  21   5  20  97  98  76   2  11  25  94   4
   48   4   3   1  93  50  43  27  47  56  70  56  79  90  33  36  24  50
   17  56  59  78  48  99  58]]
end
weight
[[ 0 63  2 71 75 12 96 43 65 47 35 20  7 88 27 11 56 29 27 42 71 64 66 68
  81 81 34 35 39 33 82 21 61 57 37 58 46 45 19 47 88 82 70 49 11 76 95 48
  34 64 70 59 57 54 38 64 91 65 23 89 97]]
end
setup_times
[[[ 0 47 38 43 58 35 31 52 33 32 52 40 54]
  [ 0  0 47 56 34 42 56 49 35 51 58 53 45]
  [ 0 36  0 52 36 31 50 39 37 39 56 35 34]
  [ 0 58 30  0 42 42 57 53 57 42 54 40 36]
  [ 0 56 56 57  0 53 49 55 35 49 31 43 40]
  [ 0 50 50 58 38  0 52 30 57 48 46 39 30]
  [ 0 59 30 42 56 55  0 44 56 55 30 34 42]
  [ 0 34 40 37 57 56 31  0 36 59 53 36 44]
  [ 0 55 37 49 54 47 40 40  0 56 56 34 52]
  [ 0 44 37 49 43 45 38 52 37  0 56 33 38]
  [ 0 46 56 56 57 41 54 44 31 36  0 57 50]
  [ 0 47 42 57 44 38 32 47 37 50 58  0 36]
  [ 0 46 48 49 56 57 57 56 31 49 40 45  0]]

 [[ 0 49 33 30 53 35 55 38 53 43 43 56 43]
  [ 0  0 53 46 53 38 32 59 41 46 51 52 41]
  [ 0 59  0 57 43 47 32 51 59 45 52 53 51]
  [ 0 59 36  0 49 30 33 59 44 47 30 34 36]
  [ 0 33 40 34  0 59 34 39 34 32 43 52 58]
  [ 0 57 42 59 40  0 46 59 55 59 31 44 36]
  [ 0 46 48 36 44 55  0 53 35 49 53 38 59]
  [ 0 52 56 54 58 46 52  0 41 51 38 46 36]
  [ 0 38 30 48 42 56 55 36  0 53 51 33 31]
  [ 0 49 42 42 46 56 39 54 39  0 32 32 49]
  [ 0 32 38 43 57 45 38 59 34 48  0 57 54]
  [ 0 46 56 47 38 39 48 55 34 40 46  0 48]
  [ 0 48 55 58 53 53 59 59 48 59 41 44  0]]

 [[ 0 42 30 39 37 30 50 40 57 53 40 39 42]
  [ 0  0 58 48 44 40 38 33 58 51 31 49 48]
  [ 0 49  0 54 55 37 36 43 55 39 56 57 46]
  [ 0 51 38  0 30 52 41 32 44 45 58 58 54]
  [ 0 52 30 58  0 34 41 37 34 32 53 46 33]
  [ 0 32 33 56 42  0 40 51 45 30 45 43 52]
  [ 0 38 44 55 34 41  0 49 38 43 34 47 54]
  [ 0 49 59 55 35 38 58  0 58 43 52 53 38]
  [ 0 48 39 56 40 38 41 59  0 47 46 55 43]
  [ 0 40 55 56 30 56 53 59 59  0 38 40 53]
  [ 0 34 34 42 34 36 34 48 51 47  0 32 30]
  [ 0 39 41 30 41 53 59 51 33 36 38  0 34]
  [ 0 46 41 31 45 49 32 32 40 55 43 47  0]]

 [[ 0 59 52 52 45 32 59 53 49 34 57 47 46]
  [ 0  0 44 46 47 50 52 35 51 53 36 44 54]
  [ 0 44  0 44 32 57 39 31 35 49 47 41 33]
  [ 0 37 52  0 46 40 45 42 54 47 32 50 52]
  [ 0 34 37 52  0 33 44 53 42 38 53 45 42]
  [ 0 31 32 37 39  0 58 51 51 43 58 50 40]
  [ 0 55 40 44 53 34  0 30 53 46 53 31 40]
  [ 0 53 47 56 32 40 52  0 47 33 49 55 42]
  [ 0 43 45 57 44 44 58 59  0 30 57 56 38]
  [ 0 30 43 49 43 48 35 55 52  0 48 39 43]
  [ 0 37 30 37 30 41 39 37 48 30  0 53 36]
  [ 0 38 49 33 47 55 37 45 57 30 46  0 58]
  [ 0 31 34 43 53 40 51 54 30 46 44 53  0]]

 [[ 0 40 41 57 48 36 56 32 56 44 33 48 49]
  [ 0  0 55 32 37 33 31 54 45 46 58 47 30]
  [ 0 44  0 57 48 47 37 36 47 34 30 51 52]
  [ 0 56 46  0 37 57 48 49 45 55 30 54 31]
  [ 0 57 36 36  0 49 36 39 53 40 40 51 48]
  [ 0 31 40 59 50  0 59 54 59 50 42 43 49]
  [ 0 56 36 36 42 54  0 38 35 35 32 46 50]
  [ 0 30 44 36 33 32 43  0 59 46 34 44 56]
  [ 0 57 42 45 35 30 34 37  0 57 37 52 33]
  [ 0 35 40 47 45 39 35 57 30  0 58 41 32]
  [ 0 47 30 52 35 58 56 42 56 55  0 54 34]
  [ 0 41 45 51 39 49 33 42 47 49 56  0 37]
  [ 0 50 34 57 46 55 56 33 42 30 31 41  0]]

 [[ 0 42 42 32 32 56 46 51 49 35 48 31 56]
  [ 0  0 49 51 33 49 47 53 35 39 53 54 39]
  [ 0 55  0 43 37 31 49 57 51 59 45 35 39]
  [ 0 35 31  0 48 32 40 39 31 49 39 42 34]
  [ 0 35 57 46  0 30 42 45 35 55 47 35 33]
  [ 0 48 45 33 42  0 59 49 46 59 40 34 55]
  [ 0 31 40 38 43 50  0 48 41 43 57 39 45]
  [ 0 47 37 49 36 47 56  0 45 40 43 53 35]
  [ 0 59 34 37 41 43 36 50  0 52 42 49 49]
  [ 0 39 57 49 47 58 34 43 32  0 51 31 45]
  [ 0 47 51 44 31 36 47 32 35 33  0 46 36]
  [ 0 42 59 35 43 41 35 53 50 33 49  0 32]
  [ 0 53 50 58 53 57 56 32 48 51 44 58  0]]

 [[ 0 44 51 47 57 31 30 50 38 34 36 52 36]
  [ 0  0 50 58 51 31 32 56 51 53 54 54 37]
  [ 0 56  0 45 43 42 34 44 37 37 42 48 30]
  [ 0 34 48  0 55 46 40 54 46 54 59 57 35]
  [ 0 54 49 50  0 59 37 31 38 45 50 40 58]
  [ 0 31 45 39 37  0 57 42 52 57 31 33 47]
  [ 0 49 42 32 31 30  0 48 32 49 45 52 51]
  [ 0 51 42 34 54 39 52  0 31 40 33 57 36]
  [ 0 49 42 51 38 56 40 48  0 45 36 43 54]
  [ 0 41 57 46 58 54 37 51 50  0 36 42 32]
  [ 0 31 34 31 32 52 58 56 54 30  0 32 42]
  [ 0 31 50 34 57 44 33 35 35 34 57  0 39]
  [ 0 47 40 56 55 53 37 54 56 58 59 38  0]]

 [[ 0 31 38 31 44 41 54 50 35 55 35 42 56]
  [ 0  0 41 54 54 44 37 46 47 40 32 39 36]
  [ 0 55  0 34 31 43 31 30 33 45 34 46 52]
  [ 0 53 42  0 40 59 44 55 54 52 57 36 30]
  [ 0 54 41 51  0 50 51 39 58 47 33 54 44]
  [ 0 46 39 34 58  0 38 33 38 36 51 48 55]
  [ 0 39 55 30 50 46  0 34 56 48 39 36 55]
  [ 0 51 48 40 45 37 36  0 32 57 34 44 57]
  [ 0 32 48 47 53 57 50 38  0 40 41 58 34]
  [ 0 36 30 33 48 30 45 56 38  0 55 52 39]
  [ 0 32 32 46 33 38 55 50 57 33  0 42 59]
  [ 0 50 52 51 49 52 44 47 59 34 59  0 48]
  [ 0 41 49 46 59 50 56 41 53 37 42 58  0]]]
end
fixed_cost
[[2767 2762 2789 2687 2692 2770 2701 2757]]
end
unit_cost
[[39 41 38 59 57 66 63 66]]
end
job2fam
[[1 0 0 0 0 0 0 0 0 0 0 0 0 0 0 0 0 0 0 0 0 0 0 0 0 0 0 0 0 0 0 0 0 0 0 0
  0 0 0 0 0 0 0 0 0 0 0 0 0 0 0 0 0 0 0 0 0 0 0 0 0]
 [0 1 0 0 0 0 0 0 0 0 0 0 0 0 0 0 0 0 0 0 1 0 0 0 0 0 0 0 0 1 1 0 0 1 0 0
  0 0 0 0 0 0 0 0 0 0 0 0 0 0 0 0 0 0 0 0 0 0 0 0 0]
 [0 0 0 0 0 0 0 0 0 0 0 0 0 0 0 0 0 0 0 0 0 0 0 1 0 0 0 0 0 0 0 0 0 0 0 0
  0 0 0 0 0 0 0 0 1 0 0 0 0 1 0 0 0 0 0 0 1 1 0 0 0]
 [0 0 0 0 0 0 0 0 0 0 1 0 0 1 0 0 0 0 0 1 0 0 0 0 0 0 0 0 0 0 0 0 0 0 0 0
  0 0 0 0 0 0 0 0 0 0 0 0 1 0 0 0 0 0 0 1 0 0 0 0 0]
 [0 0 0 1 0 1 0 1 0 0 0 0 0 0 0 0 0 0 0 0 0 0 0 0 0 1 0 0 0 0 0 0 0 0 0 0
  0 0 0 0 0 1 0 0 0 0 1 0 0 0 0 0 0 0 0 0 0 0 0 0 0]
 [0 0 0 0 0 0 0 0 1 0 0 0 0 0 1 0 1 0 0 0 0 0 0 0 0 0 0 0 0 0 0 0 0 0 0 0
  0 1 0 0 0 0 0 0 0 0 0 0 0 0 0 0 0 0 0 0 0 0 0 0 0]
 [0 0 0 0 0 0 0 0 0 1 0 0 0 0 0 0 0 0 1 0 0 0 0 0 0 0 0 0 0 0 0 1 0 0 1 1
  0 0 0 0 0 0 0 0 0 0 0 0 0 0 1 0 0 0 0 0 0 0 0 0 0]
 [0 0 0 0 0 0 0 0 0 0 0 0 0 0 0 1 0 1 0 0 0 1 0 0 0 0 1 0 1 0 0 0 1 0 0 0
  0 0 0 0 0 0 0 0 0 0 0 0 0 0 0 0 0 0 0 0 0 0 0 0 0]
 [0 0 0 0 0 0 0 0 0 0 0 0 0 0 0 0 0 0 0 0 0 0 1 0 1 0 0 0 0 0 0 0 0 0 0 0
  0 0 0 0 0 0 0 0 0 0 0 1 0 0 0 1 0 1 0 0 0 0 0 0 0]
 [0 0 0 0 0 0 0 0 0 0 0 0 1 0 0 0 0 0 0 0 0 0 0 0 0 0 0 1 0 0 0 0 0 0 0 0
  0 0 1 1 0 0 1 0 0 0 0 0 0 0 0 0 0 0 0 0 0 0 0 0 1]
 [0 0 1 0 1 0 0 0 0 0 0 1 0 0 0 0 0 0 0 0 0 0 0 0 0 0 0 0 0 0 0 0 0 0 0 0
  1 0 0 0 1 0 0 1 0 0 0 0 0 0 0 0 1 0 1 0 0 0 0 1 0]
 [0 0 0 0 0 0 0 0 0 0 0 0 0 0 0 0 0 0 0 0 0 0 0 0 0 0 0 0 0 0 0 0 0 0 0 0
  0 0 0 0 0 0 0 0 0 1 0 0 0 0 0 0 0 0 0 0 0 0 1 0 0]
 [0 0 0 0 0 0 1 0 0 0 0 0 0 0 0 0 0 0 0 0 0 0 0 0 0 0 0 0 0 0 0 0 0 0 0 0
  0 0 0 0 0 0 0 0 0 0 0 0 0 0 0 0 0 0 0 0 0 0 0 0 0]]
end
