mac
8
end
job
60
end
fam
12
end
proc_times
[[  0  31  30  54  82   5  55  21  57  53  16  73  52  44  98  35  87  90
   98  43  38  96  58  61  30  86  52  11  75  86  80  70  26  99  44  58
   16  68  87  44  39  27   3  87  58  78  20  29  40  86  70  47  57  29
   51  16   1  61  36  12  33]
 [  0  34  75  13  41  45  47  98  33  50  93  59  99  31  39  99  92  95
   28  97  72  90  60  29  97  10  15  78  39  23  86  78  75  20  31  66
   86  53  45  45  80  66  49  49  34  85  96  34  19  29  64  17  23   1
   26  64  57  50  61  56  11]
 [  0  20  95 100  15  38  43  32  68   3  97  10  43  67  78  31  57  86
    6  75  97  49  79  41  64  64  56  76   3  48  11  16  27   6  54  66
   61  60  37   4  47  97  63  62  40  68  46  91  92  43  16  82  47  18
   84  22  90  32  12   9  50]
 [  0  92  75  73  84  27  82  28  27  73  39  78  39  73  62   8  81  26
   13  65   9   8  70  51  72  83  58  71  72  87  11  15  17  45   8  21
   24   1  90  81  86  47  92   8  14  84  47  47  18   7  64   9  13   2
   77  65  24  11  62  31  43]
 [  0  45  49  18  30  61  11  67  51  37  20  54  26  55  18  17  73  88
   48  71  88  49  83  27  55 100 100  34  17  41  93  64  35  12  80   2
   20  44  56  60  80  93  87  80  67  66   2  30  52  23  25  27  45  46
   82  23  15  62  98  66  16]
 [  0  32   1  78   4  52  64  73  51  62  60  90  39  13  44  52  57  76
   49  56  41  78  10  78  23  24  39  84  98  63  78  97   2  59  91   2
   61  69   8   2  59  76  74  45   2  21  20  81  85  49  33   5  95  26
    2  48  87  79  16  63  10]
 [  0  55  28  97  29  84  23  81  60  81  16  14  73  14  33  41  82  23
   68   6  64  65  49  16  76  52  65  30  26  71  55  10  39  88  86  75
   86  44  12  74  88  55  45  94  37  90  58  51  51  62  54  71  93  94
    7  65  69  85  54  75  93]
 [  0  52  38   3  17  45  81   5  38   2  77  76  56  87  36  36  41  29
   38  38  72  71  26  94  11  84  22  26  76  97  40  36  64  60  47  58
   67  88  18  85  14   9  26  40  29  72  66  86  27  81  41  33   1  94
   36  14  83  57  48  34   9]]
end
weight
[[ 0 26 47 15 94 63 71 87 70 31 58 39 52 76 90 40 90 64 95 29 67 55 68 68
  35 16 38 79 77 58 45 63 95 42  5 83 89 85 37 24  9 80 77  5 68 96 38 88
  39 12 98 91 69 19  2 48 15 41 22 78 19]]
end
setup_times
[[[ 0 59 34 50 45 42 43 37 32 55 51 37 39]
  [ 0  0 50 47 31 55 45 52 43 36 35 43 47]
  [ 0 46  0 46 45 50 37 46 53 30 37 50 57]
  [ 0 59 56  0 58 53 54 38 42 56 52 38 45]
  [ 0 58 43 37  0 45 37 48 43 44 57 53 33]
  [ 0 56 44 58 53  0 34 48 54 55 59 56 50]
  [ 0 45 43 42 35 48  0 44 58 41 54 55 58]
  [ 0 54 51 46 48 32 50  0 32 48 59 39 40]
  [ 0 54 33 30 57 44 49 36  0 39 32 52 47]
  [ 0 59 37 59 50 30 49 44 41  0 48 59 47]
  [ 0 44 33 42 36 30 44 37 59 44  0 52 42]
  [ 0 53 50 51 45 59 34 42 34 30 49  0 49]
  [ 0 50 35 31 40 46 43 54 32 40 46 46  0]]

 [[ 0 48 35 49 35 31 35 45 31 33 42 40 53]
  [ 0  0 54 48 30 58 32 36 58 38 37 39 50]
  [ 0 31  0 57 33 32 50 30 41 47 53 56 55]
  [ 0 33 56  0 44 44 38 33 43 46 37 50 58]
  [ 0 39 55 35  0 59 49 40 35 48 36 48 59]
  [ 0 48 58 38 55  0 42 43 30 46 39 35 51]
  [ 0 46 44 45 41 32  0 36 47 32 36 43 34]
  [ 0 59 37 41 56 56 37  0 31 36 47 52 59]
  [ 0 54 58 49 44 50 31 31  0 49 54 44 55]
  [ 0 46 44 33 43 41 59 30 52  0 48 56 52]
  [ 0 42 31 52 53 51 49 48 38 48  0 45 55]
  [ 0 38 55 39 31 41 31 42 55 49 33  0 43]
  [ 0 43 43 53 54 50 34 52 40 32 55 50  0]]

 [[ 0 59 40 41 47 31 54 53 55 42 57 40 40]
  [ 0  0 55 39 50 58 45 42 36 51 44 46 42]
  [ 0 43  0 52 46 55 59 46 56 56 49 51 51]
  [ 0 58 30  0 34 31 47 39 43 52 35 49 46]
  [ 0 48 36 41  0 58 41 43 46 42 30 44 38]
  [ 0 30 58 33 48  0 36 38 47 35 45 39 40]
  [ 0 41 41 57 44 32  0 59 52 58 53 35 43]
  [ 0 56 35 59 36 57 31  0 30 49 42 31 33]
  [ 0 58 43 56 42 54 45 47  0 52 49 54 49]
  [ 0 56 58 35 35 31 53 43 54  0 40 34 54]
  [ 0 37 37 36 46 35 30 48 48 54  0 30 30]
  [ 0 55 42 44 30 36 55 54 52 48 44  0 49]
  [ 0 49 59 32 53 46 47 32 44 39 35 33  0]]

 [[ 0 30 58 38 59 31 30 39 58 47 54 51 39]
  [ 0  0 42 58 30 49 44 52 44 44 30 39 41]
  [ 0 41  0 51 57 45 37 30 47 36 31 52 44]
  [ 0 50 44  0 42 36 35 37 42 40 48 40 44]
  [ 0 37 43 58  0 35 37 32 52 36 46 41 46]
  [ 0 41 58 56 48  0 44 37 54 47 57 57 53]
  [ 0 36 49 50 36 53  0 57 57 36 54 39 36]
  [ 0 39 44 49 43 52 54  0 59 51 53 50 35]
  [ 0 56 46 40 41 40 42 36  0 43 39 57 41]
  [ 0 52 42 33 36 59 34 35 44  0 41 40 31]
  [ 0 44 39 49 41 58 43 36 58 33  0 47 40]
  [ 0 57 53 41 43 52 47 43 31 55 45  0 48]
  [ 0 38 44 41 37 34 35 47 57 37 32 38  0]]

 [[ 0 42 53 34 40 36 58 48 36 42 55 31 50]
  [ 0  0 34 40 51 58 55 48 49 59 35 44 33]
  [ 0 42  0 41 39 50 46 30 36 53 55 36 43]
  [ 0 48 47  0 41 52 31 47 54 34 40 48 46]
  [ 0 42 32 42  0 45 58 34 30 58 48 36 45]
  [ 0 36 52 59 57  0 59 41 31 35 53 49 34]
  [ 0 30 51 59 38 42  0 41 47 33 45 41 32]
  [ 0 41 47 36 54 36 45  0 34 45 38 40 32]
  [ 0 39 47 36 47 42 38 35  0 35 38 31 54]
  [ 0 55 30 56 53 47 52 43 57  0 56 36 30]
  [ 0 46 45 57 30 30 35 32 30 44  0 41 50]
  [ 0 49 34 58 44 41 55 59 59 52 52  0 58]
  [ 0 54 49 41 36 55 40 35 46 35 43 54  0]]

 [[ 0 53 30 31 36 38 41 40 33 31 34 40 32]
  [ 0  0 50 32 55 31 39 55 42 30 51 31 45]
  [ 0 36  0 41 47 55 39 50 36 43 31 32 40]
  [ 0 39 38  0 48 34 51 48 31 36 49 40 42]
  [ 0 34 45 50  0 41 43 42 39 39 59 53 45]
  [ 0 51 59 35 56  0 51 30 56 32 49 32 53]
  [ 0 55 39 34 49 55  0 53 41 42 56 42 40]
  [ 0 48 54 46 30 58 49  0 55 38 48 33 55]
  [ 0 34 50 40 58 54 58 36  0 40 31 33 42]
  [ 0 36 39 32 53 42 47 57 35  0 40 45 37]
  [ 0 51 41 41 49 58 30 33 34 59  0 40 43]
  [ 0 49 41 52 40 42 37 40 35 32 57  0 46]
  [ 0 44 55 31 37 52 49 32 54 52 46 37  0]]

 [[ 0 42 32 31 46 56 48 53 45 47 41 58 33]
  [ 0  0 56 33 30 49 42 53 49 46 52 47 37]
  [ 0 53  0 50 47 56 54 35 57 30 34 57 37]
  [ 0 49 58  0 41 52 33 32 58 50 52 36 43]
  [ 0 47 37 36  0 47 44 34 50 36 34 56 56]
  [ 0 59 51 41 51  0 30 55 46 37 50 50 54]
  [ 0 56 52 52 41 37  0 37 36 30 46 33 46]
  [ 0 45 49 59 36 45 51  0 50 49 30 48 43]
  [ 0 48 38 40 31 38 51 59  0 32 42 55 31]
  [ 0 59 43 52 38 30 55 35 32  0 47 47 37]
  [ 0 56 35 32 59 30 46 33 42 30  0 41 32]
  [ 0 53 31 37 42 57 48 36 34 53 40  0 38]
  [ 0 53 39 38 38 58 41 52 41 52 54 58  0]]

 [[ 0 38 42 55 38 56 52 41 53 47 51 30 37]
  [ 0  0 52 40 56 31 50 32 53 48 46 30 32]
  [ 0 48  0 40 56 47 53 48 42 57 41 51 31]
  [ 0 30 34  0 47 58 36 51 51 30 55 35 58]
  [ 0 58 50 51  0 57 50 51 51 52 34 37 47]
  [ 0 50 41 57 34  0 40 45 41 36 49 32 52]
  [ 0 49 45 51 58 38  0 56 31 43 39 56 45]
  [ 0 49 51 30 53 34 50  0 51 33 30 31 36]
  [ 0 39 59 33 54 39 41 58  0 58 33 45 54]
  [ 0 47 35 34 49 46 41 55 39  0 32 50 51]
  [ 0 53 44 41 40 31 48 33 42 42  0 37 53]
  [ 0 39 55 48 43 54 31 42 57 40 42  0 49]
  [ 0 51 41 44 47 34 42 53 47 50 51 30  0]]]
end
fixed_cost
[[2889 2926 2871 2850 2952 2936 2955 2883]]
end
unit_cost
[[71 71 67 48 57 52 45 49]]
end
job2fam
[[1 0 0 0 0 0 0 0 0 0 0 0 0 0 0 0 0 0 0 0 0 0 0 0 0 0 0 0 0 0 0 0 0 0 0 0
  0 0 0 0 0 0 0 0 0 0 0 0 0 0 0 0 0 0 0 0 0 0 0 0 0]
 [0 1 0 0 0 0 0 0 0 0 0 0 0 0 0 0 0 0 0 0 1 0 0 0 0 0 0 0 0 1 1 0 0 1 0 0
  0 0 0 0 0 0 0 0 0 0 0 0 0 0 0 0 0 0 0 0 0 0 0 0 0]
 [0 0 0 0 0 0 0 0 0 0 0 0 0 0 0 0 0 0 0 0 0 0 0 1 0 0 0 0 0 0 0 0 0 0 0 0
  0 0 0 0 0 0 0 0 1 0 0 0 0 1 0 0 0 0 0 0 1 1 0 0 0]
 [0 0 0 0 0 0 0 0 0 0 1 0 0 1 0 0 0 0 0 1 0 0 0 0 0 0 0 0 0 0 0 0 0 0 0 0
  0 0 0 0 0 0 0 0 0 0 0 0 1 0 0 0 0 0 0 1 0 0 0 0 0]
 [0 0 0 1 0 1 0 1 0 0 0 0 0 0 0 0 0 0 0 0 0 0 0 0 0 1 0 0 0 0 0 0 0 0 0 0
  0 0 0 0 0 1 0 0 0 0 1 0 0 0 0 0 0 0 0 0 0 0 0 0 0]
 [0 0 0 0 0 0 0 0 1 0 0 0 0 0 1 0 1 0 0 0 0 0 0 0 0 0 0 0 0 0 0 0 0 0 0 0
  0 1 0 0 0 0 0 0 0 0 0 0 0 0 0 0 0 0 0 0 0 0 0 0 0]
 [0 0 0 0 0 0 0 0 0 1 0 0 0 0 0 0 0 0 1 0 0 0 0 0 0 0 0 0 0 0 0 1 0 0 1 1
  0 0 0 0 0 0 0 0 0 0 0 0 0 0 1 0 0 0 0 0 0 0 0 0 0]
 [0 0 0 0 0 0 0 0 0 0 0 0 0 0 0 1 0 1 0 0 0 1 0 0 0 0 1 0 1 0 0 0 1 0 0 0
  0 0 0 0 0 0 0 0 0 0 0 0 0 0 0 0 0 0 0 0 0 0 0 0 0]
 [0 0 0 0 0 0 0 0 0 0 0 0 0 0 0 0 0 0 0 0 0 0 1 0 1 0 0 0 0 0 0 0 0 0 0 0
  0 0 0 0 0 0 0 0 0 0 0 1 0 0 0 1 0 1 0 0 0 0 0 0 0]
 [0 0 0 0 0 0 0 0 0 0 0 0 1 0 0 0 0 0 0 0 0 0 0 0 0 0 0 1 0 0 0 0 0 0 0 0
  0 0 1 1 0 0 1 0 0 0 0 0 0 0 0 0 0 0 0 0 0 0 0 0 1]
 [0 0 1 0 1 0 0 0 0 0 0 1 0 0 0 0 0 0 0 0 0 0 0 0 0 0 0 0 0 0 0 0 0 0 0 0
  1 0 0 0 1 0 0 1 0 0 0 0 0 0 0 0 1 0 1 0 0 0 0 1 0]
 [0 0 0 0 0 0 0 0 0 0 0 0 0 0 0 0 0 0 0 0 0 0 0 0 0 0 0 0 0 0 0 0 0 0 0 0
  0 0 0 0 0 0 0 0 0 1 0 0 0 0 0 0 0 0 0 0 0 0 1 0 0]
 [0 0 0 0 0 0 1 0 0 0 0 0 0 0 0 0 0 0 0 0 0 0 0 0 0 0 0 0 0 0 0 0 0 0 0 0
  0 0 0 0 0 0 0 0 0 0 0 0 0 0 0 0 0 0 0 0 0 0 0 0 0]]
end
