mac
8
end
job
60
end
fam
12
end
proc_times
[[  0  42  41  88  69   8  69  75  56  33  16  31  76  13  64  52  72   2
   77  44  43  38  38  75  38  62  99   2  68  44  96  78  90  48  26  47
   85  90  55  11  29   5  49  33  51  96  23  62   8  35  30  55   3   1
   42  79  42  76   8  96  94]
 [  0  95  55  95   2  77  35  87  52   8  95  31  37  43  98  17  30  37
   90  91   6  57  11  94  28  15  60  39  42  35  18  62  67  67  82  37
   14  58  32  49  32  23   6  48  77  88  80  68  55  77  52  85  60  74
   83   5  97  32  34  82  12]
 [  0  84  36  17  60  36   5  19  16  45  52  81  41 100   5  16  66  99
   29   7  35   7   6  63  21  89  65  94  32  73  84  71  79   1   5   8
   20  26  86  43  62  20  69  62   7  31  87  56  41  79  76  89  61  32
   70  39  76  15  30  20  39]
 [  0  80  72   8  52  16  49  92  19  51  83   5  55  43  92  82  49  85
   64  96  24   4  78  99  99  77  37  90  50  24  95  60  21  89  74  54
   42  62  74   2  97  74  30  46  63  20  51  46  10  14  99  55  10   6
   96  25  11  94  84  10  75]
 [  0  95  95  85  95  15  60  15   8  84  26   2  63   2  43  54  44  82
   72  73  87  77   7  82  33  42  69  99  73  18  12   5  44  84  85   8
   82 100   2  86  34  83  82  55  86  33  33  30  11  30  12  18  52   2
   50  49  62  29  74  19  37]
 [  0  68  64  42   9  37  68  94  86  15  89  27  13   5  94   4  45  89
   69  69  15  18  88  41  12  56  98  42  93  16  18  80  50  10  88  65
   69  31  96   3  25  83   8   2  29  26  27   4  22  19  12   1   7  21
   52  76  50  86  80  42  65]
 [  0  58  82  78  97  21  99  22   1  90  39  91  34  83  34  31  23  71
   25   5  26  26  55  53  99  83  67  21  96  49  44   1  18   9  63  60
   58  21  49  74  37  37  53  96  82  98  56  32  18  62  63  26  52   4
   87   6  76  96  89  36  84]
 [  0  87  54  32  90  64  52  64  72  40  98  74   9  41   5  19   5  17
   47  37  99  64  55  27   6   5  13  80  33   4  65  85  55  49  48  43
   43  75  76  42  64  63  22  41  30  50  82  17  95  63  52  14  13  51
   40  90  65  98  55   8  56]]
end
weight
[[ 0 67 79 76 87 42 45 14 83 63 89 25 39 19 96 52 12  5 55 55 41 41 31  2
  60 87  1 86  5 80  2 71  3 55 74 59 24 28 83 34 37 53 94 28 86 43 63 83
  91 65 32 14 40 30  2  1 41 23 40  3 26]]
end
setup_times
[[[ 0 47 53 51 44 51 45 30 48 44 38 41 56]
  [ 0  0 34 44 56 38 50 42 56 52 48 42 43]
  [ 0 47  0 38 35 49 39 51 55 52 39 38 38]
  [ 0 49 57  0 35 51 49 48 48 40 55 49 58]
  [ 0 50 55 36  0 58 33 57 45 57 32 43 59]
  [ 0 44 54 44 58  0 42 51 30 34 47 51 55]
  [ 0 42 30 51 37 49  0 45 32 57 35 46 43]
  [ 0 54 38 41 51 42 43  0 39 43 40 50 57]
  [ 0 50 32 54 56 43 45 54  0 45 37 53 52]
  [ 0 37 50 43 59 42 43 56 34  0 31 36 36]
  [ 0 34 42 32 40 38 31 37 42 52  0 44 59]
  [ 0 46 39 46 52 44 42 51 52 32 51  0 41]
  [ 0 36 49 58 52 53 49 39 44 37 49 47  0]]

 [[ 0 55 45 32 40 47 39 41 41 46 39 48 57]
  [ 0  0 56 35 45 59 51 56 33 42 52 55 59]
  [ 0 40  0 47 47 51 41 54 34 36 58 52 59]
  [ 0 41 47  0 52 50 38 42 54 50 33 48 38]
  [ 0 50 38 35  0 58 41 48 45 42 59 33 30]
  [ 0 34 37 43 52  0 56 55 31 48 37 32 45]
  [ 0 56 50 38 31 38  0 48 41 43 46 47 44]
  [ 0 45 33 52 42 41 33  0 58 57 57 54 42]
  [ 0 43 49 45 42 45 30 38  0 34 46 55 56]
  [ 0 49 59 55 39 31 43 50 56  0 43 37 30]
  [ 0 45 46 47 47 30 59 52 35 31  0 50 42]
  [ 0 41 48 58 48 42 38 53 44 38 32  0 44]
  [ 0 42 39 55 54 48 33 57 33 35 35 42  0]]

 [[ 0 59 51 55 48 36 31 58 38 58 35 40 41]
  [ 0  0 40 58 32 54 58 34 35 51 49 57 46]
  [ 0 35  0 43 41 51 34 38 30 54 48 46 34]
  [ 0 35 53  0 49 30 51 42 58 49 49 41 49]
  [ 0 52 32 45  0 43 58 58 58 45 33 31 51]
  [ 0 45 41 43 34  0 44 40 34 53 45 57 59]
  [ 0 32 53 59 59 45  0 47 32 57 41 42 46]
  [ 0 56 36 54 34 35 33  0 41 52 39 44 38]
  [ 0 31 49 31 39 53 37 33  0 54 49 47 31]
  [ 0 53 50 47 49 41 46 32 45  0 32 44 49]
  [ 0 46 30 31 42 51 39 45 30 50  0 52 54]
  [ 0 31 59 38 55 39 58 35 32 44 53  0 48]
  [ 0 50 42 31 37 31 48 50 46 47 54 51  0]]

 [[ 0 41 54 47 54 42 55 33 34 31 30 47 41]
  [ 0  0 48 38 52 33 52 58 53 55 48 36 31]
  [ 0 30  0 49 52 49 52 52 52 52 48 58 45]
  [ 0 36 34  0 31 46 43 48 56 37 40 43 46]
  [ 0 32 52 40  0 55 41 48 37 37 58 55 54]
  [ 0 37 57 56 35  0 33 57 45 56 57 36 32]
  [ 0 31 53 40 30 55  0 31 50 46 57 49 58]
  [ 0 53 38 52 38 59 43  0 53 49 48 37 38]
  [ 0 53 56 57 34 54 44 51  0 36 35 53 53]
  [ 0 55 40 57 38 30 31 51 46  0 39 56 48]
  [ 0 56 45 44 36 59 45 37 41 49  0 32 42]
  [ 0 49 43 43 50 36 44 45 45 32 30  0 44]
  [ 0 51 56 37 39 43 30 31 44 39 54 34  0]]

 [[ 0 38 41 48 35 37 56 41 35 46 37 39 34]
  [ 0  0 36 30 32 33 39 37 55 40 42 37 45]
  [ 0 59  0 54 30 31 46 36 37 43 39 46 43]
  [ 0 56 50  0 57 54 37 35 37 45 50 43 48]
  [ 0 54 53 37  0 49 44 48 41 46 36 46 35]
  [ 0 47 33 57 49  0 57 53 53 39 40 50 40]
  [ 0 38 37 32 42 49  0 59 47 31 32 44 56]
  [ 0 58 32 30 52 51 55  0 55 35 33 33 53]
  [ 0 40 40 39 32 30 43 41  0 47 49 30 57]
  [ 0 44 40 53 50 42 33 30 54  0 42 43 45]
  [ 0 31 36 33 54 31 53 40 37 52  0 45 33]
  [ 0 44 47 50 58 39 32 45 31 31 53  0 59]
  [ 0 35 51 36 59 43 53 53 35 55 32 49  0]]

 [[ 0 35 44 58 34 48 55 49 41 55 49 52 42]
  [ 0  0 35 36 32 58 58 38 46 54 44 34 59]
  [ 0 33  0 44 37 59 51 30 52 32 47 45 58]
  [ 0 33 39  0 48 45 33 49 43 42 46 53 35]
  [ 0 45 53 57  0 49 37 31 55 56 43 41 51]
  [ 0 44 34 45 41  0 35 51 45 58 59 37 44]
  [ 0 36 57 53 34 31  0 46 46 40 42 41 34]
  [ 0 45 52 45 49 56 34  0 53 55 46 51 44]
  [ 0 39 46 42 56 42 48 56  0 32 55 51 49]
  [ 0 43 54 59 56 36 45 47 31  0 42 42 47]
  [ 0 41 44 41 53 50 43 45 43 34  0 46 39]
  [ 0 44 40 49 59 59 53 48 57 30 55  0 30]
  [ 0 59 41 56 41 55 54 39 40 39 35 33  0]]

 [[ 0 43 51 43 38 39 39 40 58 53 56 48 59]
  [ 0  0 48 41 48 55 38 38 34 45 38 50 38]
  [ 0 42  0 41 44 42 48 48 56 47 58 31 40]
  [ 0 35 53  0 55 44 44 48 57 48 43 35 44]
  [ 0 39 59 41  0 56 30 34 42 35 37 46 35]
  [ 0 57 55 34 31  0 57 50 43 56 48 47 56]
  [ 0 35 53 57 49 37  0 32 30 45 50 50 54]
  [ 0 31 48 32 41 52 38  0 54 47 56 52 45]
  [ 0 40 45 45 55 55 58 40  0 32 38 39 54]
  [ 0 30 43 45 32 56 33 32 36  0 44 44 41]
  [ 0 30 43 32 40 48 47 36 47 31  0 47 33]
  [ 0 47 30 52 40 50 44 51 51 43 47  0 32]
  [ 0 56 42 58 54 50 43 34 32 39 33 47  0]]

 [[ 0 46 50 52 40 50 43 38 45 51 59 42 49]
  [ 0  0 46 31 45 58 34 32 43 58 58 48 41]
  [ 0 35  0 47 33 52 46 56 47 32 36 59 56]
  [ 0 41 50  0 44 41 54 37 31 31 33 43 47]
  [ 0 31 42 38  0 40 32 48 31 39 30 54 50]
  [ 0 58 52 52 37  0 45 57 42 59 45 41 51]
  [ 0 37 51 36 31 33  0 50 34 39 55 40 35]
  [ 0 41 53 37 58 56 54  0 33 58 52 46 40]
  [ 0 47 41 48 53 45 43 43  0 30 39 53 57]
  [ 0 46 44 46 57 35 33 52 57  0 36 34 41]
  [ 0 45 35 36 58 48 58 32 32 55  0 41 43]
  [ 0 59 44 44 47 36 49 31 57 57 35  0 49]
  [ 0 42 48 48 52 43 44 53 44 47 37 46  0]]]
end
fixed_cost
[[2260 2292 2260 2298 2322 2311 2245 2240]]
end
unit_cost
[[31 31 53 57 32 54 60 48]]
end
job2fam
[[1 0 0 0 0 0 0 0 0 0 0 0 0 0 0 0 0 0 0 0 0 0 0 0 0 0 0 0 0 0 0 0 0 0 0 0
  0 0 0 0 0 0 0 0 0 0 0 0 0 0 0 0 0 0 0 0 0 0 0 0 0]
 [0 1 0 0 0 0 0 0 0 0 0 0 0 0 0 0 0 0 0 0 1 0 0 0 0 0 0 0 0 1 1 0 0 1 0 0
  0 0 0 0 0 0 0 0 0 0 0 0 0 0 0 0 0 0 0 0 0 0 0 0 0]
 [0 0 0 0 0 0 0 0 0 0 0 0 0 0 0 0 0 0 0 0 0 0 0 1 0 0 0 0 0 0 0 0 0 0 0 0
  0 0 0 0 0 0 0 0 1 0 0 0 0 1 0 0 0 0 0 0 1 1 0 0 0]
 [0 0 0 0 0 0 0 0 0 0 1 0 0 1 0 0 0 0 0 1 0 0 0 0 0 0 0 0 0 0 0 0 0 0 0 0
  0 0 0 0 0 0 0 0 0 0 0 0 1 0 0 0 0 0 0 1 0 0 0 0 0]
 [0 0 0 1 0 1 0 1 0 0 0 0 0 0 0 0 0 0 0 0 0 0 0 0 0 1 0 0 0 0 0 0 0 0 0 0
  0 0 0 0 0 1 0 0 0 0 1 0 0 0 0 0 0 0 0 0 0 0 0 0 0]
 [0 0 0 0 0 0 0 0 1 0 0 0 0 0 1 0 1 0 0 0 0 0 0 0 0 0 0 0 0 0 0 0 0 0 0 0
  0 1 0 0 0 0 0 0 0 0 0 0 0 0 0 0 0 0 0 0 0 0 0 0 0]
 [0 0 0 0 0 0 0 0 0 1 0 0 0 0 0 0 0 0 1 0 0 0 0 0 0 0 0 0 0 0 0 1 0 0 1 1
  0 0 0 0 0 0 0 0 0 0 0 0 0 0 1 0 0 0 0 0 0 0 0 0 0]
 [0 0 0 0 0 0 0 0 0 0 0 0 0 0 0 1 0 1 0 0 0 1 0 0 0 0 1 0 1 0 0 0 1 0 0 0
  0 0 0 0 0 0 0 0 0 0 0 0 0 0 0 0 0 0 0 0 0 0 0 0 0]
 [0 0 0 0 0 0 0 0 0 0 0 0 0 0 0 0 0 0 0 0 0 0 1 0 1 0 0 0 0 0 0 0 0 0 0 0
  0 0 0 0 0 0 0 0 0 0 0 1 0 0 0 1 0 1 0 0 0 0 0 0 0]
 [0 0 0 0 0 0 0 0 0 0 0 0 1 0 0 0 0 0 0 0 0 0 0 0 0 0 0 1 0 0 0 0 0 0 0 0
  0 0 1 1 0 0 1 0 0 0 0 0 0 0 0 0 0 0 0 0 0 0 0 0 1]
 [0 0 1 0 1 0 0 0 0 0 0 1 0 0 0 0 0 0 0 0 0 0 0 0 0 0 0 0 0 0 0 0 0 0 0 0
  1 0 0 0 1 0 0 1 0 0 0 0 0 0 0 0 1 0 1 0 0 0 0 1 0]
 [0 0 0 0 0 0 0 0 0 0 0 0 0 0 0 0 0 0 0 0 0 0 0 0 0 0 0 0 0 0 0 0 0 0 0 0
  0 0 0 0 0 0 0 0 0 1 0 0 0 0 0 0 0 0 0 0 0 0 1 0 0]
 [0 0 0 0 0 0 1 0 0 0 0 0 0 0 0 0 0 0 0 0 0 0 0 0 0 0 0 0 0 0 0 0 0 0 0 0
  0 0 0 0 0 0 0 0 0 0 0 0 0 0 0 0 0 0 0 0 0 0 0 0 0]]
end
