mac
8
end
job
70
end
fam
5
end
proc_times
[[  0  96  76  41  69  40  18  42  45  15  45  24  72  56  55  15  10  31
   30  57  23  45  79  90  14  11  92  99  95  60  12  39  39  82  10  27
   79  69  69  94  55  66  71  15  96  25  89  87  56  73  93  44  28  19
   22  80  75  61  22  91   9  26  33  59  20  48  73  92  89  19  49]
 [  0  18  82  24  99  26  16  95  84  90   4  91  48  86  80  59  91  57
   30  49  80  34  89  91  15  54  34  60  83  59  62  65  43  27  64  61
   35  86  64  24   4  26  60  62  56  34  84  62   9  60  96 100  26  93
    1  17  71  69  10  56  71  56  80  11  72  20  52  76  41  28  91]
 [  0  60  29  20  38  34  99  19  26  70  67  94  88  99  20  85  28  55
   91  87  46  24  73  57  23  64   3  10  91  33  89  41  70  68  55  52
   13  62   2  61   5  14   1  73  39  90  43  15   1  95  64   5  53  91
   47  22  69  16  61  14  59  54  87  57  67  21  70   3  65  61  28]
 [  0  58   9  57  37  50  20   9  60  53  28  91  58  44 100  33  75  84
   36   5  32  29  62  20  58  35   7   9  71   2  12  21   9   1  35  66
   85  48  47  98  42  63  65  97  84  39  41   4  24   4  36   4  67  21
   47   9  85  80  63  41 100  21  97   2  74  24  19  83   4  26  97]
 [  0  83  27  76  94  85  57  10  68  76   6  77  11  56  76  75  14  31
   15  70  61  59  45  27  52  17  85  19  84  38  53  28  97   6  68  13
    7  29  73  29  74  16  63  92  61  89  92  56  68  56  24  77  24  20
   97  98  27   6  51  78  88  66  24  72  33  74  39  77  94  91  76]
 [  0  51  45  68  70  73  20  83  34  28  88  37  98  36  76   8  35  35
   81  48   2   4  80 100  36  60  72  28  68  66  82  91  88  49  20  93
   21  85  19  92  35  54  44  76  70  82  36  78  87  40  51  79  34  53
    4  73  89  43  75  79  22   1  97  90  75  25  89  45  67  75  62]
 [  0  65  46   1   1  24  46  76  87  80  17  21  45  78  95  71  37  19
   57  88  33  97  31  17  81  53  31  90  81  40  98  46  51  73  85  83
   91  36   6  41  82  14  22  12  71  59  91  64   6  88  90  19  24  25
   27  50  70  34  65  74  31  57  75  80  35  72  80  45  87  19  79]
 [  0  29  67  13  58  75  14  80  78  81  25  25  79  21  18  49  25  29
   37  60  55   4  62  29  46  71  11  72  56  39  28  12  24  56  75  32
   63  97  14  46  81  37  91  87  39   4  28  63  23   2  84  92  74  82
   38  49  71  73  20  62  93  16  72  25  21  18  32  49  11  97  67]]
end
weight
[[ 0 56 75 16 58 81 74  4 32 44 91 49  9 24 49 59 33  9 96 51 98 65 14 33
  67 42 10 16 86 21 64  1 66 16 20 73 55  3 88 24 51 83 42  2 99 86 46 87
  67  6 86 46 31 15 25 12  1 79 56 64 79 76 50 79 20 83 59 61 39  2 22]]
end
setup_times
[[[ 0 53 34 39 41 30]
  [ 0  0 54 48 54 47]
  [ 0 58  0 41 55 54]
  [ 0 30 34  0 56 47]
  [ 0 56 57 38  0 30]
  [ 0 55 50 59 47  0]]

 [[ 0 45 37 52 47 56]
  [ 0  0 46 40 55 37]
  [ 0 57  0 51 55 30]
  [ 0 55 34  0 45 35]
  [ 0 45 52 43  0 43]
  [ 0 43 33 40 43  0]]

 [[ 0 40 48 46 57 45]
  [ 0  0 36 54 32 40]
  [ 0 38  0 58 46 44]
  [ 0 35 35  0 53 41]
  [ 0 55 53 51  0 51]
  [ 0 52 58 30 59  0]]

 [[ 0 53 53 54 48 47]
  [ 0  0 42 58 47 34]
  [ 0 55  0 39 48 38]
  [ 0 59 37  0 54 37]
  [ 0 37 30 32  0 35]
  [ 0 37 34 44 41  0]]

 [[ 0 46 39 57 38 39]
  [ 0  0 52 37 50 46]
  [ 0 37  0 37 48 40]
  [ 0 35 30  0 57 58]
  [ 0 38 37 44  0 57]
  [ 0 45 43 42 39  0]]

 [[ 0 50 43 44 58 56]
  [ 0  0 49 53 34 53]
  [ 0 49  0 47 42 40]
  [ 0 54 41  0 55 45]
  [ 0 44 33 41  0 59]
  [ 0 39 39 52 52  0]]

 [[ 0 51 51 56 38 33]
  [ 0  0 49 43 32 44]
  [ 0 37  0 55 47 59]
  [ 0 39 43  0 35 41]
  [ 0 33 48 31  0 31]
  [ 0 39 50 32 53  0]]

 [[ 0 56 45 32 53 51]
  [ 0  0 48 44 37 30]
  [ 0 34  0 45 37 35]
  [ 0 51 59  0 35 30]
  [ 0 39 50 45  0 55]
  [ 0 40 50 59 35  0]]]
end
fixed_cost
[[2564 2524 2558 2564 2529 2537 2554 2557]]
end
unit_cost
[[57 33 63 40 58 49 45 49]]
end
job2fam
[[1 0 0 0 0 0 0 0 0 0 0 0 0 0 0 0 0 0 0 0 0 0 0 0 0 0 0 0 0 0 0 0 0 0 0 0
  0 0 0 0 0 0 0 0 0 0 0 0 0 0 0 0 0 0 0 0 0 0 0 0 0 0 0 0 0 0 0 0 0 0 0]
 [0 1 1 0 0 0 1 0 0 0 0 0 1 1 0 0 0 0 1 0 1 1 0 1 0 0 1 0 1 0 1 0 0 0 0 1
  0 0 0 0 0 0 0 1 0 0 1 0 0 0 0 0 0 0 0 0 0 0 0 0 0 0 0 0 1 0 0 0 0 0 0]
 [0 0 0 1 0 0 0 0 0 0 0 1 0 0 1 0 0 0 0 0 0 0 1 0 0 1 0 0 0 0 0 1 0 0 0 0
  1 0 0 0 0 0 0 0 1 1 0 0 0 0 0 0 0 1 0 0 0 0 0 0 0 0 0 1 0 0 0 1 1 0 0]
 [0 0 0 0 0 0 0 0 1 1 0 0 0 0 0 1 1 0 0 0 0 0 0 0 0 0 0 0 0 0 0 0 0 1 0 0
  0 0 1 0 1 1 0 0 0 0 0 0 1 0 0 1 0 0 1 0 0 0 0 1 0 0 1 0 0 0 1 0 0 1 0]
 [0 0 0 0 1 0 0 1 0 0 1 0 0 0 0 0 0 1 0 0 0 0 0 0 0 0 0 0 0 1 0 0 0 0 1 0
  0 1 0 1 0 0 1 0 0 0 0 1 0 0 0 0 1 0 0 1 1 1 1 0 1 1 0 0 0 0 0 0 0 0 1]
 [0 0 0 0 0 1 0 0 0 0 0 0 0 0 0 0 0 0 0 1 0 0 0 0 1 0 0 1 0 0 0 0 1 0 0 0
  0 0 0 0 0 0 0 0 0 0 0 0 0 1 1 0 0 0 0 0 0 0 0 0 0 0 0 0 0 1 0 0 0 0 0]]
end
