mac
8
end
job
70
end
fam
5
end
proc_times
[[  0  66  48  69   7  32  80  84  45  76  61  68  20  64  18  58   7  60
   62  19  70  93  94   8  40   3  58  41  49  91  58  45  98  14  31  59
   95  38  68  83  75  25   5  62  77   4  14  44  92  88  36  96  67  47
   42  60  20  30  24  43  68  47 100  85  29  33  95  98  75  77  25]
 [  0  48  77  43  89  46  15  76  47  88  55  42  90  72  27  49  89  14
   50  74  47  27 100  66  89   7  38  12  41  70  90  33  93  78  39  27
   30  48  59  47  51 100  23  16  26  38  46   9  62  59  13  66  55  26
   85  40  80  68  79  92  90  63  83  96  77  10  86  34   5  18  82]
 [  0  23  59  20   5  62  76  79  22  35  84  60  32  52  58  88  63  15
   40  24  39  28  54  44  62  73  98  42  76  89  45  51  47  55  96  84
    1  29  15   2  40  92  38  32  25  15  23  22  64  73  31  91  11  77
   91  75  17  20   1  69   7  57  63  57  82  17  78  63  39  36  50]
 [  0  51  16  91  81  82  16  63  59  62   2  95  76  73  34  64  63  53
   26  45   1   8  18  74  27   8  20  90  17  57  68  56  75  89  68  49
   41  40  42   3  61  51  34  66  52  65  33  65  34  77  73  17  60  30
   30   5  50 100  89  28  97  10  50  82  28  97  27  12  41  73   8]
 [  0  33  78  28  35  87   8  39  25  82  35  13  24  79  16  39  43  87
   62  37  84  83  85  88  93  28  83  53  59  27  81  85  32  67  83  77
   13  81   3  18  22  60  44  86  48  62  15  61  63  69  45  50  25  83
   82  71  71  43   2  70  95  55  47  55  19  74  84  88  81 100  56]
 [  0  57  71  84  27  22  67   6 100  84  75  73   7  45  35  92  84  12
   20   2  81  51  92  22  35  18  28   4   8  39  35  29  48  80  17  17
   78  81  77  62  22  20  48  62  68  17  80  55  74  44  20   6  74  44
   75  21  96  32  59  77  59  46   4  41   1  74  56  21  43  16  16]
 [  0  70  95  13  10  80  81  60  11  43  30   7  38  13  87  81  33   9
   73   2  15  36  12  36  13  77   8  61  35  74  58  87  75  26  34  89
   82  78  71  34  28  41  90  94   3  82  78  75  14  11  67  10  30  53
   54  52  19  11  69  74  35  71  61  99  90  58   3  99  91   4   2]
 [  0  71  38  98  81  98  77  78 100  22  72  73  17  80  36  82   2  85
   21   7  23  61  87  18  57  56  37  41   9   5  13  91  75  72  42  18
   87  63  37   3  96  73   2  84  31  82  80  51  38  33  84  37  72  45
   95   6  37  70   2  83  22  34  66  69  35  47  12  92  48   6  12]]
end
weight
[[ 0 43 74 77  1 90  9 30 86 27  9 20  8 64 23 55 50 61 34 77 33 50 46 39
   3 79 39 63 19 44 27 83 49 95 33 12 80  1 60 30 27  6 26 82 97 19 44 68
  35 38 59 82 43 68 55 53 88  7 62 38  2 31 29 89 88 50 14  2 41 96 30]]
end
setup_times
[[[ 0 55 31 34 30 44]
  [ 0  0 33 31 52 41]
  [ 0 42  0 43 52 48]
  [ 0 32 47  0 42 43]
  [ 0 33 48 44  0 58]
  [ 0 55 44 30 32  0]]

 [[ 0 47 30 32 36 54]
  [ 0  0 55 56 40 46]
  [ 0 46  0 44 39 46]
  [ 0 37 57  0 32 49]
  [ 0 57 54 54  0 38]
  [ 0 35 47 37 34  0]]

 [[ 0 42 54 32 47 35]
  [ 0  0 38 51 39 40]
  [ 0 48  0 40 42 57]
  [ 0 32 35  0 31 44]
  [ 0 41 52 54  0 40]
  [ 0 52 55 36 37  0]]

 [[ 0 42 41 45 47 35]
  [ 0  0 51 47 45 46]
  [ 0 32  0 49 50 55]
  [ 0 40 52  0 55 49]
  [ 0 55 40 35  0 55]
  [ 0 34 39 49 47  0]]

 [[ 0 30 54 44 40 37]
  [ 0  0 32 56 38 53]
  [ 0 49  0 39 45 49]
  [ 0 32 57  0 49 33]
  [ 0 32 36 58  0 49]
  [ 0 36 42 38 58  0]]

 [[ 0 56 41 49 35 59]
  [ 0  0 36 37 58 43]
  [ 0 50  0 30 58 46]
  [ 0 55 47  0 41 45]
  [ 0 46 46 55  0 33]
  [ 0 40 55 57 44  0]]

 [[ 0 51 49 58 31 42]
  [ 0  0 44 43 39 57]
  [ 0 49  0 30 45 40]
  [ 0 30 41  0 59 39]
  [ 0 46 59 49  0 34]
  [ 0 45 46 49 50  0]]

 [[ 0 35 55 44 39 34]
  [ 0  0 37 49 42 59]
  [ 0 35  0 37 36 46]
  [ 0 31 55  0 48 48]
  [ 0 59 51 47  0 46]
  [ 0 43 32 53 45  0]]]
end
fixed_cost
[[2431 2391 2436 2366 2426 2418 2401 2412]]
end
unit_cost
[[53 51 42 35 39 52 44 59]]
end
job2fam
[[1 0 0 0 0 0 0 0 0 0 0 0 0 0 0 0 0 0 0 0 0 0 0 0 0 0 0 0 0 0 0 0 0 0 0 0
  0 0 0 0 0 0 0 0 0 0 0 0 0 0 0 0 0 0 0 0 0 0 0 0 0 0 0 0 0 0 0 0 0 0 0]
 [0 1 1 0 0 0 1 0 0 0 0 0 1 1 0 0 0 0 1 0 1 1 0 1 0 0 1 0 1 0 1 0 0 0 0 1
  0 0 0 0 0 0 0 1 0 0 1 0 0 0 0 0 0 0 0 0 0 0 0 0 0 0 0 0 1 0 0 0 0 0 0]
 [0 0 0 1 0 0 0 0 0 0 0 1 0 0 1 0 0 0 0 0 0 0 1 0 0 1 0 0 0 0 0 1 0 0 0 0
  1 0 0 0 0 0 0 0 1 1 0 0 0 0 0 0 0 1 0 0 0 0 0 0 0 0 0 1 0 0 0 1 1 0 0]
 [0 0 0 0 0 0 0 0 1 1 0 0 0 0 0 1 1 0 0 0 0 0 0 0 0 0 0 0 0 0 0 0 0 1 0 0
  0 0 1 0 1 1 0 0 0 0 0 0 1 0 0 1 0 0 1 0 0 0 0 1 0 0 1 0 0 0 1 0 0 1 0]
 [0 0 0 0 1 0 0 1 0 0 1 0 0 0 0 0 0 1 0 0 0 0 0 0 0 0 0 0 0 1 0 0 0 0 1 0
  0 1 0 1 0 0 1 0 0 0 0 1 0 0 0 0 1 0 0 1 1 1 1 0 1 1 0 0 0 0 0 0 0 0 1]
 [0 0 0 0 0 1 0 0 0 0 0 0 0 0 0 0 0 0 0 1 0 0 0 0 1 0 0 1 0 0 0 0 1 0 0 0
  0 0 0 0 0 0 0 0 0 0 0 0 0 1 1 0 0 0 0 0 0 0 0 0 0 0 0 0 0 1 0 0 0 0 0]]
end
