mac
8
end
job
70
end
fam
5
end
proc_times
[[  0  62  89  27   9  41  22  29  83  95   3  89  68  63  30  63  75  83
   38  97  79  33  33  13  80  71  87  77  34   8  32  78  49   3  47  54
   60  41  79   5  94  39  92  47  80  59  85  94  50  28  70  51  13  73
   48   4  57  84  43  83  31  37  50  69   1  14  33  98  46   5  36]
 [  0  69  58  50  96  72  23  84  34  57  53  99  95  52  39  26  96  53
   86  95  77  76  43  68  90  53  59  37  98  89  76  72  34  13  35  32
   94  33  28  87  59  54  16  28  72  77  31  46  96  62  85  47  77  20
   78  88  38  73  58  90  89  82  75   9  78  92  77  99  38   5  79]
 [  0  65  79  53   5  34  26  41  14  73  38  43  23  11  31  37  55  59
   89  84  65   5  50  77  11  11  66  77  62  52  42  65  78   8  14  94
   14  22   7  10  53  40  28  46  27  55  91  60  27  87  83  68  11  26
   33  35  26  26  20  69  56   9  29   7  60  58   2  11  14   5  91]
 [  0  45  77  81  59  32  68  60  92   9  17  48  57   1  80  38  12  11
   52  58  99  90  99  16  66   2  82  75  71  93   5  75   8  48  66   5
   82  27  91  96  47  36  71   7  78  43  76  31 100   1   8  29  13  22
   86  12  97  40 100   4  93  33  16  29  25  46  74  68   4   1  37]
 [  0  55  22   6  56  20   5  53  88   8  15  29   2  10   1  87  67  74
   88  56  94  43  28  26  96  87  25  94  45  38  91  39   5   5  77  50
   98  69  49  88  83  52  95  29  84  81  62  80  89  80  62  77  31  54
  100  94  23  65  32  89  60  94   7  76  16  92  73  30  98  20  66]
 [  0  75  57  83  37  41  94  76  83  59  94  63  44   1   5  49  86  87
   97  33   4  23  50  25  99  99  54  58  35  10  76  95  52   1  66  38
   31  95  33  92  73  86   6  89  73  61  96  69  19  24  18  80  85  82
   84  36   4  71  63  44 100  25  88  51  75  12  52  93  96  89  69]
 [  0  41  19  86  44  22  84  48  24  72  69  23   9  63  51   1  73   9
   88  81  67  42  22  69  17  12  74  25  19  74   8  52  55  54  16   5
   66  83  56  80  95  64  89  77  73  39   1  75   9  44  38   4  22   7
   44   3  45  17  83  97  55   8  63  98  11  85  75  48   7  30  54]
 [  0  40  56  86  37 100  68  86  74  65  68  37  91  20  49  72   2   8
   55  50  56  82  71  63  16  28  56   3  87  63  17  23  65  41  11  84
   68  58  15  76  14  66  79   8  90  18  29  29  21  42 100  53  58   8
   22  19  65  32  56  98  88  95  59  21   8  18  25  83  53  58  89]]
end
weight
[[ 0 68 14 12 82 83 59 32 67 72  8 54 51 21 11 32 20 31 76 55 61 35 44 77
  92 39 31 91 41 74 70  3 27  9 65 31  7 75 51 45  9 97 32 36 84 76 10 91
  72 57 37  1 79  1 82 89 29 95 14 12  1 11 89 90 43 43 39 66 74 60 30]]
end
setup_times
[[[ 0 36 42 43 47 47]
  [ 0  0 40 42 57 38]
  [ 0 51  0 43 39 33]
  [ 0 46 52  0 55 30]
  [ 0 58 33 34  0 30]
  [ 0 45 33 59 31  0]]

 [[ 0 34 31 56 47 37]
  [ 0  0 54 55 54 57]
  [ 0 45  0 40 45 46]
  [ 0 52 50  0 52 59]
  [ 0 59 38 33  0 54]
  [ 0 49 44 51 35  0]]

 [[ 0 51 41 32 43 33]
  [ 0  0 30 36 34 44]
  [ 0 30  0 58 31 47]
  [ 0 56 37  0 53 49]
  [ 0 32 47 50  0 35]
  [ 0 48 30 51 44  0]]

 [[ 0 33 48 36 33 34]
  [ 0  0 54 37 36 54]
  [ 0 44  0 30 31 40]
  [ 0 50 53  0 59 32]
  [ 0 55 48 50  0 38]
  [ 0 48 50 33 50  0]]

 [[ 0 45 50 47 59 56]
  [ 0  0 45 54 31 56]
  [ 0 31  0 39 36 48]
  [ 0 57 47  0 43 42]
  [ 0 44 52 38  0 40]
  [ 0 54 54 34 33  0]]

 [[ 0 47 37 49 52 46]
  [ 0  0 47 51 35 51]
  [ 0 40  0 54 57 44]
  [ 0 47 44  0 38 58]
  [ 0 41 58 55  0 36]
  [ 0 45 32 38 32  0]]

 [[ 0 47 45 33 35 57]
  [ 0  0 36 46 41 59]
  [ 0 38  0 52 54 32]
  [ 0 36 48  0 59 36]
  [ 0 46 30 53  0 43]
  [ 0 55 31 35 42  0]]

 [[ 0 43 46 31 40 51]
  [ 0  0 30 35 58 45]
  [ 0 54  0 52 31 50]
  [ 0 50 42  0 43 49]
  [ 0 54 39 55  0 58]
  [ 0 44 56 35 33  0]]]
end
fixed_cost
[[2562 2573 2625 2570 2575 2616 2653 2586]]
end
unit_cost
[[57 45 54 54 44 60 47 41]]
end
job2fam
[[1 0 0 0 0 0 0 0 0 0 0 0 0 0 0 0 0 0 0 0 0 0 0 0 0 0 0 0 0 0 0 0 0 0 0 0
  0 0 0 0 0 0 0 0 0 0 0 0 0 0 0 0 0 0 0 0 0 0 0 0 0 0 0 0 0 0 0 0 0 0 0]
 [0 1 1 0 0 0 1 0 0 0 0 0 1 1 0 0 0 0 1 0 1 1 0 1 0 0 1 0 1 0 1 0 0 0 0 1
  0 0 0 0 0 0 0 1 0 0 1 0 0 0 0 0 0 0 0 0 0 0 0 0 0 0 0 0 1 0 0 0 0 0 0]
 [0 0 0 1 0 0 0 0 0 0 0 1 0 0 1 0 0 0 0 0 0 0 1 0 0 1 0 0 0 0 0 1 0 0 0 0
  1 0 0 0 0 0 0 0 1 1 0 0 0 0 0 0 0 1 0 0 0 0 0 0 0 0 0 1 0 0 0 1 1 0 0]
 [0 0 0 0 0 0 0 0 1 1 0 0 0 0 0 1 1 0 0 0 0 0 0 0 0 0 0 0 0 0 0 0 0 1 0 0
  0 0 1 0 1 1 0 0 0 0 0 0 1 0 0 1 0 0 1 0 0 0 0 1 0 0 1 0 0 0 1 0 0 1 0]
 [0 0 0 0 1 0 0 1 0 0 1 0 0 0 0 0 0 1 0 0 0 0 0 0 0 0 0 0 0 1 0 0 0 0 1 0
  0 1 0 1 0 0 1 0 0 0 0 1 0 0 0 0 1 0 0 1 1 1 1 0 1 1 0 0 0 0 0 0 0 0 1]
 [0 0 0 0 0 1 0 0 0 0 0 0 0 0 0 0 0 0 0 1 0 0 0 0 1 0 0 1 0 0 0 0 1 0 0 0
  0 0 0 0 0 0 0 0 0 0 0 0 0 1 1 0 0 0 0 0 0 0 0 0 0 0 0 0 0 1 0 0 0 0 0]]
end
