mac
8
end
job
70
end
fam
8
end
proc_times
[[  0  75  82  65  21  35  56  44  55  64  53  40   8  36  72  32  98  87
   89  14  61  67  68  30  25  32  75  71  59  76  88  58  88  84  83  32
   91  45  20  67  57  13  92  53  10   8  95  95  52  97  10  59   4  53
   78  90  35  24  85  39  96  46  42  24  67   2  96  22  27  96  62]
 [  0  44  12  12  50  59 100   5  85  73  61  34  53  33  50  86  37  95
   69  56  40  18   2  83  15  45  88  27  59   5  42  96  99  27  84  62
   85   9  55  28   9  27  90  22  73  82  46  75  16  88  66  96   7  40
   17  30   2  53  16  86  50  33  48  11  81  50  88   5   4  19  59]
 [  0  22  47  60  86  48  57  49  92  38  66   6  19  75  70  35  69  68
   95  57  39  58  29  56  93  67  71  94  52  33   8  44   7  29  54  13
    5  79  70  70  15  22  12  78   3  95  15  56  54  21   1  60  76  63
   54  98  84  81  89   8  25  89   3  33  61   1  99  35  59   6  33]
 [  0  86  58  72  64   9  58  29  84  26  95  20  25  83  90  51   9  10
   82  56  43  22  50  44  97  89  35   6  81  24  72  61  94  44  19  47
   34  28  69  60  66  80  62  27  98  95  64  27  65  63  39  12  98  68
   69  81  66  37   1  51  20  98  92  41  73  94  95  31  87  40  31]
 [  0  48  87  72  39  78  43  91  75  89  18  19  19  30  79  52  56  58
   44  58  93  73  56  95   3  73   7   6  39  17  23  87  66  35  73  92
   97  32  64  90  13  22  52 100  81  11  50  24  89  59  85  87  22  20
   51  94  17   9  24   8  25   3  43  94  66  70  59  46  94  58  35]
 [  0 100  40   2  11  19  27  80  34  48  28  40  41  14  72  34   6  62
    6  31  22  57   9  35  33  56  64  37  73  77  64  73  85  12  67  83
   42  35  19  18  22  74  72  25  69  95 100  65   2  56  39  25  30  49
   74  28   7  69   2  88  11  95   2  59  81   1  51  24 100  75  76]
 [  0  51  28  22  67  51  44  76  59  14  74  54  31  60  75  34  92  69
   90  81 100  88  57  50   8  31  89  75  52  67  60  98  27  20  51  70
   68  58  95  41  78  98  15  27   1  51  37  64  12  77  30  92   6   8
   43  24  68  57  20  93  39  82  99  38  27  64  98  41  53  10  81]
 [  0  98  79  32  32  67  70  78  70  70  75  35  30  14  62  47  33  80
   78  30  76  41  70   3  16  95  78  65  97  23  72  56  99  15  68  87
   67  97  28  27   4  79  79  47  18  39  23  28   5  38  81  16  73  16
   48  31  71  26  93  96  75  26  18  62  20  22  46  12  99  41  91]]
end
weight
[[ 0 21 82 33 45 96 54 92 37 80 60  7 49 73 39 18 67 90  2 92  4 54 88 36
  44 69 35 47 65 79 62 14 39 69  2 91 87 28 64 34  3 33 65 14 41 80 47 28
  44 96  8 22 80 32 97 31 17 44 20 33 55 32 65 60 53 87 32 10 65 83 64]]
end
setup_times
[[[ 0 41 35 50 59 42 39 30 30]
  [ 0  0 35 57 37 32 42 49 52]
  [ 0 31  0 57 31 38 51 55 46]
  [ 0 55 50  0 54 33 52 41 57]
  [ 0 52 50 53  0 46 45 35 43]
  [ 0 50 30 44 42  0 57 56 40]
  [ 0 41 54 56 30 46  0 31 51]
  [ 0 33 39 34 55 46 58  0 30]
  [ 0 53 36 35 42 30 45 31  0]]

 [[ 0 44 43 54 51 31 37 46 38]
  [ 0  0 43 30 59 43 31 49 32]
  [ 0 37  0 56 48 56 55 44 57]
  [ 0 31 30  0 47 45 41 32 50]
  [ 0 31 43 30  0 35 40 46 35]
  [ 0 30 39 41 39  0 32 52 37]
  [ 0 54 30 58 51 33  0 58 38]
  [ 0 43 58 43 55 34 46  0 49]
  [ 0 45 52 33 58 31 55 42  0]]

 [[ 0 58 39 36 57 33 31 41 53]
  [ 0  0 32 36 44 36 51 30 42]
  [ 0 59  0 35 48 45 34 48 53]
  [ 0 56 59  0 45 35 35 44 33]
  [ 0 56 38 40  0 52 33 30 33]
  [ 0 44 53 50 50  0 50 47 52]
  [ 0 48 51 33 35 34  0 34 31]
  [ 0 32 42 39 42 40 30  0 49]
  [ 0 36 53 37 31 42 34 35  0]]

 [[ 0 31 32 48 59 32 39 32 37]
  [ 0  0 58 54 41 58 32 57 59]
  [ 0 32  0 36 54 40 33 55 54]
  [ 0 30 32  0 38 33 50 43 55]
  [ 0 35 41 31  0 46 40 42 43]
  [ 0 39 46 57 37  0 54 45 31]
  [ 0 40 36 31 33 51  0 48 51]
  [ 0 33 40 41 37 53 37  0 52]
  [ 0 42 48 58 42 50 30 45  0]]

 [[ 0 34 53 51 52 56 50 46 30]
  [ 0  0 37 54 59 55 30 39 54]
  [ 0 31  0 45 35 49 32 34 58]
  [ 0 46 55  0 55 52 49 49 36]
  [ 0 46 48 41  0 39 55 52 49]
  [ 0 31 46 45 41  0 37 53 49]
  [ 0 52 44 31 34 46  0 59 31]
  [ 0 39 55 51 30 41 38  0 30]
  [ 0 41 44 38 55 47 36 35  0]]

 [[ 0 32 43 58 48 41 47 47 45]
  [ 0  0 33 47 55 47 38 40 30]
  [ 0 49  0 50 30 39 40 47 46]
  [ 0 47 47  0 47 34 33 58 38]
  [ 0 58 59 50  0 56 36 35 47]
  [ 0 43 58 51 30  0 47 37 45]
  [ 0 41 38 32 40 48  0 56 30]
  [ 0 51 39 47 40 34 49  0 34]
  [ 0 35 39 34 54 54 42 42  0]]

 [[ 0 41 48 47 43 43 56 41 55]
  [ 0  0 53 40 45 40 39 32 42]
  [ 0 30  0 35 54 38 34 52 44]
  [ 0 50 51  0 51 55 49 33 38]
  [ 0 41 38 49  0 49 44 54 41]
  [ 0 37 41 52 55  0 52 59 51]
  [ 0 45 31 43 56 44  0 37 30]
  [ 0 49 49 37 51 56 57  0 45]
  [ 0 36 45 32 45 30 43 52  0]]

 [[ 0 51 41 31 41 49 38 31 54]
  [ 0  0 57 31 41 56 56 56 53]
  [ 0 44  0 46 43 55 51 57 54]
  [ 0 33 51  0 34 49 58 40 36]
  [ 0 41 30 41  0 44 31 40 51]
  [ 0 42 38 52 43  0 58 39 54]
  [ 0 40 53 48 39 54  0 41 50]
  [ 0 56 43 46 30 31 50  0 44]
  [ 0 38 41 40 40 55 36 54  0]]]
end
fixed_cost
[[2476 2425 2415 2442 2410 2469 2447 2452]]
end
unit_cost
[[59 43 43 64 48 43 35 40]]
end
job2fam
[[1 0 0 0 0 0 0 0 0 0 0 0 0 0 0 0 0 0 0 0 0 0 0 0 0 0 0 0 0 0 0 0 0 0 0 0
  0 0 0 0 0 0 0 0 0 0 0 0 0 0 0 0 0 0 0 0 0 0 0 0 0 0 0 0 0 0 0 0 0 0 0]
 [0 0 0 0 0 0 1 0 0 0 0 0 0 1 0 0 0 0 0 0 0 0 1 1 0 0 0 0 0 0 0 0 0 0 1 0
  0 0 0 0 0 0 0 0 0 0 0 0 0 0 0 1 0 1 0 0 0 0 0 0 1 0 0 0 1 0 0 0 0 0 0]
 [0 0 0 0 0 0 0 0 0 0 0 0 0 0 0 1 0 0 0 0 0 1 0 0 0 1 1 0 0 1 0 0 0 0 0 0
  1 0 0 0 0 0 0 0 0 0 0 0 1 0 1 0 0 0 0 0 0 0 0 0 0 0 0 0 0 0 0 0 1 0 0]
 [0 0 0 0 0 0 0 0 0 0 0 1 0 0 1 0 0 0 0 0 0 0 0 0 0 0 0 0 0 0 1 0 0 1 0 0
  0 0 0 0 0 0 1 0 0 0 0 0 0 1 0 0 0 0 0 0 0 1 0 0 0 0 0 0 0 0 0 1 0 0 0]
 [0 0 1 0 0 0 0 0 0 1 0 0 0 0 0 0 0 0 0 0 0 0 0 0 0 0 0 0 0 0 0 0 1 0 0 0
  0 0 0 0 0 0 0 1 1 0 0 0 0 0 0 0 0 0 1 1 0 0 1 1 0 0 0 0 0 0 1 0 0 0 0]
 [0 1 0 0 0 1 0 0 1 0 1 0 0 0 0 0 0 0 0 0 1 0 0 0 0 0 0 0 0 0 0 0 0 0 0 0
  0 0 1 0 0 0 0 0 0 0 0 0 0 0 0 0 0 0 0 0 0 0 0 0 0 0 0 0 0 0 0 0 0 0 1]
 [0 0 0 1 1 0 0 1 0 0 0 0 1 0 0 0 1 1 0 0 0 0 0 0 1 0 0 0 1 0 0 1 0 0 0 0
  0 0 0 1 0 0 0 0 0 1 0 0 0 0 0 0 0 0 0 0 0 0 0 0 0 0 0 1 0 0 0 0 0 1 0]
 [0 0 0 0 0 0 0 0 0 0 0 0 0 0 0 0 0 0 1 0 0 0 0 0 0 0 0 0 0 0 0 0 0 0 0 1
  0 1 0 0 1 1 0 0 0 0 1 1 0 0 0 0 0 0 0 0 0 0 0 0 0 1 1 0 0 1 0 0 0 0 0]
 [0 0 0 0 0 0 0 0 0 0 0 0 0 0 0 0 0 0 0 1 0 0 0 0 0 0 0 1 0 0 0 0 0 0 0 0
  0 0 0 0 0 0 0 0 0 0 0 0 0 0 0 0 1 0 0 0 1 0 0 0 0 0 0 0 0 0 0 0 0 0 0]]
end
