mac
8
end
job
70
end
fam
12
end
proc_times
[[  0  62  59  17   3 100  31  76  20  40  88  84   2  74  89  78   7  56
   59  39  79  79  45  51  20  65  84  18   3  70  40  84  96  52  49  78
   77  58  77   3  40  70  46  86  76  69  77  13  93  10  10  13  18  29
    5  90  27  97  90  37  44  40  60  82  60  76  53  14  68  27   5]
 [  0  72  41  70  85   3  83  85  39  27  28  92  73  46  72 100  13  62
   20  36   3  43  78  73  89  71  93  34  32  82  81  69  61   8  87  24
   72  76  77  79  21  50  62  84  21  26  94  46  46  86  87  17  36  45
   13  91   1  34  89  77 100  99  36  87   9  48  73  16  57  12  55]
 [  0  13  59  38  89  60   5  71  42   9  81  76  88  92  32  71  56   6
   13  73  73  69  39  40  93  40  61  97  21  12  38  60  15   2 100  13
    5  43  92  76  70  76  44  95  86  83  87  23  52  81  14   1  89  36
   28  55  43   4  22  84  38  97  37  21  66  66  48  96  62   9  92]
 [  0  46   2  60  54  34  50 100  62  16  62  64  56   7  46  40   6  95
   95  13  66  45  49  86  28  11  38  48  85  83   6  42  88  51  88  87
   96  35  23  78  11  17  51  19  26  21  40  52  10  93  90  45  36   9
   78  63  56  73  36  48  88  23  38  90  26  51  82  63  60  20  21]
 [  0  92  12  38  83  79  77  94  30  42  97  78  14   1  70  61  79  27
   73  46  26  98  90  74  80  78  58  27  58  62  32   7  27  88  18  91
   89  45  93  40  70   3  33  73  84  87  61  22  87  31  94   9  28   4
   49  54   1  68  10  78  53  22  83  47  33  82  19  37   3  41  67]
 [  0  55  93  10  99  69  39  58  24   1  77  28  62  43  49  80  11  95
   53  64  21  85  49   5  85  59  69  67  50  49  19  54  63  96  98  24
   66  54  52   9  46  87  47  43  17  25  77  43  36  19  31  82  87  32
   95  81   9  17  22  76  76  44  50  99  37  16  28  20  14   6  30]
 [  0  41  29  16  49  21  30  90  90  31  83  50  97  77  84  69  31  88
   75  58  49  88  83  99  44   5  16  56  52  45  98  72  57   9  27  92
   73  74  43  14  41   3  35  90  13  45  42  31  89  82   2  87  82  79
  100  75  55  66  64  54  88  76  39  37  59  74  75  44  36  57  28]
 [  0  58  43  57  85  33  61  83  63  18  80  13  92   1  62  96  88  84
   70   5  37  82  27  12  77  36  73  65  62  88  94  33  42  47  94  84
   86  31   7  14  66  83  92  12  63  47  96  35  90   7  96  15  84  67
   33  57  10   2  49  22  21  11  52  79  22  45   9  57  61  39  93]]
end
weight
[[ 0 60 59 31 75 91 74 77 33 68 69 45 55 65 95 83 61 56 45 90 11 25 46 81
  49 14 21 64 97 71 92 67 37 57 29 60 78  8 21 56 31 95 39  1 30 63 11 26
  43  8 73 83 33 87 73 77 81 19 30 62 57 34 66 34 81  1 80 78 39 97 48]]
end
setup_times
[[[ 0 48 55 57 33 37 38 43 36 31 45 54 39]
  [ 0  0 42 34 48 46 41 52 35 41 37 57 38]
  [ 0 34  0 54 56 48 31 59 31 31 46 41 44]
  [ 0 55 40  0 48 31 43 31 45 46 44 44 50]
  [ 0 32 58 58  0 58 35 41 49 59 53 51 56]
  [ 0 54 35 53 45  0 30 56 56 43 41 41 59]
  [ 0 32 35 36 39 31  0 55 47 30 40 52 52]
  [ 0 35 42 58 56 38 48  0 36 50 35 35 32]
  [ 0 59 52 53 56 53 34 45  0 53 52 32 52]
  [ 0 46 32 44 55 32 54 38 38  0 43 49 33]
  [ 0 31 34 46 56 35 45 49 52 36  0 46 41]
  [ 0 58 31 50 54 37 51 33 33 40 46  0 44]
  [ 0 55 34 34 52 45 55 58 48 39 38 42  0]]

 [[ 0 35 58 56 47 44 48 56 59 52 52 33 43]
  [ 0  0 31 46 44 31 38 35 31 38 52 39 49]
  [ 0 59  0 46 37 38 56 47 31 45 32 54 49]
  [ 0 52 36  0 54 32 46 40 42 58 44 31 35]
  [ 0 34 43 53  0 41 34 43 34 48 53 44 33]
  [ 0 56 55 33 48  0 36 42 45 32 37 39 49]
  [ 0 55 50 30 42 52  0 58 48 56 46 33 33]
  [ 0 32 54 49 32 53 35  0 36 32 39 52 34]
  [ 0 48 52 42 56 46 36 52  0 34 48 53 42]
  [ 0 59 49 51 42 57 46 47 46  0 48 42 48]
  [ 0 54 57 34 47 53 32 32 50 51  0 37 35]
  [ 0 48 50 30 30 56 46 32 43 44 37  0 58]
  [ 0 58 56 36 58 51 49 48 54 31 44 45  0]]

 [[ 0 43 35 36 35 56 43 58 37 37 37 55 54]
  [ 0  0 34 34 46 55 41 34 35 49 53 44 46]
  [ 0 30  0 57 55 39 54 56 52 33 51 39 47]
  [ 0 33 51  0 32 32 54 45 45 43 38 52 35]
  [ 0 52 32 52  0 53 34 30 38 44 41 47 57]
  [ 0 40 36 53 37  0 51 42 40 49 56 36 39]
  [ 0 55 59 57 41 49  0 32 49 32 47 36 37]
  [ 0 44 30 53 30 31 52  0 42 50 52 51 30]
  [ 0 51 48 33 55 59 37 48  0 40 41 49 33]
  [ 0 31 52 57 36 51 46 46 35  0 36 41 35]
  [ 0 56 41 42 48 36 46 35 54 44  0 38 56]
  [ 0 59 41 50 56 40 44 32 50 58 35  0 40]
  [ 0 45 55 45 33 41 50 34 59 41 51 48  0]]

 [[ 0 42 39 41 34 45 52 58 39 31 33 38 48]
  [ 0  0 59 40 36 48 45 39 58 37 39 47 59]
  [ 0 41  0 42 55 46 58 50 39 55 44 36 48]
  [ 0 53 34  0 51 59 39 57 53 38 50 38 51]
  [ 0 37 56 47  0 51 51 48 46 31 34 37 59]
  [ 0 44 48 48 37  0 55 35 30 33 48 46 59]
  [ 0 35 30 36 40 37  0 43 48 51 33 31 47]
  [ 0 33 59 38 34 35 52  0 48 57 58 44 42]
  [ 0 30 44 42 38 45 31 54  0 57 53 32 46]
  [ 0 42 34 57 51 37 55 51 40  0 45 32 34]
  [ 0 40 30 44 58 30 55 30 52 44  0 44 38]
  [ 0 47 35 31 59 36 44 45 57 36 54  0 49]
  [ 0 56 46 48 51 41 37 41 49 48 52 43  0]]

 [[ 0 38 43 43 55 47 32 45 44 32 39 39 56]
  [ 0  0 34 51 40 41 55 38 57 32 58 46 43]
  [ 0 31  0 59 38 45 57 47 39 46 33 33 50]
  [ 0 41 35  0 53 34 55 56 56 53 51 33 54]
  [ 0 32 42 54  0 58 34 55 44 36 43 32 54]
  [ 0 59 40 58 58  0 42 53 43 49 43 46 50]
  [ 0 43 35 43 35 50  0 54 50 59 54 58 32]
  [ 0 59 46 36 34 31 40  0 58 59 53 49 55]
  [ 0 37 55 33 42 56 56 36  0 31 53 35 46]
  [ 0 53 49 51 35 45 58 58 46  0 46 30 45]
  [ 0 40 44 34 34 33 46 42 55 43  0 57 41]
  [ 0 52 56 37 34 40 37 58 38 44 32  0 31]
  [ 0 50 31 36 58 52 55 52 49 31 30 51  0]]

 [[ 0 57 35 57 45 44 42 55 58 33 32 42 36]
  [ 0  0 36 46 59 33 44 55 53 55 44 59 32]
  [ 0 38  0 49 32 44 38 48 54 40 58 50 52]
  [ 0 53 31  0 54 42 43 51 58 30 52 52 51]
  [ 0 35 51 56  0 39 56 30 43 35 52 58 50]
  [ 0 38 33 34 40  0 31 59 51 58 36 36 39]
  [ 0 54 53 46 36 50  0 41 54 47 49 32 39]
  [ 0 36 48 33 43 44 45  0 37 38 31 58 59]
  [ 0 49 47 52 36 51 45 54  0 53 34 58 58]
  [ 0 53 50 56 54 37 52 59 46  0 41 35 57]
  [ 0 54 35 47 50 34 49 36 49 35  0 31 36]
  [ 0 35 36 43 51 50 56 41 52 38 30  0 35]
  [ 0 43 36 43 52 48 30 37 42 52 43 34  0]]

 [[ 0 55 30 52 38 54 43 34 36 51 42 50 52]
  [ 0  0 43 44 38 40 53 50 42 47 47 42 41]
  [ 0 55  0 33 30 38 49 42 31 37 50 51 42]
  [ 0 34 58  0 52 47 41 59 53 49 59 53 37]
  [ 0 56 54 45  0 47 37 54 32 58 37 44 34]
  [ 0 51 43 56 52  0 44 33 32 50 46 49 45]
  [ 0 47 39 54 59 48  0 43 31 35 55 50 49]
  [ 0 37 54 33 55 48 30  0 46 34 43 38 39]
  [ 0 33 31 48 32 57 41 34  0 54 43 47 52]
  [ 0 51 33 58 31 32 37 43 43  0 44 54 59]
  [ 0 35 34 54 48 59 54 48 34 36  0 51 38]
  [ 0 49 49 51 46 56 55 50 57 56 53  0 48]
  [ 0 33 48 50 35 33 39 44 56 30 42 51  0]]

 [[ 0 43 58 57 58 53 59 45 33 55 58 40 59]
  [ 0  0 33 56 32 43 58 43 52 45 33 34 58]
  [ 0 46  0 51 46 44 40 38 43 56 51 53 53]
  [ 0 49 51  0 58 42 36 51 50 54 55 49 50]
  [ 0 55 52 45  0 50 36 46 45 41 56 44 40]
  [ 0 36 30 42 59  0 35 31 42 32 57 47 52]
  [ 0 33 47 58 37 36  0 58 58 55 30 38 46]
  [ 0 52 47 50 33 31 34  0 46 56 41 32 57]
  [ 0 46 48 42 57 55 31 49  0 30 59 31 36]
  [ 0 36 35 36 38 49 51 36 38  0 31 48 56]
  [ 0 47 41 55 37 42 46 38 59 39  0 51 31]
  [ 0 32 31 39 35 58 34 45 51 55 58  0 32]
  [ 0 54 49 48 35 40 59 38 44 47 30 39  0]]]
end
fixed_cost
[[2928 2914 2847 2938 2879 2869 2845 2842]]
end
unit_cost
[[61 39 60 40 67 63 57 53]]
end
job2fam
[[1 0 0 0 0 0 0 0 0 0 0 0 0 0 0 0 0 0 0 0 0 0 0 0 0 0 0 0 0 0 0 0 0 0 0 0
  0 0 0 0 0 0 0 0 0 0 0 0 0 0 0 0 0 0 0 0 0 0 0 0 0 0 0 0 0 0 0 0 0 0 0]
 [0 0 0 0 0 0 0 0 0 0 0 0 0 1 0 0 0 0 0 0 1 0 0 0 0 0 0 0 0 0 0 0 0 0 0 0
  0 0 0 0 0 0 0 0 0 1 0 0 0 0 0 0 0 0 0 0 0 0 1 0 0 0 0 0 1 0 0 0 0 0 0]
 [0 0 0 0 0 0 0 0 0 0 0 0 0 0 0 0 0 0 0 0 0 0 0 0 1 1 0 0 1 0 0 0 0 0 0 0
  0 0 0 0 1 0 1 0 0 0 0 0 0 1 1 0 0 0 1 0 0 0 0 0 0 0 0 0 0 0 0 0 1 0 0]
 [0 1 0 1 0 0 0 0 0 0 0 0 0 0 0 0 0 0 0 0 0 0 0 0 0 0 0 0 0 0 0 0 0 1 0 0
  1 0 0 0 0 0 0 0 0 0 0 0 0 0 0 0 0 0 0 0 0 0 0 0 0 0 0 0 0 1 0 0 0 0 0]
 [0 0 0 0 0 0 0 0 0 0 0 0 0 0 1 0 0 0 0 0 0 1 0 0 0 0 0 0 0 0 0 0 0 0 1 0
  0 0 0 0 0 0 0 0 0 0 0 0 0 0 0 0 0 0 0 1 0 1 0 0 0 0 0 0 0 0 0 0 0 1 0]
 [0 0 0 0 0 1 0 0 0 0 0 0 0 0 0 1 0 0 0 0 0 0 0 0 0 0 0 0 0 1 1 0 0 0 0 0
  0 0 0 0 0 0 0 0 0 0 0 1 0 0 0 0 0 0 0 0 0 0 0 0 0 0 0 0 0 0 1 0 0 0 0]
 [0 0 1 0 0 0 0 1 0 1 0 0 0 0 0 0 0 1 0 0 0 0 0 0 0 0 0 0 0 0 0 0 0 0 0 0
  0 0 0 0 0 0 0 0 1 0 0 0 0 0 0 0 0 0 0 0 0 0 0 0 0 0 0 1 0 0 0 0 0 0 0]
 [0 0 0 0 0 0 1 0 0 0 0 0 0 0 0 0 0 0 0 0 0 0 0 0 0 0 0 0 0 0 0 0 0 0 0 0
  0 0 0 0 0 1 0 1 0 0 0 0 1 0 0 0 1 0 0 0 0 0 0 0 0 0 0 0 0 0 0 1 0 0 1]
 [0 0 0 0 1 0 0 0 0 0 1 0 0 0 0 0 0 0 0 0 0 0 1 0 0 0 1 1 0 0 0 1 0 0 0 0
  0 0 0 0 0 0 0 0 0 0 0 0 0 0 0 0 0 0 0 0 0 0 0 0 0 0 0 0 0 0 0 0 0 0 0]
 [0 0 0 0 0 0 0 0 0 0 0 0 1 0 0 0 1 0 0 1 0 0 0 0 0 0 0 0 0 0 0 0 0 0 0 0
  0 0 0 1 0 0 0 0 0 0 0 0 0 0 0 0 0 1 0 0 1 0 0 1 0 0 0 0 0 0 0 0 0 0 0]
 [0 0 0 0 0 0 0 0 1 0 0 1 0 0 0 0 0 0 0 0 0 0 0 1 0 0 0 0 0 0 0 0 1 0 0 1
  0 1 0 0 0 0 0 0 0 0 1 0 0 0 0 1 0 0 0 0 0 0 0 0 0 0 0 0 0 0 0 0 0 0 0]
 [0 0 0 0 0 0 0 0 0 0 0 0 0 0 0 0 0 0 0 0 0 0 0 0 0 0 0 0 0 0 0 0 0 0 0 0
  0 0 1 0 0 0 0 0 0 0 0 0 0 0 0 0 0 0 0 0 0 0 0 0 1 0 1 0 0 0 0 0 0 0 0]
 [0 0 0 0 0 0 0 0 0 0 0 0 0 0 0 0 0 0 1 0 0 0 0 0 0 0 0 0 0 0 0 0 0 0 0 0
  0 0 0 0 0 0 0 0 0 0 0 0 0 0 0 0 0 0 0 0 0 0 0 0 0 1 0 0 0 0 0 0 0 0 0]]
end
