mac
8
end
job
70
end
fam
12
end
proc_times
[[  0  17  95  79  48  95  98  95  19  69  64  75  26  99  86  83   9  43
   66  93  41  45  70  79  41  90  54  98  33  58  49  89  64  77  73  49
    9  10  34  30   1  73  64  45  92  80  27  76  28  95  37  13  28  19
   59   3  25  21  91  53  73  18  60  74  34  52  20  14  65  15  19]
 [  0  27  62  23  78  19  36  18  20  68   1  34  76  56  43  70  59   3
   74  32  73  17  62  39  98  42  81  27  71  42  93  55  92  62  66  67
   43  69  34  27  87  57   8  17  87  19  72  92  88  50  24  91  16   1
   12 100  35  63  67  19  10  62  93  71  62  33  20  29  19   5  76]
 [  0  43   1  70  33  94  27  84  67  47  96  59  60  14  28  51  29  18
    4  61  96  75  64  76  78  96  60  56  71  69  19  96  29  13  16   1
   74  11  55  46  76  13  72  85  98  79  46  69  59  47  31  48  90  43
   60  33  21  18  68  37  99  90   8  97  68  77  72  68  31  97   8]
 [  0  17  18  79  90  50  33   3  50  33  92  16  39  58  38  66  43  45
   55 100  83  72   5  11  83  20  36  11  94   3   3  34   6  86  55  85
   43  51  84  30  30  55  41  14  87  19  35  98  79  80  51  18  24  78
   13  61  58  14  44  93  22  76  79  76  16  62  93  10  88  97  16]
 [  0  72  21  72  69   8  24  63  34  48  58  70  64   4  17  55  63  85
   87  61  20  23  41  85  35   3  77  65  39  11  18  71  22  92  12  92
   82  90  11  60  18  59  34  67  96  85  62  62  19  14  69  21  33  17
   90  68  19  26  59  55   7  99  93  79  29  97  14  83  90  41  73]
 [  0  80  11  41   6  14   1   1   1  51  95  30  13  77  93   4  47  96
    1  31  46  65   9  23  36  68  13  26   7  71  28  18   9 100  23   9
   40  86  56  55  35  33  28   3  57   6  80  37  15  35  79  21  25  26
   58  30   4  35   9   4  94  76  96  39   5  18  45  29   2  61  17]
 [  0  74  99  29   5  70   5  23  47  48  82  81  91  77  45  27  40  27
   62  52  50  55  30  66  14  81  84  78  85  47  33  40  76  62  94  75
   33  92  13  81  38  17  16  69   8  55  75  15  94  29  65  38  68  54
   40  91  57   6  75  61  87  77  50  51  90  38  72  26  10  95  77]
 [  0   6  69  39  37  53  89  30  71  38  48  13  27  66  96  18  41   4
   34  51 100  18  31  30  82  11  98  78  60  16  18  27  90  57  28  74
   73  48  73   1  97  25  83  54  84  70  95  88  76  66  73  64  19  91
   85  34  12  44  33  78  66  32  33  25  75  30  42  40  97  38  14]]
end
weight
[[ 0 74 16  7 19 45 13 21 65 67 30 65 17 92 19 35 86 92 25 18 47 42 18 61
   3 52 72 75 99 47 40 38 49 15 92 97 21 62  7 69 93 84 69 89 28  6 50 95
  90 34 39 11 18 50  3 39 64 32 44 45 13 98 11 41 26 83 12 20 36 86 65]]
end
setup_times
[[[ 0 33 34 56 49 54 58 57 48 37 57 45 57]
  [ 0  0 48 51 32 59 45 34 52 40 50 49 47]
  [ 0 55  0 50 36 44 56 37 35 41 43 34 49]
  [ 0 36 44  0 59 52 58 39 36 46 56 59 39]
  [ 0 35 52 34  0 56 31 52 54 58 51 30 35]
  [ 0 51 41 57 43  0 30 59 38 44 52 43 48]
  [ 0 35 53 36 31 39  0 37 32 53 37 36 34]
  [ 0 48 37 56 42 42 48  0 43 48 40 40 53]
  [ 0 39 49 37 51 30 39 57  0 41 59 55 39]
  [ 0 43 53 36 38 43 35 47 48  0 51 37 58]
  [ 0 41 30 54 33 54 51 50 34 36  0 33 30]
  [ 0 48 55 35 53 32 53 54 53 45 44  0 40]
  [ 0 46 55 42 39 53 51 33 45 36 40 37  0]]

 [[ 0 35 57 56 51 33 44 55 34 34 30 53 31]
  [ 0  0 56 36 40 58 48 46 57 55 46 34 30]
  [ 0 45  0 39 53 33 52 46 50 46 47 34 44]
  [ 0 34 45  0 32 50 54 58 31 42 48 44 57]
  [ 0 51 45 59  0 36 51 44 33 37 58 54 50]
  [ 0 51 44 35 30  0 40 33 32 59 36 58 32]
  [ 0 34 37 54 45 57  0 35 50 36 59 54 44]
  [ 0 44 45 36 30 55 33  0 44 47 52 47 55]
  [ 0 34 48 52 45 51 56 45  0 31 48 34 46]
  [ 0 30 30 36 51 53 39 56 38  0 41 30 34]
  [ 0 51 49 55 56 34 36 43 37 54  0 37 44]
  [ 0 45 44 42 55 52 35 31 33 36 35  0 47]
  [ 0 43 32 42 47 58 47 30 54 58 48 55  0]]

 [[ 0 40 33 42 50 46 41 35 58 35 47 31 51]
  [ 0  0 32 32 38 34 50 58 33 54 40 34 58]
  [ 0 49  0 40 35 32 40 53 41 50 40 41 56]
  [ 0 50 32  0 42 57 31 38 44 41 51 55 36]
  [ 0 41 59 38  0 45 38 33 48 33 55 38 58]
  [ 0 43 54 44 40  0 35 32 59 50 30 37 44]
  [ 0 37 49 54 34 49  0 50 33 32 32 30 43]
  [ 0 34 51 46 55 54 32  0 56 39 32 37 51]
  [ 0 51 50 32 42 40 36 35  0 59 51 31 30]
  [ 0 54 53 33 35 37 38 54 37  0 51 35 32]
  [ 0 47 57 41 30 58 44 49 53 59  0 30 43]
  [ 0 46 38 30 39 44 42 39 40 51 43  0 48]
  [ 0 43 41 39 47 32 34 55 52 35 32 58  0]]

 [[ 0 41 37 34 35 42 57 56 47 36 45 45 31]
  [ 0  0 36 52 36 38 43 37 58 45 41 45 33]
  [ 0 41  0 46 49 58 53 47 44 56 58 57 58]
  [ 0 44 41  0 33 48 35 49 48 52 56 55 53]
  [ 0 31 58 34  0 45 39 53 39 36 38 40 57]
  [ 0 48 36 31 58  0 31 57 53 52 43 34 32]
  [ 0 51 43 49 35 31  0 49 48 31 46 54 51]
  [ 0 51 52 41 42 39 59  0 42 39 41 36 31]
  [ 0 53 53 43 51 48 55 46  0 43 30 53 48]
  [ 0 32 31 34 35 51 39 43 31  0 44 34 48]
  [ 0 48 35 30 39 43 55 43 58 54  0 30 38]
  [ 0 50 58 53 47 41 49 42 35 54 58  0 51]
  [ 0 52 34 43 48 53 50 37 43 59 30 48  0]]

 [[ 0 55 51 54 30 56 42 50 43 42 31 42 49]
  [ 0  0 40 59 35 35 47 35 31 44 39 52 53]
  [ 0 41  0 55 59 51 44 45 53 34 50 40 59]
  [ 0 53 43  0 55 57 31 59 54 48 51 51 38]
  [ 0 49 56 32  0 50 33 59 41 52 52 54 32]
  [ 0 59 39 53 59  0 57 46 39 41 42 51 45]
  [ 0 56 32 56 54 37  0 47 50 40 52 40 50]
  [ 0 32 55 56 44 44 38  0 36 51 56 33 56]
  [ 0 55 50 59 51 55 37 46  0 31 42 30 33]
  [ 0 52 46 45 32 37 49 57 33  0 46 30 48]
  [ 0 46 33 55 38 45 46 41 57 35  0 46 48]
  [ 0 41 43 50 42 40 59 39 48 35 57  0 44]
  [ 0 59 34 41 57 36 41 40 35 34 31 30  0]]

 [[ 0 58 58 38 45 55 51 48 34 32 59 59 57]
  [ 0  0 35 41 52 51 57 54 44 36 57 48 45]
  [ 0 41  0 51 32 35 33 43 38 35 35 43 46]
  [ 0 52 50  0 40 50 49 54 57 36 58 50 48]
  [ 0 50 54 48  0 50 41 48 57 52 47 41 52]
  [ 0 37 39 55 30  0 38 50 48 57 37 39 31]
  [ 0 34 54 41 40 35  0 56 45 44 55 30 45]
  [ 0 46 45 40 31 57 52  0 32 53 58 35 59]
  [ 0 36 33 41 34 38 31 37  0 45 44 56 51]
  [ 0 56 53 31 59 56 31 58 51  0 47 48 56]
  [ 0 52 39 32 52 35 55 48 42 54  0 31 48]
  [ 0 44 56 55 52 37 33 56 38 58 37  0 50]
  [ 0 33 45 46 58 51 39 36 55 58 34 54  0]]

 [[ 0 41 50 49 38 47 36 45 39 37 47 39 38]
  [ 0  0 56 57 31 47 31 52 36 53 51 48 31]
  [ 0 51  0 38 34 42 51 43 59 53 44 36 48]
  [ 0 45 42  0 38 59 54 39 38 33 48 34 51]
  [ 0 47 52 46  0 33 52 38 41 31 34 46 35]
  [ 0 40 50 53 49  0 34 34 46 54 40 37 39]
  [ 0 53 43 56 35 38  0 50 52 38 35 30 35]
  [ 0 53 37 55 50 52 30  0 58 50 43 36 40]
  [ 0 47 41 31 54 56 34 57  0 53 49 33 50]
  [ 0 50 35 58 47 54 49 47 49  0 45 48 49]
  [ 0 36 33 45 56 35 30 51 45 36  0 42 51]
  [ 0 32 33 34 58 49 49 58 55 57 38  0 41]
  [ 0 52 54 56 44 44 52 53 40 54 39 38  0]]

 [[ 0 31 32 34 30 35 58 35 55 58 40 50 35]
  [ 0  0 52 34 36 38 30 45 44 33 43 59 40]
  [ 0 43  0 34 30 50 44 51 53 56 40 36 32]
  [ 0 33 48  0 59 56 54 41 34 32 46 40 47]
  [ 0 57 31 36  0 48 35 51 52 46 34 39 35]
  [ 0 31 47 52 58  0 55 53 55 42 54 34 41]
  [ 0 40 32 47 35 46  0 54 41 30 33 41 33]
  [ 0 40 53 49 56 49 32  0 43 58 31 54 42]
  [ 0 44 38 39 37 57 46 58  0 42 48 46 33]
  [ 0 55 57 31 59 31 46 56 32  0 37 48 43]
  [ 0 30 49 30 40 36 54 51 43 46  0 50 39]
  [ 0 53 57 32 32 37 49 45 30 39 37  0 35]
  [ 0 51 49 58 40 42 45 34 33 58 35 42  0]]]
end
fixed_cost
[[2442 2419 2364 2383 2384 2421 2438 2440]]
end
unit_cost
[[45 40 34 58 49 45 54 60]]
end
job2fam
[[1 0 0 0 0 0 0 0 0 0 0 0 0 0 0 0 0 0 0 0 0 0 0 0 0 0 0 0 0 0 0 0 0 0 0 0
  0 0 0 0 0 0 0 0 0 0 0 0 0 0 0 0 0 0 0 0 0 0 0 0 0 0 0 0 0 0 0 0 0 0 0]
 [0 0 0 0 0 0 0 0 0 0 0 0 0 1 0 0 0 0 0 0 1 0 0 0 0 0 0 0 0 0 0 0 0 0 0 0
  0 0 0 0 0 0 0 0 0 1 0 0 0 0 0 0 0 0 0 0 0 0 1 0 0 0 0 0 1 0 0 0 0 0 0]
 [0 0 0 0 0 0 0 0 0 0 0 0 0 0 0 0 0 0 0 0 0 0 0 0 1 1 0 0 1 0 0 0 0 0 0 0
  0 0 0 0 1 0 1 0 0 0 0 0 0 1 1 0 0 0 1 0 0 0 0 0 0 0 0 0 0 0 0 0 1 0 0]
 [0 1 0 1 0 0 0 0 0 0 0 0 0 0 0 0 0 0 0 0 0 0 0 0 0 0 0 0 0 0 0 0 0 1 0 0
  1 0 0 0 0 0 0 0 0 0 0 0 0 0 0 0 0 0 0 0 0 0 0 0 0 0 0 0 0 1 0 0 0 0 0]
 [0 0 0 0 0 0 0 0 0 0 0 0 0 0 1 0 0 0 0 0 0 1 0 0 0 0 0 0 0 0 0 0 0 0 1 0
  0 0 0 0 0 0 0 0 0 0 0 0 0 0 0 0 0 0 0 1 0 1 0 0 0 0 0 0 0 0 0 0 0 1 0]
 [0 0 0 0 0 1 0 0 0 0 0 0 0 0 0 1 0 0 0 0 0 0 0 0 0 0 0 0 0 1 1 0 0 0 0 0
  0 0 0 0 0 0 0 0 0 0 0 1 0 0 0 0 0 0 0 0 0 0 0 0 0 0 0 0 0 0 1 0 0 0 0]
 [0 0 1 0 0 0 0 1 0 1 0 0 0 0 0 0 0 1 0 0 0 0 0 0 0 0 0 0 0 0 0 0 0 0 0 0
  0 0 0 0 0 0 0 0 1 0 0 0 0 0 0 0 0 0 0 0 0 0 0 0 0 0 0 1 0 0 0 0 0 0 0]
 [0 0 0 0 0 0 1 0 0 0 0 0 0 0 0 0 0 0 0 0 0 0 0 0 0 0 0 0 0 0 0 0 0 0 0 0
  0 0 0 0 0 1 0 1 0 0 0 0 1 0 0 0 1 0 0 0 0 0 0 0 0 0 0 0 0 0 0 1 0 0 1]
 [0 0 0 0 1 0 0 0 0 0 1 0 0 0 0 0 0 0 0 0 0 0 1 0 0 0 1 1 0 0 0 1 0 0 0 0
  0 0 0 0 0 0 0 0 0 0 0 0 0 0 0 0 0 0 0 0 0 0 0 0 0 0 0 0 0 0 0 0 0 0 0]
 [0 0 0 0 0 0 0 0 0 0 0 0 1 0 0 0 1 0 0 1 0 0 0 0 0 0 0 0 0 0 0 0 0 0 0 0
  0 0 0 1 0 0 0 0 0 0 0 0 0 0 0 0 0 1 0 0 1 0 0 1 0 0 0 0 0 0 0 0 0 0 0]
 [0 0 0 0 0 0 0 0 1 0 0 1 0 0 0 0 0 0 0 0 0 0 0 1 0 0 0 0 0 0 0 0 1 0 0 1
  0 1 0 0 0 0 0 0 0 0 1 0 0 0 0 1 0 0 0 0 0 0 0 0 0 0 0 0 0 0 0 0 0 0 0]
 [0 0 0 0 0 0 0 0 0 0 0 0 0 0 0 0 0 0 0 0 0 0 0 0 0 0 0 0 0 0 0 0 0 0 0 0
  0 0 1 0 0 0 0 0 0 0 0 0 0 0 0 0 0 0 0 0 0 0 0 0 1 0 1 0 0 0 0 0 0 0 0]
 [0 0 0 0 0 0 0 0 0 0 0 0 0 0 0 0 0 0 1 0 0 0 0 0 0 0 0 0 0 0 0 0 0 0 0 0
  0 0 0 0 0 0 0 0 0 0 0 0 0 0 0 0 0 0 0 0 0 0 0 0 0 1 0 0 0 0 0 0 0 0 0]]
end
