mac
8
end
job
70
end
fam
12
end
proc_times
[[  0  41  31  33  14  92  73  39  51  61  14  44  26  57  87  23  42  37
   99  83  18  24  43  38  34  38  63  89  62  75  26  34  52  60  68  41
   46  64  64  40  51  42  52  25   9  37  42   8  42 100  12  39  11  92
   78  41  74  94  49  20  13  64  41  75  50  88  57   8  81  93  29]
 [  0  65  97  73  42  48   1  37  78  23   6  89  65  24  29  86  45   2
   81   5   9   4  42  64   6  78  25  34  12  18  90  48  30  73  90  62
   90  16  73  89  18  63   7  92  31  33  76  12   8  30  49  99  92  73
   59  31  37  39  67  83  36  27  42  53  83  52  87  45  62  50   8]
 [  0   8  58   5  21  98  77  18   8  89  75  17  98  69  81  64  64  16
   45  33  44  75  68  77  93  34  20  75  65  62  30  43  28   7  32  28
   37  15  22  95  51  22  36  13  79  93  82  83  53  79   2  57  97  50
   63  67  71  86  12  77  65  56  83  60  87  84  49  67  22  29  98]
 [  0  30  63  87  15   5   1  42   9  30   1  56  22  32  50  38  36  18
   36   2  34  30  39  87  89  81  56  51   5  40  61  17  99  67  61  72
   81  41  44  68  61  66  43  25  34  54  54  31   7  35   4   7  43  98
   37  50  27  27  60  20  85  24  39  90  11   3  34  48  50  72  95]
 [  0  38  29  45  49  92  36  78  91  96  87  34  91  62  40  39  16  27
   84   7  55  85  28  81  69  31  89   1  11   1  93  67 100  22  37  72
   29  68  20  83  27  46  80   1  59  48  51  58  71  10  19  39  57  95
   49  10  57  15  70  92  56  73  45  56   6  16  48  41  61  22  13]
 [  0  46  39  96   2  79   8  15  61 100  67  28  96  64  35  94  58   1
   37  27  71  95  65  63  62   8  19  80  66   2  73  84  68  59  65  48
   57  88  47  75   1  17  77  82  90   1  13  41  70  67  13  25  27  37
   97  68  45  97  77  47  96  99   7  28  75  29   9   2   9  40  33]
 [  0   4  95  47  60  28  67  47   8   7  48  16  61  64  52  79  45  11
   92  56  59  40  61  13  16  64  94  46  94  74  51  91  50  92  62  27
   69  49  19  33  75  67  78  94   2  11  77  37  12  32  56  72  48  93
   99  47   6  14  15  74  44  74  16   3  26  10  90  58  23  36  47]
 [  0  56   3  49  54  85  77  31  59  18  96  15  10  16  39  48  40  17
   90  75  94  57  15  80   5  40  79  11  62  90   9  78  79  96  41  88
   20  76  93  67  62  78  49  58  30  93   3  51  45  91  50  23   7  98
   13  25  31  81  75  66  98  68  38  75  84   2   4  87 100  44  30]]
end
weight
[[ 0 86 22 66 75 95 16 59 54 47  8 79 15 47 27 95 30 36 68 40 25 42 54 94
  52 80 97 68 65 36 71  7 98 20  1 34 53 44 90 97 57 71 73 67 36 63 54 10
  42 46 78  6 22 55 26 14 45 24 80  5 72 45 78  7 26 96 44 26 42 34 76]]
end
setup_times
[[[ 0 39 59 52 50 48 42 37 57 55 33 37 50]
  [ 0  0 30 58 35 39 55 45 50 31 45 47 40]
  [ 0 59  0 32 50 39 48 46 43 42 33 57 39]
  [ 0 39 43  0 59 40 50 47 48 55 34 40 50]
  [ 0 55 53 47  0 49 56 47 38 59 51 56 36]
  [ 0 31 36 35 50  0 56 45 51 36 37 42 41]
  [ 0 56 30 55 33 30  0 56 48 46 33 45 39]
  [ 0 44 43 46 34 54 30  0 36 58 30 50 42]
  [ 0 33 48 45 31 46 41 58  0 43 57 55 32]
  [ 0 54 43 50 31 36 34 32 32  0 32 44 58]
  [ 0 49 32 33 39 44 34 58 39 45  0 55 39]
  [ 0 57 45 49 37 42 44 34 47 36 47  0 32]
  [ 0 51 58 51 53 52 38 43 44 42 46 57  0]]

 [[ 0 30 51 40 55 33 59 34 46 57 51 50 54]
  [ 0  0 51 44 50 50 54 32 32 33 47 38 45]
  [ 0 31  0 58 58 44 39 39 30 59 54 51 50]
  [ 0 44 33  0 38 59 32 46 54 58 52 39 35]
  [ 0 33 54 59  0 47 43 54 46 41 42 53 53]
  [ 0 55 49 52 53  0 33 56 39 53 41 54 38]
  [ 0 58 49 37 44 32  0 59 51 54 50 48 38]
  [ 0 51 43 46 54 54 46  0 33 47 59 45 59]
  [ 0 34 40 41 51 57 48 56  0 57 51 47 57]
  [ 0 36 40 30 48 35 46 38 34  0 57 56 51]
  [ 0 45 54 53 36 30 49 40 33 41  0 46 43]
  [ 0 36 58 49 33 59 49 31 56 46 41  0 38]
  [ 0 58 52 39 54 30 35 42 49 49 37 33  0]]

 [[ 0 43 45 57 51 33 56 44 57 47 59 39 54]
  [ 0  0 58 47 59 35 44 33 51 37 37 36 38]
  [ 0 55  0 44 47 31 37 48 46 58 38 51 53]
  [ 0 32 44  0 36 38 48 30 44 35 54 58 50]
  [ 0 57 50 55  0 45 56 50 33 48 33 58 44]
  [ 0 53 39 38 56  0 53 39 50 49 35 47 54]
  [ 0 52 50 45 40 37  0 38 30 53 56 42 35]
  [ 0 47 33 57 58 44 49  0 56 50 42 51 48]
  [ 0 55 41 30 35 56 41 47  0 46 40 58 59]
  [ 0 51 34 31 30 54 40 48 38  0 56 50 32]
  [ 0 36 50 48 50 58 31 53 34 37  0 30 46]
  [ 0 38 40 30 53 58 42 30 33 57 53  0 47]
  [ 0 58 59 40 35 41 36 32 45 41 53 34  0]]

 [[ 0 40 30 33 53 58 41 46 32 50 50 54 55]
  [ 0  0 47 39 33 53 45 54 55 49 42 54 41]
  [ 0 30  0 42 41 43 52 31 34 31 40 51 38]
  [ 0 38 48  0 38 57 37 49 43 48 39 43 42]
  [ 0 36 32 57  0 41 54 34 36 51 42 53 56]
  [ 0 54 43 52 40  0 46 48 52 41 32 32 40]
  [ 0 59 45 42 58 53  0 39 37 48 46 55 59]
  [ 0 46 32 38 43 38 44  0 35 33 53 48 46]
  [ 0 33 34 36 36 30 48 49  0 31 51 55 57]
  [ 0 55 30 30 44 58 50 37 37  0 51 30 45]
  [ 0 55 56 34 42 51 46 55 54 43  0 36 49]
  [ 0 57 50 45 30 34 35 35 35 45 38  0 58]
  [ 0 59 51 38 38 32 32 43 41 59 45 50  0]]

 [[ 0 42 53 47 32 56 46 52 54 38 53 49 52]
  [ 0  0 52 59 40 36 58 54 47 44 59 49 43]
  [ 0 33  0 37 31 47 48 38 33 56 49 37 55]
  [ 0 37 49  0 47 58 54 51 40 37 39 50 35]
  [ 0 48 53 48  0 52 50 36 56 56 51 45 47]
  [ 0 44 31 33 33  0 34 54 40 55 35 38 33]
  [ 0 48 30 35 55 58  0 52 58 38 41 32 44]
  [ 0 47 34 51 47 35 53  0 52 38 34 30 58]
  [ 0 43 46 34 56 47 31 43  0 45 58 57 53]
  [ 0 37 31 35 30 33 48 52 36  0 44 36 56]
  [ 0 56 58 33 50 37 30 44 39 49  0 40 30]
  [ 0 51 35 59 42 56 50 40 44 42 44  0 36]
  [ 0 38 50 33 32 50 51 41 48 38 54 52  0]]

 [[ 0 52 31 37 52 40 42 38 51 42 40 31 41]
  [ 0  0 58 44 46 32 54 36 54 57 35 39 47]
  [ 0 50  0 58 42 47 47 59 39 33 45 48 44]
  [ 0 31 35  0 47 54 54 38 59 54 32 44 43]
  [ 0 57 39 41  0 35 30 42 38 54 35 46 52]
  [ 0 55 41 50 36  0 39 33 35 45 57 51 46]
  [ 0 57 30 58 42 56  0 31 41 36 40 32 47]
  [ 0 58 53 40 59 50 59  0 52 42 37 34 46]
  [ 0 49 42 45 46 45 54 46  0 41 51 34 41]
  [ 0 48 43 45 30 30 47 49 42  0 56 41 39]
  [ 0 56 39 36 49 34 51 30 56 47  0 58 46]
  [ 0 48 55 54 42 59 42 50 37 48 40  0 48]
  [ 0 51 32 48 59 30 49 58 48 51 32 47  0]]

 [[ 0 46 47 44 52 41 45 30 40 46 53 55 33]
  [ 0  0 44 33 39 31 49 52 53 48 34 37 39]
  [ 0 44  0 34 44 34 57 31 33 55 32 32 47]
  [ 0 45 59  0 50 56 53 59 55 33 33 37 38]
  [ 0 57 43 41  0 30 43 47 42 35 58 40 38]
  [ 0 43 33 38 30  0 57 34 34 50 50 35 38]
  [ 0 37 47 46 49 43  0 35 42 48 44 53 31]
  [ 0 30 48 37 47 33 41  0 46 50 54 46 43]
  [ 0 46 43 30 57 56 48 44  0 54 30 56 51]
  [ 0 55 54 44 31 41 44 58 46  0 46 33 31]
  [ 0 46 33 48 40 53 32 59 49 38  0 44 34]
  [ 0 53 40 57 56 51 52 50 31 59 39  0 55]
  [ 0 59 33 58 31 40 56 49 53 41 50 47  0]]

 [[ 0 54 54 43 44 48 55 59 45 42 44 40 57]
  [ 0  0 53 56 41 59 52 47 55 30 48 37 59]
  [ 0 44  0 35 30 47 57 51 42 35 57 34 36]
  [ 0 52 57  0 46 52 50 52 30 30 42 36 31]
  [ 0 42 35 32  0 42 55 38 35 37 46 38 37]
  [ 0 45 51 57 30  0 37 55 34 40 48 30 59]
  [ 0 58 42 57 41 41  0 46 48 39 37 41 39]
  [ 0 53 55 30 52 45 38  0 47 59 39 43 35]
  [ 0 38 52 40 51 58 39 52  0 54 39 34 52]
  [ 0 52 46 52 42 46 30 55 51  0 59 58 35]
  [ 0 53 32 54 40 30 43 32 58 48  0 45 55]
  [ 0 49 37 39 54 37 30 48 33 45 33  0 33]
  [ 0 54 41 47 35 55 59 44 40 59 38 36  0]]]
end
fixed_cost
[[2211 2237 2255 2213 2251 2226 2201 2233]]
end
unit_cost
[[45 39 34 37 47 43 57 53]]
end
job2fam
[[1 0 0 0 0 0 0 0 0 0 0 0 0 0 0 0 0 0 0 0 0 0 0 0 0 0 0 0 0 0 0 0 0 0 0 0
  0 0 0 0 0 0 0 0 0 0 0 0 0 0 0 0 0 0 0 0 0 0 0 0 0 0 0 0 0 0 0 0 0 0 0]
 [0 0 0 0 0 0 0 0 0 0 0 0 0 1 0 0 0 0 0 0 1 0 0 0 0 0 0 0 0 0 0 0 0 0 0 0
  0 0 0 0 0 0 0 0 0 1 0 0 0 0 0 0 0 0 0 0 0 0 1 0 0 0 0 0 1 0 0 0 0 0 0]
 [0 0 0 0 0 0 0 0 0 0 0 0 0 0 0 0 0 0 0 0 0 0 0 0 1 1 0 0 1 0 0 0 0 0 0 0
  0 0 0 0 1 0 1 0 0 0 0 0 0 1 1 0 0 0 1 0 0 0 0 0 0 0 0 0 0 0 0 0 1 0 0]
 [0 1 0 1 0 0 0 0 0 0 0 0 0 0 0 0 0 0 0 0 0 0 0 0 0 0 0 0 0 0 0 0 0 1 0 0
  1 0 0 0 0 0 0 0 0 0 0 0 0 0 0 0 0 0 0 0 0 0 0 0 0 0 0 0 0 1 0 0 0 0 0]
 [0 0 0 0 0 0 0 0 0 0 0 0 0 0 1 0 0 0 0 0 0 1 0 0 0 0 0 0 0 0 0 0 0 0 1 0
  0 0 0 0 0 0 0 0 0 0 0 0 0 0 0 0 0 0 0 1 0 1 0 0 0 0 0 0 0 0 0 0 0 1 0]
 [0 0 0 0 0 1 0 0 0 0 0 0 0 0 0 1 0 0 0 0 0 0 0 0 0 0 0 0 0 1 1 0 0 0 0 0
  0 0 0 0 0 0 0 0 0 0 0 1 0 0 0 0 0 0 0 0 0 0 0 0 0 0 0 0 0 0 1 0 0 0 0]
 [0 0 1 0 0 0 0 1 0 1 0 0 0 0 0 0 0 1 0 0 0 0 0 0 0 0 0 0 0 0 0 0 0 0 0 0
  0 0 0 0 0 0 0 0 1 0 0 0 0 0 0 0 0 0 0 0 0 0 0 0 0 0 0 1 0 0 0 0 0 0 0]
 [0 0 0 0 0 0 1 0 0 0 0 0 0 0 0 0 0 0 0 0 0 0 0 0 0 0 0 0 0 0 0 0 0 0 0 0
  0 0 0 0 0 1 0 1 0 0 0 0 1 0 0 0 1 0 0 0 0 0 0 0 0 0 0 0 0 0 0 1 0 0 1]
 [0 0 0 0 1 0 0 0 0 0 1 0 0 0 0 0 0 0 0 0 0 0 1 0 0 0 1 1 0 0 0 1 0 0 0 0
  0 0 0 0 0 0 0 0 0 0 0 0 0 0 0 0 0 0 0 0 0 0 0 0 0 0 0 0 0 0 0 0 0 0 0]
 [0 0 0 0 0 0 0 0 0 0 0 0 1 0 0 0 1 0 0 1 0 0 0 0 0 0 0 0 0 0 0 0 0 0 0 0
  0 0 0 1 0 0 0 0 0 0 0 0 0 0 0 0 0 1 0 0 1 0 0 1 0 0 0 0 0 0 0 0 0 0 0]
 [0 0 0 0 0 0 0 0 1 0 0 1 0 0 0 0 0 0 0 0 0 0 0 1 0 0 0 0 0 0 0 0 1 0 0 1
  0 1 0 0 0 0 0 0 0 0 1 0 0 0 0 1 0 0 0 0 0 0 0 0 0 0 0 0 0 0 0 0 0 0 0]
 [0 0 0 0 0 0 0 0 0 0 0 0 0 0 0 0 0 0 0 0 0 0 0 0 0 0 0 0 0 0 0 0 0 0 0 0
  0 0 1 0 0 0 0 0 0 0 0 0 0 0 0 0 0 0 0 0 0 0 0 0 1 0 1 0 0 0 0 0 0 0 0]
 [0 0 0 0 0 0 0 0 0 0 0 0 0 0 0 0 0 0 1 0 0 0 0 0 0 0 0 0 0 0 0 0 0 0 0 0
  0 0 0 0 0 0 0 0 0 0 0 0 0 0 0 0 0 0 0 0 0 0 0 0 0 1 0 0 0 0 0 0 0 0 0]]
end
