mac
8
end
job
80
end
fam
8
end
proc_times
[[  0  96  99  33  11  48  71  58  83  71  70  66  71  82  74  32  62  86
   65   2  32  41  87   7  93  52  74  19  70  83  15  86  84  90   8  78
   19  61  17  45  96  89  96  67  41  92  84  34  82  29  39  51  56  53
   60  88  41  72   9  29  57  72  33  58  91  30  85  28  97  20  93  35
   76  48  37  94  87  72  62  11  51]
 [  0  94  69  19  17  24  43  67  80  28  52  47  86  91  94  68  80  82
   37  44  24  84  75  57  37  65  74  83  28  11  85  45   8  81   1  97
   12  45  23  25   3  80  17  91  64  89  57 100  31  66  92   6  95  88
    5  74  88  53  81  28  71  23  77   7  52  31  36  90  16  65  64  24
   15  50  87  55  92  57  64  49  62]
 [  0  75  72  29  77  70  31  25  23  18  43  85  12   7  27  93   5  93
   59  22  45  22  47  35  84  62  39  98  50  74  95  86  17  57  75  63
   96  29  80  12   1  67  29  91  53  74  55  23  56  30  35  27   1   1
    7  97  78  95  75  89  59   8  64  54  24  13  86   5  10  62  14   6
   64  21  27 100  37  71  67  52  29]
 [  0  22  92  24  96  23  37  58  24  94  25  50  34  93  46   8  27  92
   23  44  53  71   1   5  38  56  81  12  52  90  45  69  72  56  49  37
   41  73  50  75  21  19  30  95  93  92  88  10  66  86  66  34  82  38
   95  91  61   9  97   9  59  48  23   6  35  87  41  38  33  30  40  22
   83  30  52  89  93  56  49   7  49]
 [  0  79  52  66  85  51  19 100  15  61  94   8   8  40  59  26  22   5
   28  65  97   2  50   1  23  53  48  36  29   3  28  61  41  80  22  17
   23  52  49  26  29  25  74  84  90  24  78  52  68  79  85  86  75  82
   32  41  44  40  71  82  20  86  12  55  56  33  36  71   8   5  45  96
   99  71  39  24  12  40  29  54  43]
 [  0  37  12  84   2  94  89  89  19  35  17  33  37  31  26  45  57  70
   64   6  46  82  52 100  81  84  74  38  12   1  38  16   5  51  22  26
   14  95  38  20  79  81  77   1  59  11  85  96  93   9  30  98  48  72
   15  58  71  48  53  77  94  39  45  72  23  15  13  29  48  82  62  24
   76  23  29  92  60  62  30  72 100]
 [  0  83  14  66  91  70  82  65  72  65  63  61  15  14  41  97  28  15
   42  47   6  57  60  25  26  28   6  94  22  30  23  55  71  92  16  20
   58  90  89   4  60  19  88  99  27  36  41  47  66  82  11  47  59  32
   59  17 100   1  46  88  68  81   3  89  43  70   9  11  61  43  80  36
   90  43  86  52  41  72  22  95  30]
 [  0   5  28  59  73  26  58  98  36   9   5  91  45  65  77  60  56  33
   94  22  28  51  99  16  64  78  38   1  13  57  92  77  15  73  58  37
   47  34  25  16  67  21  27  49  34  26  82  90  44  73  13  92  64  56
   90  91  33  69  41  35  42  63  44  82  84  65  99   5  64  75   5  25
   40  26  64  81  88  46  54  29  82]]
end
weight
[[ 0 75 95 84 82 11 61 11 60 72 80 44 56 50 80 37 46 62 95 17 34 17 42 79
  48 83 69 71 17 24 24 68 96  8 94 99 81 22 32 70 59 32 96 18 49 43 15 71
  29 50 56 16 31 33 88 66 91 98 62 87 50 99 86  1 49  3 36 98 83 85 26 81
  59 77 42 49  5 48 91 83 84]]
end
setup_times
[[[ 0 54 38 37 35 33 33 55 50]
  [ 0  0 46 36 49 54 44 32 45]
  [ 0 31  0 38 43 30 54 51 56]
  [ 0 46 50  0 47 31 45 53 46]
  [ 0 36 43 31  0 33 39 49 33]
  [ 0 59 52 43 56  0 33 34 59]
  [ 0 50 45 36 40 38  0 34 58]
  [ 0 46 55 59 40 44 38  0 56]
  [ 0 30 49 57 40 35 52 57  0]]

 [[ 0 58 43 33 56 58 50 51 58]
  [ 0  0 33 46 31 33 37 47 36]
  [ 0 31  0 58 34 45 46 33 59]
  [ 0 53 57  0 53 37 56 33 32]
  [ 0 57 30 51  0 35 56 54 56]
  [ 0 50 38 30 43  0 33 58 36]
  [ 0 38 33 55 38 43  0 54 37]
  [ 0 41 42 41 46 48 45  0 42]
  [ 0 58 57 49 40 43 51 33  0]]

 [[ 0 50 48 37 40 56 46 34 43]
  [ 0  0 50 34 55 38 42 59 58]
  [ 0 55  0 45 33 40 46 55 56]
  [ 0 55 30  0 50 33 46 45 32]
  [ 0 54 30 31  0 59 40 55 33]
  [ 0 32 43 32 53  0 56 51 33]
  [ 0 44 44 57 51 40  0 32 37]
  [ 0 50 37 43 39 54 37  0 30]
  [ 0 38 39 37 41 31 59 31  0]]

 [[ 0 36 49 36 56 41 46 56 30]
  [ 0  0 32 47 44 30 44 31 58]
  [ 0 44  0 56 31 59 30 42 41]
  [ 0 54 49  0 43 42 43 32 31]
  [ 0 38 34 41  0 53 36 44 48]
  [ 0 56 55 56 36  0 46 33 51]
  [ 0 33 58 40 34 35  0 46 41]
  [ 0 39 53 43 58 43 34  0 46]
  [ 0 53 56 59 51 40 30 49  0]]

 [[ 0 35 36 31 51 53 48 34 43]
  [ 0  0 57 32 31 39 55 52 36]
  [ 0 36  0 57 59 42 44 56 34]
  [ 0 54 55  0 44 58 33 48 38]
  [ 0 36 41 50  0 43 49 46 45]
  [ 0 52 58 52 49  0 32 45 48]
  [ 0 44 38 58 50 30  0 37 33]
  [ 0 53 59 55 54 46 56  0 50]
  [ 0 51 45 34 30 58 45 39  0]]

 [[ 0 31 50 39 30 34 41 33 52]
  [ 0  0 33 48 37 39 41 54 47]
  [ 0 59  0 35 56 43 31 59 35]
  [ 0 46 34  0 38 40 39 57 32]
  [ 0 46 43 59  0 56 55 50 40]
  [ 0 40 51 53 38  0 31 35 45]
  [ 0 50 52 47 32 39  0 46 58]
  [ 0 39 37 54 37 34 35  0 32]
  [ 0 56 57 58 55 51 51 44  0]]

 [[ 0 36 42 39 36 44 48 39 47]
  [ 0  0 39 35 39 35 40 44 49]
  [ 0 31  0 45 31 48 40 36 39]
  [ 0 45 57  0 51 47 37 39 43]
  [ 0 31 35 32  0 51 37 44 51]
  [ 0 33 36 59 42  0 53 36 41]
  [ 0 42 36 52 58 55  0 35 30]
  [ 0 43 32 55 45 32 54  0 47]
  [ 0 54 31 32 42 52 38 39  0]]

 [[ 0 45 57 56 50 59 56 56 34]
  [ 0  0 59 50 50 58 42 40 48]
  [ 0 45  0 42 35 44 51 52 49]
  [ 0 30 45  0 58 45 42 41 36]
  [ 0 51 37 48  0 58 57 33 32]
  [ 0 56 37 48 40  0 50 43 33]
  [ 0 43 50 49 36 30  0 50 46]
  [ 0 53 44 44 38 37 48  0 52]
  [ 0 41 53 40 50 48 51 33  0]]]
end
fixed_cost
[[2884 2908 2911 2886 2958 2994 2953 2955]]
end
unit_cost
[[50 55 72 49 52 71 44 65]]
end
job2fam
[[1 0 0 0 0 0 0 0 0 0 0 0 0 0 0 0 0 0 0 0 0 0 0 0 0 0 0 0 0 0 0 0 0 0 0 0
  0 0 0 0 0 0 0 0 0 0 0 0 0 0 0 0 0 0 0 0 0 0 0 0 0 0 0 0 0 0 0 0 0 0 0 0
  0 0 0 0 0 0 0 0 0]
 [0 0 0 0 0 1 0 0 0 0 0 0 1 0 0 1 0 0 1 0 0 0 0 0 0 0 0 0 0 0 0 0 1 0 1 0
  0 0 0 0 0 0 0 0 0 0 0 0 0 0 0 0 0 0 0 0 1 0 1 0 0 0 0 0 0 0 1 0 0 0 0 0
  0 0 0 0 0 0 0 0 0]
 [0 0 0 0 0 0 0 0 0 0 0 0 0 0 0 0 0 1 0 0 0 1 0 0 0 0 0 0 1 0 0 0 0 0 0 0
  0 0 0 0 0 0 0 0 0 0 1 0 0 0 0 0 1 0 0 0 0 0 0 0 0 0 0 1 1 0 0 0 0 0 0 0
  0 0 0 0 0 0 0 0 0]
 [0 0 0 0 0 0 0 0 1 1 0 0 0 0 0 0 0 0 0 0 0 0 0 0 0 1 0 0 0 0 0 0 0 0 0 1
  0 1 1 0 0 1 1 0 0 0 0 0 1 0 0 0 0 0 0 0 0 0 0 0 0 0 0 0 0 0 0 0 1 0 0 0
  0 1 0 1 0 0 0 0 0]
 [0 0 1 0 0 0 0 1 0 0 0 0 0 1 1 0 0 0 0 0 1 0 0 0 0 0 0 0 0 1 0 0 0 1 0 0
  1 0 0 0 0 0 0 0 0 0 0 0 0 0 0 0 0 0 0 1 0 0 0 0 0 0 0 0 0 0 0 1 0 1 0 1
  0 0 0 0 0 1 0 0 0]
 [0 0 0 0 1 0 0 0 0 0 0 0 0 0 0 0 0 0 0 1 0 0 0 0 1 0 0 0 0 0 1 0 0 0 0 0
  0 0 0 0 0 0 0 0 0 1 0 0 0 0 0 0 0 1 0 0 0 0 0 0 0 0 1 0 0 1 0 0 0 0 0 0
  0 0 1 0 0 0 0 0 0]
 [0 0 0 0 0 0 1 0 0 0 0 0 0 0 0 0 1 0 0 0 0 0 0 0 0 0 1 0 0 0 0 0 0 0 0 0
  0 0 0 1 1 0 0 1 0 0 0 0 0 0 0 0 0 0 0 0 0 1 0 0 1 0 0 0 0 0 0 0 0 0 1 0
  1 0 0 0 0 0 0 0 0]
 [0 1 0 0 0 0 0 0 0 0 1 1 0 0 0 0 0 0 0 0 0 0 1 1 0 0 0 1 0 0 0 1 0 0 0 0
  0 0 0 0 0 0 0 0 1 0 0 0 0 1 0 0 0 0 0 0 0 0 0 1 0 0 0 0 0 0 0 0 0 0 0 0
  0 0 0 0 0 0 1 1 0]
 [0 0 0 1 0 0 0 0 0 0 0 0 0 0 0 0 0 0 0 0 0 0 0 0 0 0 0 0 0 0 0 0 0 0 0 0
  0 0 0 0 0 0 0 0 0 0 0 1 0 0 1 1 0 0 1 0 0 0 0 0 0 1 0 0 0 0 0 0 0 0 0 0
  0 0 0 0 1 0 0 0 1]]
end
