mac
8
end
job
80
end
fam
12
end
proc_times
[[  0  41  65  51  53  23  74  48  86  75  42   9  35  96   1  46  28  50
   97  13  19  76  68  17  43  48   3  23  25  84  10  44  76  45  29  80
   99  66  63  70  93  33  28 100  36  90  52  31  50  61  61   7  94  58
   85  60  93  42  11  47  68  85  34   8  23  65  47  16  33  15  33  32
   91  11   5  72  70  46  43  27   9]
 [  0  14  97  14  29   6  31  94  91  58  42   9  27  56  37  38  34  10
   99  88  99  80  65  44  88  89  29  89  85  97  81  57  78  87   7  38
   33   8  34  14  37  16  95  22 100  92  15  36  35  84  41  68  12  57
   19  79  90  89  86  15  44  63  36  18  23   2   7  95  87  22   4  54
   13  87  20  13  89  22  14  49  55]
 [  0  95  74  13  97  18  45  59  35  78  51  17  48  40  54  89  19  46
   36  46   9  76  61  58  89  81  38 100  53  83   3   5  48  40  73  76
   37  88  28  81  90  61  37  37  92  40  44  93  66  11  78  10  10  39
   69  22  50  39  92  21  81  78  76  11  90  88  15  43  62  48  32  70
   21  49   1   5   2  99  79  46  99]
 [  0  55  92  22  81  82  99  26  19  92  15  11  91  47  55  30  95  59
   24  31  58  69  56  29  44 100  34  63  58  22  99  51  74  41  52  48
   16  56  94  73  52  18  75  85  90  92  90   2  63  10  63  47  79  42
   26  29  38  22  59   9  70  70  53  16  54  96  58   7  48  68  83  35
    4  87  14  49  39   1  97  52  86]
 [  0  26   9  25  38  13   5  47  18  74   3   9  76  82  91  39  14  78
   66   7  27  26  21  11  22  82  33  95  84  34  21  45  89  19  86  80
   59  92   8  85  88  49  42  49  10  18  97  78  46  35  11  90  76  87
   50  24  46  48   6 100  28  51  28  60  37  89  56  19  84  30  31  68
   52  86  83  66  62  21  70   1  99]
 [  0  54  68  48   9  76  36  53   5  12  48  21  93  45  75  94  89   5
   48  92  39  31  56  44  32 100  32  30  91  64  23  36  66  50  45  81
   29  73  20  49  39  14  42  65  63   3  28  19  62  58  23   1  51  83
   65  32  98   3  87  62  68  44  76  59  37  82  66  86  57   2  78  15
   98  29   5  87  19  31  18  29  11]
 [  0  65  16  80  90   7  26  53  74  40  80  49  39  89  55  31  16  64
    3  57  33   7  91   8  13  76  58  16  50  99  66  83  87  39  75  72
   77  72  92  36  64   4  34  20  44  44  82  70  96  23  41  61  29  42
    5  87  60  88  78  50  29  12   6  77  65  34  44  69   5  76  63  89
   89  22  28  84  72  90  63  80  59]
 [  0  66  51  59  32  13  45  67  40  18  13  50  36  86  70  66  10  26
   35  63  91  28   7  74  45   8  58  61  63  21  49  82  18  84  62  31
   73  56  42  25  42   3  75  16  79  11  40  78  16  37  98  11  33  33
   36  46  60  19  70   2  98  73  13  35  36  94  48   4   7  14  67  92
   86  27  11   2  79  39  83  50  87]]
end
weight
[[ 0 29 23 50 54 34 60  5 33 20 85 13 23 47  8 46 34 26 35 22 20 87 16 94
  84 59  1 83 86  4 52 76 23 64  1 46 15 63 83 39 37 72 75 24 19 86 45  6
  98 41 92 64 49 47 57 81 88 31 48 56 51 79 69 45 62  4 19  3 22 21 68 75
   8 91 14 45 91 52 46 91 86]]
end
setup_times
[[[ 0 55 46 37 52 42 47 50 53 53 36 43 30]
  [ 0  0 36 36 51 41 53 59 32 50 46 30 49]
  [ 0 53  0 59 57 36 56 43 52 47 30 58 42]
  [ 0 45 55  0 42 41 53 41 56 39 38 51 33]
  [ 0 34 48 34  0 35 56 52 47 42 33 51 55]
  [ 0 41 37 42 32  0 35 32 56 42 49 55 33]
  [ 0 37 50 33 58 36  0 47 51 42 31 58 42]
  [ 0 53 55 48 34 51 51  0 49 47 38 54 55]
  [ 0 52 43 42 54 37 47 56  0 41 41 44 49]
  [ 0 52 58 33 58 55 55 37 32  0 55 46 46]
  [ 0 42 33 35 32 34 34 58 45 42  0 45 44]
  [ 0 58 46 47 53 37 44 49 36 57 39  0 54]
  [ 0 40 34 40 45 54 50 47 57 55 30 50  0]]

 [[ 0 51 59 33 36 44 50 45 48 55 35 49 50]
  [ 0  0 35 34 46 52 37 56 49 51 39 48 57]
  [ 0 46  0 35 31 41 58 34 40 32 40 53 53]
  [ 0 31 33  0 52 33 50 35 37 42 40 33 35]
  [ 0 47 42 58  0 33 55 35 34 31 59 52 58]
  [ 0 54 37 32 31  0 32 57 30 52 35 37 33]
  [ 0 56 50 47 32 39  0 32 53 56 48 34 59]
  [ 0 46 38 49 53 30 32  0 43 46 43 36 53]
  [ 0 30 34 34 58 30 37 46  0 36 39 53 39]
  [ 0 55 56 45 49 36 49 45 50  0 56 45 59]
  [ 0 30 50 35 36 45 59 56 53 31  0 43 54]
  [ 0 45 57 50 43 45 55 47 42 40 31  0 33]
  [ 0 34 38 38 57 47 44 38 38 38 32 35  0]]

 [[ 0 47 43 59 55 52 56 42 54 47 46 33 45]
  [ 0  0 55 46 52 45 49 34 52 31 45 44 50]
  [ 0 35  0 47 50 40 32 53 46 35 55 44 59]
  [ 0 41 52  0 55 45 33 55 41 55 59 48 54]
  [ 0 38 37 51  0 49 39 33 30 30 38 46 33]
  [ 0 51 50 53 36  0 37 43 39 55 54 59 56]
  [ 0 55 41 45 35 51  0 57 38 48 48 36 34]
  [ 0 58 40 33 53 51 46  0 52 32 37 31 58]
  [ 0 36 33 50 34 34 58 37  0 47 49 30 52]
  [ 0 31 53 33 47 54 57 51 34  0 52 52 54]
  [ 0 36 55 56 54 30 55 35 30 41  0 36 33]
  [ 0 40 52 36 39 35 48 49 55 57 35  0 48]
  [ 0 43 31 35 52 54 55 47 37 53 55 52  0]]

 [[ 0 45 30 54 50 51 44 56 41 39 59 39 35]
  [ 0  0 37 37 47 47 55 46 52 57 48 34 34]
  [ 0 33  0 59 50 41 42 51 36 54 53 46 53]
  [ 0 44 35  0 52 58 38 52 51 46 49 48 58]
  [ 0 49 40 52  0 49 57 40 37 56 47 46 57]
  [ 0 50 58 44 38  0 35 40 50 49 40 41 32]
  [ 0 38 45 30 30 33  0 40 40 50 47 41 58]
  [ 0 42 59 55 44 30 59  0 32 45 54 30 51]
  [ 0 59 53 34 37 41 58 41  0 32 34 59 47]
  [ 0 49 33 39 47 47 58 50 33  0 52 55 48]
  [ 0 31 52 43 47 46 38 54 51 53  0 45 48]
  [ 0 40 53 32 33 47 47 54 34 34 36  0 56]
  [ 0 34 37 54 45 39 56 35 32 38 56 59  0]]

 [[ 0 46 53 52 42 49 58 38 31 38 45 56 48]
  [ 0  0 43 38 51 33 57 31 46 53 32 30 38]
  [ 0 44  0 49 55 47 59 33 42 31 40 39 48]
  [ 0 45 55  0 44 35 59 45 51 41 48 57 40]
  [ 0 43 41 37  0 36 36 49 54 33 51 48 57]
  [ 0 34 38 49 55  0 37 34 37 30 55 59 37]
  [ 0 32 35 35 32 43  0 34 57 56 55 53 33]
  [ 0 38 43 53 45 32 35  0 58 59 52 32 42]
  [ 0 32 49 44 30 49 38 49  0 36 46 44 37]
  [ 0 46 43 47 58 39 51 37 48  0 41 40 44]
  [ 0 33 42 48 34 38 44 33 45 44  0 38 52]
  [ 0 33 42 48 59 57 58 51 56 51 53  0 30]
  [ 0 35 35 44 38 46 30 42 57 46 35 31  0]]

 [[ 0 46 36 31 49 44 38 33 40 37 32 34 58]
  [ 0  0 31 33 56 39 41 56 37 30 41 33 42]
  [ 0 50  0 38 42 56 36 56 35 55 54 49 58]
  [ 0 30 43  0 43 47 39 46 39 44 50 35 30]
  [ 0 30 39 56  0 41 39 35 40 40 48 41 45]
  [ 0 31 58 41 46  0 48 53 59 35 53 34 44]
  [ 0 46 47 37 57 53  0 55 59 49 40 50 52]
  [ 0 49 52 56 59 42 51  0 30 40 53 40 32]
  [ 0 57 33 49 52 54 45 46  0 45 48 35 40]
  [ 0 37 53 32 54 58 39 39 30  0 43 34 58]
  [ 0 53 34 50 41 32 50 33 35 59  0 49 40]
  [ 0 44 36 47 37 34 44 33 59 30 54  0 31]
  [ 0 39 49 59 39 57 59 46 32 54 34 46  0]]

 [[ 0 42 51 33 52 50 57 51 34 36 41 55 53]
  [ 0  0 40 32 36 55 41 51 58 43 34 34 33]
  [ 0 34  0 40 47 31 53 34 35 37 55 57 41]
  [ 0 54 38  0 43 36 33 39 57 35 58 33 47]
  [ 0 36 40 45  0 49 33 58 58 33 50 56 56]
  [ 0 57 53 37 36  0 59 44 45 47 30 57 40]
  [ 0 35 39 44 34 48  0 55 56 48 35 52 33]
  [ 0 37 36 46 38 59 34  0 45 52 55 41 39]
  [ 0 31 31 50 58 49 57 31  0 39 31 32 38]
  [ 0 49 59 57 30 31 47 44 35  0 35 49 45]
  [ 0 50 30 38 56 45 46 51 33 31  0 39 44]
  [ 0 45 53 42 49 36 56 51 59 59 43  0 56]
  [ 0 39 55 57 42 39 54 40 36 44 38 46  0]]

 [[ 0 40 56 56 42 33 39 43 46 50 52 48 55]
  [ 0  0 46 52 54 36 51 42 30 43 47 37 39]
  [ 0 53  0 54 49 50 56 58 55 49 37 33 34]
  [ 0 56 33  0 54 56 56 35 53 47 49 41 41]
  [ 0 54 42 36  0 52 57 48 43 56 40 33 38]
  [ 0 35 54 33 59  0 59 31 40 42 38 37 32]
  [ 0 31 51 44 38 32  0 46 47 38 33 53 50]
  [ 0 46 32 35 53 41 48  0 36 56 48 51 36]
  [ 0 45 52 30 46 38 50 38  0 55 50 48 48]
  [ 0 44 59 49 45 34 37 37 49  0 58 40 32]
  [ 0 38 37 58 42 31 42 59 52 45  0 51 50]
  [ 0 56 41 54 40 47 50 32 55 46 58  0 55]
  [ 0 38 36 31 50 51 31 37 31 42 53 39  0]]]
end
fixed_cost
[[2116 2095 2152 2148 2091 2150 2086 2159]]
end
unit_cost
[[39 41 37 47 33 55 48 42]]
end
job2fam
[[1 0 0 0 0 0 0 0 0 0 0 0 0 0 0 0 0 0 0 0 0 0 0 0 0 0 0 0 0 0 0 0 0 0 0 0
  0 0 0 0 0 0 0 0 0 0 0 0 0 0 0 0 0 0 0 0 0 0 0 0 0 0 0 0 0 0 0 0 0 0 0 0
  0 0 0 0 0 0 0 0 0]
 [0 0 1 0 0 0 0 0 0 0 0 0 0 0 1 0 0 0 1 0 0 0 0 1 0 0 0 0 0 0 0 0 0 0 1 0
  0 0 0 0 0 0 0 0 0 0 0 0 0 0 0 0 0 0 0 0 0 0 0 0 0 0 0 0 0 0 0 0 0 0 0 0
  1 0 0 0 0 0 0 0 0]
 [0 0 0 0 1 0 0 0 0 0 0 0 0 0 0 0 0 0 0 0 0 0 0 0 0 0 0 0 0 0 1 1 0 0 0 0
  0 0 0 0 0 0 0 0 0 1 0 0 0 0 0 0 1 0 0 0 0 0 0 0 0 0 0 0 0 0 0 0 0 0 0 0
  0 1 0 0 0 0 0 0 0]
 [0 0 0 0 0 0 0 0 1 0 0 0 0 0 0 0 0 0 0 0 0 1 0 0 0 0 0 0 0 0 0 0 0 0 0 0
  0 0 0 0 0 1 0 0 0 0 0 0 0 0 0 0 0 0 0 0 0 0 0 0 0 0 0 0 0 0 0 0 0 0 0 0
  0 0 0 0 0 0 0 0 0]
 [0 0 0 0 0 0 0 0 0 0 0 0 0 1 0 0 0 0 0 0 0 0 0 0 0 0 0 0 0 1 0 0 0 1 0 0
  0 0 0 0 0 0 0 0 0 0 0 0 0 0 0 0 0 0 0 0 0 0 0 0 0 0 0 0 0 0 0 0 0 0 0 1
  0 0 0 0 1 0 0 1 0]
 [0 0 0 0 0 0 0 0 0 1 0 0 0 0 0 0 0 0 0 0 0 0 0 0 1 0 0 0 0 0 0 0 0 0 0 0
  0 0 0 0 1 0 0 0 0 0 0 0 0 0 0 0 0 0 0 0 0 0 1 0 0 0 1 0 0 0 1 0 0 0 0 0
  0 0 0 0 0 0 0 0 1]
 [0 0 0 0 0 0 0 0 0 0 0 1 0 0 0 0 0 0 0 0 0 0 0 0 0 0 1 0 0 0 0 0 0 0 0 0
  1 1 0 1 0 0 0 0 0 0 1 0 0 0 1 0 0 1 1 0 0 0 0 0 0 0 0 0 0 1 0 1 0 0 0 0
  0 0 0 1 0 0 0 0 0]
 [0 1 0 0 0 1 0 0 0 0 0 0 0 0 0 0 0 1 0 0 0 0 0 0 0 0 0 0 0 0 0 0 0 0 0 1
  0 0 0 0 0 0 0 0 0 0 0 1 1 0 0 0 0 0 0 0 0 0 0 0 1 0 0 0 0 0 0 0 0 0 0 0
  0 0 0 0 0 0 0 0 0]
 [0 0 0 0 0 0 0 0 0 0 1 0 0 0 0 0 0 0 0 0 0 0 0 0 0 0 0 0 0 0 0 0 0 0 0 0
  0 0 0 0 0 0 0 0 0 0 0 0 0 0 0 1 0 0 0 0 0 0 0 0 0 1 0 0 0 0 0 0 1 0 0 0
  0 0 0 0 0 1 0 0 0]
 [0 0 0 0 0 0 0 0 0 0 0 0 1 0 0 0 0 0 0 0 0 0 1 0 0 0 0 0 0 0 0 0 1 0 0 0
  0 0 0 0 0 0 0 0 1 0 0 0 0 1 0 0 0 0 0 0 1 0 0 1 0 0 0 0 0 0 0 0 0 0 0 0
  0 0 0 0 0 0 0 0 0]
 [0 0 0 1 0 0 0 0 0 0 0 0 0 0 0 0 1 0 0 0 1 0 0 0 0 0 0 1 1 0 0 0 0 0 0 0
  0 0 1 0 0 0 1 0 0 0 0 0 0 0 0 0 0 0 0 1 0 0 0 0 0 0 0 0 0 0 0 0 0 1 0 0
  0 0 0 0 0 0 1 0 0]
 [0 0 0 0 0 0 0 0 0 0 0 0 0 0 0 0 0 0 0 1 0 0 0 0 0 0 0 0 0 0 0 0 0 0 0 0
  0 0 0 0 0 0 0 0 0 0 0 0 0 0 0 0 0 0 0 0 0 1 0 0 0 0 0 1 1 0 0 0 0 0 0 0
  0 0 0 0 0 0 0 0 0]
 [0 0 0 0 0 0 1 1 0 0 0 0 0 0 0 1 0 0 0 0 0 0 0 0 0 1 0 0 0 0 0 0 0 0 0 0
  0 0 0 0 0 0 0 1 0 0 0 0 0 0 0 0 0 0 0 0 0 0 0 0 0 0 0 0 0 0 0 0 0 0 1 0
  0 0 1 0 0 0 0 0 0]]
end
