mac
8
end
job
90
end
fam
5
end
proc_times
[[  0  89   1  13   3  24  58  40  52  60  85  13  45  35  98  41   8  85
   68  11  60   1  44  69  75  66   3 100  81  67  36   4  27  32  97  83
    2  36  12  80  45  38  93  35  31  23  27  72  87  44  23  87  72  77
   61  82  97  72  90  29  77  16  79   7   8  27  49  21  18  75  18  14
   59  93   3  60  49  83  26  63  69  89   7  44  77  58  56  56  33  98
   49]
 [  0  17  90  95  40  88 100  17  74  26  55  34  27  56  58  35  63  24
   89  49   6  36  85  15  94  63  88  28  99  72  35  52  96  81  35  10
   49 100  42  57  81  60  14  42  22  66  44  39  99  28  67  79  94  65
   23  52  87  51  77  31  96  76  61  42  79  10  48  67  51  78  35  46
   91   9  11  18  55  43  28   8   1  34  68   1  57  75  85  65   7  85
   12]
 [  0  79  90  86  83  81  97  14  95  84  25  93  41  89  19  14  87  57
   77  95  46  17  41  68   2  51  28  75  96  27  67  86  40  78  13  89
   46  87  70   2  41  20  14   5  87   6  71  89  24  20   6  34  39  50
   78  72  95   8  28  28  39  75  78  92  23  61  48  81   8  26  16  30
   69  11  49  99  59   2  68  33  32  80   5  98  87  53  23  39  12  10
   70]
 [  0  62  46   8  89  90  49  23  23  56  96  17  15  92  54  44  30  24
    8  59  68  97  36  29  57  25  92  54  16  19  37  87  68  77  69  65
   50  94  66  85  12  95  81  57  15  73  26  21  29  40  99   7   3  23
   66  37  10  89  65  32  16   3  34  12  43  18  77  98  53  48  93  17
   56  72  83  86  80  59  93  54  81  70  54  30  17  40  22  28  39  39
   97]
 [  0  10  63  73  77  54  74  16  85  75  17   4  98  37  97  31  68  98
   36  88  39  85  96  48  25  67   4  85  34  46  85  83  30   9  36  33
   91   6  55  28  82  90  55  44  53  26   7  17  42  63  71  90  36  72
   48  99  45  29  12  62  16   3  39  93  16  93  55  60  95  86  99  47
   93  64  45  37  34  78   3  66   4  71  65  49  19   1  50  56  14  16
   63]
 [  0  84  57  52  90   4  22  32  22  14  13  42  54  37  82   5   5  17
   85  23  11  39  58  35  18  26  55  95  34   9  39  65  11  69  19  77
   72  60  86  34  16  63  61  53  81  23  94  63  87  40  89  45   2  56
   75  40   5  97  76  35   2  51  57  82  76  82   5  11   4  31  46  98
   79  95   1   7  14  67  20  93 100  54   1  39  66  31  50  26  87  21
   10]
 [  0  66   7  55   3  69  52   9  18  37   9  77  45   9  54  81  73  55
   34  40  13  39  14  16  60  66 100  73  49  13  97  96  34  42  19  18
   31  52  53  44  23  31  72  94  32   4  93   4  17  12  53  19  46   1
    6   1  76  86  88  51  24  70  29  63  67  60   8  62  45  51  80   6
   52  11  46  67  80  32   6  45  98  38   8  56  70  44  67  66  23   1
   93]
 [  0  84  62  87  77  32   6  89  62  75  28  40  79  21  14  45  93   1
   72  76  16   3  75  93   1  55  97  72  45  66  46  34   1  47  39   7
   35  36  32  51  32   4  79  50  28  70  23  61  40  25   9  60  20   4
   86  87  93 100  94  77  34  94  88  51  68  44  80   8  22  15  45  70
    1 100  47 100  84  21  77  16  28   8  45  80  25  33  26  11  18  95
   11]]
end
weight
[[ 0 67  9  8 42 96 54 94 83 94 92 69 76 52 30 16 36 37 39 88 99  1 60 97
  80 32 49 93 57 92 73 88 69 79 22 24 25 92 94 16 75 52 68 45 64 32 66 66
  25 91 71 68 30 33 17 29 25 85 48 37 14 93 74 24 56 26 71 15 34 10 80  3
  25 31 26 41 47 53 86 79 46 83 53 51 82 46 10 93 63 37 80]]
end
setup_times
[[[ 0 30 47 32 34 43]
  [ 0  0 30 30 32 35]
  [ 0 51  0 49 49 38]
  [ 0 54 34  0 52 45]
  [ 0 38 52 50  0 46]
  [ 0 55 48 53 55  0]]

 [[ 0 54 30 37 53 44]
  [ 0  0 59 48 34 56]
  [ 0 57  0 55 38 40]
  [ 0 34 58  0 50 38]
  [ 0 53 48 50  0 58]
  [ 0 43 43 48 38  0]]

 [[ 0 54 46 46 46 33]
  [ 0  0 55 45 42 45]
  [ 0 57  0 55 42 58]
  [ 0 41 57  0 53 57]
  [ 0 51 33 56  0 30]
  [ 0 33 57 35 44  0]]

 [[ 0 59 45 50 38 54]
  [ 0  0 43 46 58 40]
  [ 0 59  0 30 50 34]
  [ 0 44 59  0 53 50]
  [ 0 47 54 37  0 51]
  [ 0 34 41 58 58  0]]

 [[ 0 39 30 47 48 52]
  [ 0  0 42 50 36 43]
  [ 0 47  0 51 43 59]
  [ 0 51 52  0 46 46]
  [ 0 56 48 31  0 31]
  [ 0 34 33 36 52  0]]

 [[ 0 56 50 53 41 53]
  [ 0  0 51 46 30 47]
  [ 0 49  0 40 47 36]
  [ 0 34 36  0 42 40]
  [ 0 37 41 34  0 57]
  [ 0 44 35 55 50  0]]

 [[ 0 36 44 49 38 32]
  [ 0  0 35 52 56 40]
  [ 0 37  0 41 36 54]
  [ 0 32 41  0 35 31]
  [ 0 38 37 59  0 54]
  [ 0 57 38 31 55  0]]

 [[ 0 33 47 53 40 45]
  [ 0  0 31 56 48 36]
  [ 0 44  0 42 48 32]
  [ 0 36 33  0 38 34]
  [ 0 55 50 42  0 48]
  [ 0 45 48 30 56  0]]]
end
fixed_cost
[[2757 2852 2791 2747 2779 2806 2813 2743]]
end
unit_cost
[[58 70 41 54 49 64 50 66]]
end
job2fam
[[1 0 0 0 0 0 0 0 0 0 0 0 0 0 0 0 0 0 0 0 0 0 0 0 0 0 0 0 0 0 0 0 0 0 0 0
  0 0 0 0 0 0 0 0 0 0 0 0 0 0 0 0 0 0 0 0 0 0 0 0 0 0 0 0 0 0 0 0 0 0 0 0
  0 0 0 0 0 0 0 0 0 0 0 0 0 0 0 0 0 0 0]
 [0 0 1 0 1 0 0 0 0 0 0 0 0 0 0 0 0 0 1 0 0 0 0 1 0 0 0 1 0 0 1 0 0 0 0 0
  0 0 1 0 0 0 1 0 0 0 0 0 1 0 0 0 1 0 0 0 0 0 0 0 0 0 0 0 0 0 0 0 1 0 0 0
  1 0 1 0 0 1 0 1 1 0 1 0 0 0 1 0 0 1 0]
 [0 0 0 0 0 0 0 0 0 0 0 0 1 0 1 0 0 0 0 1 0 0 0 0 0 0 1 0 0 0 0 1 1 0 0 0
  0 0 0 0 0 0 0 0 0 1 0 0 0 1 0 0 0 0 1 0 1 1 1 1 1 0 0 0 0 0 0 0 0 0 1 0
  0 0 0 0 1 0 0 0 0 0 0 0 0 0 0 0 0 0 0]
 [0 1 0 0 0 0 0 1 0 1 1 0 0 1 0 1 0 0 0 0 1 1 1 0 0 0 0 0 0 1 0 0 0 0 1 1
  1 0 0 1 0 0 0 1 0 0 0 0 0 0 0 0 0 0 0 1 0 0 0 0 0 1 0 1 0 1 0 1 0 1 0 0
  0 1 0 0 0 0 1 0 0 1 0 0 0 0 0 1 1 0 1]
 [0 0 0 1 0 1 0 0 1 0 0 0 0 0 0 0 1 1 0 0 0 0 0 0 0 0 0 0 0 0 0 0 0 0 0 0
  0 0 0 0 1 1 0 0 1 0 1 1 0 0 1 1 0 0 0 0 0 0 0 0 0 0 1 0 0 0 1 0 0 0 0 1
  0 0 0 0 0 0 0 0 0 0 0 1 1 0 0 0 0 0 0]
 [0 0 0 0 0 0 1 0 0 0 0 1 0 0 0 0 0 0 0 0 0 0 0 0 1 1 0 0 1 0 0 0 0 1 0 0
  0 1 0 0 0 0 0 0 0 0 0 0 0 0 0 0 0 1 0 0 0 0 0 0 0 0 0 0 1 0 0 0 0 0 0 0
  0 0 0 1 0 0 0 0 0 0 0 0 0 1 0 0 0 0 0]]
end
