mac
8
end
job
90
end
fam
5
end
proc_times
[[  0  39  32  95  81  96   9  57  56   8  79  27  84  34  50  50  43  69
   70  25  58  84   1  67  79  63  43  96  19  61  89  31  96  96  59  57
   87  57  13  28  99  60  76  14   9  60  46  93  38  27  92  96  57  91
    7  21  42  85   9  42  98  32  43  68  33  58  60  40  41  20  70  31
   13  70  20  84  67  59  87  70  12  65  18  32  83  16  74  61  74  15
   61]
 [  0  11  77  58  65  18  82  22  98  13  95  28  47  51  71  61  53  53
   67  56  72  94  61  76  46  95  72  77  18  30  52  41  43  74  52   9
   15  12  89  21  75  88  70  28  71  34  17   2   1  10   4   9   2  11
   42  64  97   6  63  50  54  30   7  57  89   5  39  17  73  49  54  91
   58  93  16  86  41  84  69  90  67  62  15  71  96  26  14  63  32  23
   98]
 [  0   1   3  28  74  85   7  84  96  56  96  38   9  34  55  18  19  22
   77  68  89  37  49   6  85  92  87  98   6  69  82  46  39 100  50  39
   78  27  40  33  90   8  82  96  68  59   9  91  17  54   4  68   4  45
  100  85   1  39  47  96   1  90  75  42 100  93  11  23  35  51  93  33
   65  91  15 100  36  12  97  43  42  92   7   6  58  56  41  37  74  79
    2]
 [  0  17  49  99  53  16  20  26  84  99  51  41  30  28  11  59  63  43
   36  44  75  81  93  61   2  17  37  31  67  49  81  90  87  77  71 100
   80  42  67  43  50 100  71  61   9  34  30  84  53  98  64  33  37  62
   10  87  82  41  95   9  49  48   5  44  19  20  62  38  77  76  58  92
   22  81  78  59  90  12   8  66  77  59  44  89   4  16  58  99  81  66
   46]
 [  0  12  80  28  96  63  10   6  59  46  80  14  16  16  33  91  57  13
   48  79  38  17  75  85  17  39  38  90  87  17  61   1  27  80  44  23
   73  14  25  99  22  50  21  75  96  14  50  86  77  81  13  91  25  80
   69  48  15  76  97  52  96   5  67  34  77  45  92  71  25  60  33  26
   91   6  33  19  64   2  25  47  55  45  98   2  31   4  33  38 100  69
   90]
 [  0  14  15  21  84  20  46  76  23  30  78  55  11  49  13  14  38  87
   82  78  24  51  71  60  98  39   5  96  16   1  26  58  70  77  14  72
   66  87  24  81  61  50  63  61  25  66  66  63  95  38  42  91  34  47
    2   6  36  78  94  59  54  83  50  64  90  33  97  25  62  30  77  54
   23  80  93  61   2   1  35  45  64   8  84  86  16  80  73  26  10   1
   90]
 [  0  77  65  11  59  67  28   8  99  39  54  25  27  97  59  90  37   1
   57  61  59  98  59  84  62  46  20   4  94  93  99  66  56  79  64  21
   20  63  38  55   1  98  18  65  40  84  53  50  28  55  79  28  80  84
   12  44  70  26  14  30  14  59  49  16  85  53  43  34  23  97   9  50
   53  83  80  79  53  29  54  73   5  32  82  28  62   3  84  41  22   2
   39]
 [  0  52  11   4  91  71  59  91  25  97  98  58  44   2  34  55  53  46
   90  30  97  50  64  19  82  93  87  40  50  23  81  93  47  17  10  79
   45  13  54  10  22  72   2  91   4  50  83  81  71  58   3  84  90  48
   41  60  18  94 100  51  72  99  20  20  39  47  92   3  48  38   4  97
   71  87  11  27  62  38  51  96  56   6  12  53  13  91  22  88  10  85
   16]]
end
weight
[[ 0 32  4 87  7  2 56 97 97 85 30 57 48 52 80 33 83 39  8  6 82 70 84 85
  82 80 84 73 28 74 65 59 40 29 73 47 46 92 91 73 95  9 72 96 35 64 97 95
  72 87 21 37 98 67  3 58 59 55 84 53 58 69 98 55 12 99 24 51 10 29 74 68
  13  1 62 59 61 24 75 75 71 63 81 83 58 12 74 84  8 96 57]]
end
setup_times
[[[ 0 57 31 38 47 39]
  [ 0  0 36 48 56 59]
  [ 0 51  0 52 39 44]
  [ 0 56 40  0 35 36]
  [ 0 37 35 33  0 39]
  [ 0 51 58 37 48  0]]

 [[ 0 51 38 56 56 40]
  [ 0  0 42 43 49 35]
  [ 0 35  0 48 42 44]
  [ 0 46 51  0 59 32]
  [ 0 55 55 35  0 42]
  [ 0 41 33 45 43  0]]

 [[ 0 40 58 41 59 56]
  [ 0  0 50 40 37 34]
  [ 0 33  0 40 33 30]
  [ 0 50 59  0 55 53]
  [ 0 36 40 48  0 35]
  [ 0 42 36 41 59  0]]

 [[ 0 49 36 48 59 51]
  [ 0  0 31 55 54 49]
  [ 0 56  0 56 41 45]
  [ 0 49 52  0 39 46]
  [ 0 34 42 52  0 37]
  [ 0 33 56 49 36  0]]

 [[ 0 46 51 58 51 54]
  [ 0  0 56 56 47 55]
  [ 0 48  0 58 41 38]
  [ 0 45 37  0 52 57]
  [ 0 41 59 58  0 40]
  [ 0 53 53 33 56  0]]

 [[ 0 30 49 32 52 36]
  [ 0  0 58 50 49 48]
  [ 0 55  0 31 54 45]
  [ 0 35 32  0 57 54]
  [ 0 35 30 40  0 40]
  [ 0 59 37 48 42  0]]

 [[ 0 54 51 35 50 48]
  [ 0  0 50 46 40 49]
  [ 0 44  0 45 51 34]
  [ 0 38 45  0 36 34]
  [ 0 45 48 58  0 30]
  [ 0 55 48 56 32  0]]

 [[ 0 55 40 36 45 40]
  [ 0  0 50 50 45 35]
  [ 0 42  0 48 40 38]
  [ 0 54 50  0 46 30]
  [ 0 53 40 44  0 45]
  [ 0 43 53 48 33  0]]]
end
fixed_cost
[[3267 3286 3307 3337 3269 3301 3307 3268]]
end
unit_cost
[[66 72 66 71 55 60 54 68]]
end
job2fam
[[1 0 0 0 0 0 0 0 0 0 0 0 0 0 0 0 0 0 0 0 0 0 0 0 0 0 0 0 0 0 0 0 0 0 0 0
  0 0 0 0 0 0 0 0 0 0 0 0 0 0 0 0 0 0 0 0 0 0 0 0 0 0 0 0 0 0 0 0 0 0 0 0
  0 0 0 0 0 0 0 0 0 0 0 0 0 0 0 0 0 0 0]
 [0 0 1 0 1 0 0 0 0 0 0 0 0 0 0 0 0 0 1 0 0 0 0 1 0 0 0 1 0 0 1 0 0 0 0 0
  0 0 1 0 0 0 1 0 0 0 0 0 1 0 0 0 1 0 0 0 0 0 0 0 0 0 0 0 0 0 0 0 1 0 0 0
  1 0 1 0 0 1 0 1 1 0 1 0 0 0 1 0 0 1 0]
 [0 0 0 0 0 0 0 0 0 0 0 0 1 0 1 0 0 0 0 1 0 0 0 0 0 0 1 0 0 0 0 1 1 0 0 0
  0 0 0 0 0 0 0 0 0 1 0 0 0 1 0 0 0 0 1 0 1 1 1 1 1 0 0 0 0 0 0 0 0 0 1 0
  0 0 0 0 1 0 0 0 0 0 0 0 0 0 0 0 0 0 0]
 [0 1 0 0 0 0 0 1 0 1 1 0 0 1 0 1 0 0 0 0 1 1 1 0 0 0 0 0 0 1 0 0 0 0 1 1
  1 0 0 1 0 0 0 1 0 0 0 0 0 0 0 0 0 0 0 1 0 0 0 0 0 1 0 1 0 1 0 1 0 1 0 0
  0 1 0 0 0 0 1 0 0 1 0 0 0 0 0 1 1 0 1]
 [0 0 0 1 0 1 0 0 1 0 0 0 0 0 0 0 1 1 0 0 0 0 0 0 0 0 0 0 0 0 0 0 0 0 0 0
  0 0 0 0 1 1 0 0 1 0 1 1 0 0 1 1 0 0 0 0 0 0 0 0 0 0 1 0 0 0 1 0 0 0 0 1
  0 0 0 0 0 0 0 0 0 0 0 1 1 0 0 0 0 0 0]
 [0 0 0 0 0 0 1 0 0 0 0 1 0 0 0 0 0 0 0 0 0 0 0 0 1 1 0 0 1 0 0 0 0 1 0 0
  0 1 0 0 0 0 0 0 0 0 0 0 0 0 0 0 0 1 0 0 0 0 0 0 0 0 0 0 1 0 0 0 0 0 0 0
  0 0 0 1 0 0 0 0 0 0 0 0 0 1 0 0 0 0 0]]
end
