mac
8
end
job
90
end
fam
8
end
proc_times
[[  0  68  30  66  23  91  41  22  39  86  49  90  75  11  91   7  14  36
    6  55  99  36  39  13  75  87  21  42  50  13  88  79   9  77  90  87
   92  26  32  38  90   5   3   3  75   2  59  81  94  42  51  23  46  23
   31 100  36  48  10  15  80  69   2  99  98  35  39  91  71  74  11  34
   73  35  33   2  14  15  95  40  33  15   8 100  79  87  27  84  25   1
   76]
 [  0  95  62   1  59  89  94  36  95 100  40  16  29  10  66  97  10  17
   81  95   9  71  74  66  53  21  36  88  54  80  50  49  34  99  32  94
    6  40   3  84  15  84  14   2  85  66  54  85  65  86  49  72  73  59
   82  18  32  76   1  60  88  83  17  70   3   9  17  72  89  80  37  65
   55  84  69   5  71  62  65 100  63  27  78  37  55  91   2  54  11  42
   68]
 [  0  55  11  26  15  49  59  34  55  32  53  98  25  56   6  80  64  59
   87  39  89  74  19   8  92  17  85  72  27   9  23  77  25  19  77 100
    9  85  19  62  33  28  82  34  81   5  34   4  92  51  29  39  92  24
   11  83  85   7  26  72  30  90  24  42  43  86  51  79  96  79  25  96
   37  23  94  15  38  19  67  27  52  86  77  62  28  49  11  37  58  99
   77]
 [  0  88  91  34  32  31  88  22  60  96  65  38  56  30  37  12  10  54
   13  51  37  33  47  90  23  67  75  79  81  26  29  63  21  58  99   9
   15  76  84  50   9  54  53  37  67   2  40  37  41  80  67  61  57  87
   96  84  80  97  21  34  97  22  79  34  14  80   5  30  60  94  87   5
   43  12  65  13  45  29  37  15  49   8  42  69  54  35  21  19  59  39
   45]
 [  0  60  63  11  48  59  36  91  27  87  25  18   8  24  37  61  75  52
   98  22  42  74  28   2  55  30  59  78   2  67  98  57  19  16  48  53
   73  50  65  79  14  27  53  49  37  51  41  29  84  74  51  83  28  34
   82  47  76   5  91  92  97   3  10  29 100  49  12  11  70  37  53  81
  100 100  49  51  60  86  34  75  17   7  26  57  15  59  97  78  32  49
   72]
 [  0   3  10  29  60  22  31  45  41  15  53  43  66  81  89  21  15  43
   74  94  64  15  90  36  91  37  21   4  28  32  11  16  54  10  72  53
   12  52  89  11  24  79  47  25  55  45  38  26  40  98  66  18  28  69
   13  79  84  34  93  68  18  99  73  37  96  51  98  50  53  98  97  47
   51  86   2  30  84  26   6  72  88  64  91  44  15  37  23  29  70  12
   73]
 [  0  60  87  16  69  30  56  77  12  25  12  58  55  51  71  37  73  22
    6  33  82  70  12  48  31  94  18  94  23  97  34  19  20  32  68  99
   87  62  75  92  69  86  48  16  19  42  32  78  97  22  75  12  50  37
   37  84  67  11  32  39   9  13  27  18  77  99  11  70  62  75  71  16
   88  96  30  85  12  14  42  71   2  78  52  64 100   8  30  50  28  39
   59]
 [  0  66  37   5  41  27  48  40  39  59  44  74  22  31 100  65  88  50
   55  48   9  26  12  52  74  69  20  36  76  84  88  38  65  75  24  88
    2  95  42  87  35  72  30  20  46  30  57  31  51  17  22  39  32  86
   23  80  74  91  48  86  45  21  64  40  28  70  86  18  56   2  19  73
   72  65  81  84  61  45  48  16  31  21  78  56  28  72  99   9  71  66
   97]]
end
weight
[[ 0 50 59  4 78 67 81 10 28 10 62 70  8 11 99 43 17 81 52 21 33  3 63  7
   3 26 89 17 73 14 47 21 95 58 39 16 72 90  2 34 74 39 76 61 86  7 95 49
  14 16 90 33  8 58 81 86 44 55 94 54  7 82 48 89 34  2 94 83 31  2 52 92
  77 84 38 39 51 76 46 99 65 66  6 91 23 30 73 77 80 36 84]]
end
setup_times
[[[ 0 51 35 49 57 55 48 53 43]
  [ 0  0 44 52 31 38 49 56 37]
  [ 0 36  0 48 32 56 49 59 36]
  [ 0 42 37  0 39 35 51 38 48]
  [ 0 45 40 40  0 35 49 46 43]
  [ 0 51 42 37 56  0 48 35 43]
  [ 0 30 44 51 58 46  0 42 37]
  [ 0 39 38 43 49 33 30  0 53]
  [ 0 32 46 34 44 32 46 45  0]]

 [[ 0 51 56 33 59 34 48 34 34]
  [ 0  0 49 49 42 51 32 37 34]
  [ 0 38  0 55 47 57 58 54 56]
  [ 0 40 50  0 34 46 34 40 55]
  [ 0 43 43 46  0 46 46 44 38]
  [ 0 32 47 41 31  0 58 48 45]
  [ 0 36 49 46 31 44  0 50 35]
  [ 0 56 33 30 39 41 42  0 53]
  [ 0 52 33 48 44 40 45 33  0]]

 [[ 0 40 36 59 39 40 45 49 45]
  [ 0  0 43 47 47 56 57 59 44]
  [ 0 42  0 46 50 55 42 55 51]
  [ 0 54 57  0 47 36 31 57 41]
  [ 0 43 38 48  0 35 45 53 56]
  [ 0 42 55 51 41  0 44 30 34]
  [ 0 47 35 52 52 57  0 51 33]
  [ 0 45 42 52 37 47 37  0 41]
  [ 0 44 54 57 44 50 36 32  0]]

 [[ 0 50 49 36 48 42 38 37 40]
  [ 0  0 51 52 34 34 39 44 33]
  [ 0 34  0 31 54 31 36 59 43]
  [ 0 52 36  0 44 32 33 31 31]
  [ 0 32 43 41  0 52 49 43 59]
  [ 0 46 50 42 41  0 30 34 57]
  [ 0 41 35 30 45 47  0 35 31]
  [ 0 42 48 48 40 30 48  0 32]
  [ 0 33 50 34 35 41 36 39  0]]

 [[ 0 38 39 36 45 31 46 55 59]
  [ 0  0 53 45 51 34 47 58 38]
  [ 0 53  0 37 59 43 34 33 57]
  [ 0 56 45  0 45 49 32 30 45]
  [ 0 36 30 46  0 31 48 35 35]
  [ 0 30 40 32 33  0 50 30 42]
  [ 0 54 39 41 41 30  0 58 35]
  [ 0 40 37 52 49 41 31  0 38]
  [ 0 48 52 31 30 40 38 52  0]]

 [[ 0 34 40 48 38 37 39 45 40]
  [ 0  0 48 33 59 57 37 54 35]
  [ 0 39  0 38 35 39 34 32 34]
  [ 0 48 44  0 51 33 33 33 38]
  [ 0 50 47 38  0 55 35 35 42]
  [ 0 52 54 49 55  0 52 39 56]
  [ 0 46 38 51 44 45  0 32 53]
  [ 0 38 51 45 53 45 40  0 35]
  [ 0 39 51 48 50 33 32 37  0]]

 [[ 0 48 33 55 40 48 43 47 50]
  [ 0  0 57 43 43 30 56 48 35]
  [ 0 31  0 38 38 52 57 39 52]
  [ 0 42 55  0 50 38 36 59 56]
  [ 0 55 58 47  0 30 53 51 39]
  [ 0 39 33 54 38  0 46 37 52]
  [ 0 36 38 51 36 34  0 58 35]
  [ 0 57 38 53 31 57 48  0 40]
  [ 0 57 49 54 56 53 49 54  0]]

 [[ 0 47 37 30 50 58 45 30 52]
  [ 0  0 50 46 55 59 45 50 55]
  [ 0 34  0 40 51 58 39 54 38]
  [ 0 40 40  0 51 44 32 33 58]
  [ 0 58 49 51  0 38 46 35 54]
  [ 0 38 57 54 35  0 40 33 53]
  [ 0 57 59 53 56 52  0 38 53]
  [ 0 47 57 52 32 40 56  0 38]
  [ 0 50 41 47 50 30 34 47  0]]]
end
fixed_cost
[[2789 2797 2718 2786 2755 2723 2809 2812]]
end
unit_cost
[[46 62 63 43 53 63 53 57]]
end
job2fam
[[1 0 0 0 0 0 0 0 0 0 0 0 0 0 0 0 0 0 0 0 0 0 0 0 0 0 0 0 0 0 0 0 0 0 0 0
  0 0 0 0 0 0 0 0 0 0 0 0 0 0 0 0 0 0 0 0 0 0 0 0 0 0 0 0 0 0 0 0 0 0 0 0
  0 0 0 0 0 0 0 0 0 0 0 0 0 0 0 0 0 0 0]
 [0 1 0 0 0 0 0 1 0 0 0 0 0 0 0 0 0 0 0 0 1 1 0 0 0 1 0 1 0 0 0 0 0 0 0 0
  0 0 0 0 0 0 0 0 0 0 0 0 0 0 0 0 0 0 0 0 0 1 0 0 0 0 0 0 1 0 0 0 0 0 0 0
  1 0 0 1 0 0 0 1 0 1 1 0 0 0 0 0 0 0 0]
 [0 0 0 0 0 0 0 0 0 0 0 1 0 0 0 0 0 0 0 0 0 0 0 0 0 0 0 0 0 0 0 0 0 0 0 0
  0 0 1 0 0 0 0 0 0 0 0 0 1 0 0 0 1 0 0 0 1 0 0 1 0 0 0 0 0 0 0 0 0 0 0 0
  0 0 1 0 1 0 0 0 0 0 0 1 0 0 0 0 1 0 0]
 [0 0 0 0 1 0 0 0 0 0 1 0 0 0 0 0 0 0 0 0 0 0 0 0 0 0 0 0 0 0 0 0 0 0 0 0
  0 0 0 1 0 0 1 0 0 0 0 1 0 1 0 0 0 0 1 1 0 0 0 0 0 0 0 0 0 0 0 1 0 0 0 0
  0 0 0 0 0 0 0 0 0 0 0 0 1 0 0 0 0 0 1]
 [0 0 0 1 0 0 1 0 0 1 0 0 0 0 1 0 1 0 0 0 0 0 0 1 0 0 1 0 0 1 0 1 0 0 0 1
  1 0 0 0 0 0 0 0 0 0 0 0 0 0 0 1 0 0 0 0 0 0 1 0 0 0 0 0 0 0 0 0 1 0 0 0
  0 1 0 0 0 0 1 0 0 0 0 0 0 0 0 0 0 0 0]
 [0 0 0 0 0 0 0 0 1 0 0 0 1 1 0 1 0 0 0 0 0 0 0 0 0 0 0 0 1 0 1 0 0 1 0 0
  0 0 0 0 1 0 0 1 0 0 0 0 0 0 0 0 0 0 0 0 0 0 0 0 1 0 0 0 0 0 0 0 0 0 1 0
  0 0 0 0 0 0 0 0 0 0 0 0 0 0 0 0 0 0 0]
 [0 0 0 0 0 0 0 0 0 0 0 0 0 0 0 0 0 1 0 0 0 0 0 0 0 0 0 0 0 0 0 0 1 0 0 0
  0 0 0 0 0 0 0 0 1 1 0 0 0 0 1 0 0 1 0 0 0 0 0 0 0 1 1 1 0 0 0 0 0 1 0 0
  0 0 0 0 0 0 0 0 1 0 0 0 0 0 0 0 0 1 0]
 [0 0 0 0 0 1 0 0 0 0 0 0 0 0 0 0 0 0 1 1 0 0 1 0 0 0 0 0 0 0 0 0 0 0 1 0
  0 0 0 0 0 0 0 0 0 0 1 0 0 0 0 0 0 0 0 0 0 0 0 0 0 0 0 0 0 0 1 0 0 0 0 0
  0 0 0 0 0 1 0 0 0 0 0 0 0 0 0 1 0 0 0]
 [0 0 1 0 0 0 0 0 0 0 0 0 0 0 0 0 0 0 0 0 0 0 0 0 1 0 0 0 0 0 0 0 0 0 0 0
  0 1 0 0 0 1 0 0 0 0 0 0 0 0 0 0 0 0 0 0 0 0 0 0 0 0 0 0 0 1 0 0 0 0 0 1
  0 0 0 0 0 0 0 0 0 0 0 0 0 1 1 0 0 0 0]]
end
