mac
8
end
job
90
end
fam
5
end
proc_times
[[  0  71  18  37  62  61  33  63  89  96  30  16  83  37  62  33  54  21
   88  63  67  89  22  45  79  18  12  46  53  98  34  38  45  68  27  56
    1  89  23  20  30  44   6  21  24 100  79  96  78  95  10  67  26   3
   54  62  66  25  94  45  44  10  32  17  81  52  23   3   5  23  51  68
   90  68   2   4  65  88  94  90  99  66  35  71  23  33  74  31  99  81
   96]
 [  0   4  12   9  80  95  44   2  30   2  70  25  35  10  84  67  68  68
   21  26  36  89  20  82  91  64  59   3  31  89  22  29  58  82  78  57
   50  63  43   2  42  24  30  42  95  70  47  58  65  99  58  91  47  69
   36  25  46  12  30  72  35  31  48  46  81  32  45  20  40  81  37  93
   38  78  61  84  82  29  81  10  23  60  72  10  16  81  57  52  39   5
    8]
 [  0  83  25  50  86  20  22  15   5  41  89  81  89   2  45  29  96   2
   60  90   3  20  12  84  37  95  97  64  69  97  43  25  20  88  21  33
   82  65   8  77  40  32  13  47  22  69   2  19  48  99  12  42  28  68
   22  87  89  71  84  60  40  60  63  77  99   3  13  51   3  41  31  77
   19   5  30  41  36  95  45  51  48   3  95  87  39  48   7  21  92  87
   26]
 [  0  64  40  64  15   2  75   6  16  16  11  55  56  25  77  25  83  91
   74  15  56  43  52  34   5  85  28  79  33  46  72  27  82  52  74   1
   82  80   9  90  76   7  87  28  37  25  90  82  74  15  11  78  97  64
   33  89   3  72   1  33  43  30  27  34   7  73  15  11  63  38  34  77
   47  39  56  49  11  20  94  24  24  35  13  11  31  83   2  44   9  28
   52]
 [  0  51  31  96  42   2  67  10  95  78  36  14  12  99  43  37  16   6
   54   7  72  60  45  68  23  44  94  29  25   5  80  96  94  96   9  45
   92  30   9  76  37  43  47  92  59   1  51  63  50  56  38  86  24  19
   49   6  74  27  12  70  25  39  19  82  94  65  94  36  67  82  24  44
   46  63  28  11  39  84  71  83  41   7   1  58  28  67  41  90  64  28
   61]
 [  0  88   5  25  20   2  73  80  44  29  73  28  55  65  44  34   4  57
   46  61  47  16  76  53  27  68 100  36  68  85  19  95  64  58  32  82
   16  36  50  44   1  19  90  75 100  84  69  21   9  65  27  21  11  14
   90  36  94  71  78  94  85  89  46  47  16   7  88  25  93  36  10  47
   86  57  47  33  55  96  17  80  11  98  24   9  57  71  74  81  24  41
   90]
 [  0   6  37  94  67  92  49  69  86  38  50  41  78  74  74  39   6  75
   78  89  84  33  10  90  10  22  66  22  77  93  63  27  49  73  85  41
   15  83  16  40  68  46  30  66  22  10  92  21  86  24  92  14  49  80
   41  31  58  93   6  90  77  52  24  89  94  42  17  29  98  17  69  55
   32  20  14  10  12  52  72  33  70  92  37  53  29  41   1  68  93  15
   23]
 [  0  44  96  36  37  71   4  46  39  85  37   5  79  52  53  28  16   9
   55  85  95  34  82  52  35  20   7  84  90  12   4  11  62  95  12  41
    5  77  56  58  77  23  23  67  86  19  97  87  43  10  62   9  79   6
   85  53  35  48  88   5  92  96  67  45  49  72  88 100  47  83   3  67
   52  51  56  84  25  16   1  58  76  99  94  32  56  48  21  67   4  68
    9]]
end
weight
[[ 0 95  8 61 45 50 73  8 50 31 80 17 76 37 97 80 24 41 72 27 96 86 91 74
  20  5 54 71 36 56 21 60 36 38 94  8 34 11 41 75 63 70 28 10 22  1 73  1
  41 22  2 73 95  8 24 21 19 75 69 93 14 45 58 83 39 74 16 94 11 76 93 62
  69 55 98 80 85 41 31  8 72 13 27 96 39 85 60  1 93 28 37]]
end
setup_times
[[[ 0 42 40 35 32 37]
  [ 0  0 44 31 31 57]
  [ 0 57  0 47 49 54]
  [ 0 30 55  0 47 38]
  [ 0 56 56 51  0 50]
  [ 0 35 34 48 55  0]]

 [[ 0 49 33 37 30 42]
  [ 0  0 33 55 45 47]
  [ 0 45  0 37 45 41]
  [ 0 42 35  0 42 36]
  [ 0 59 53 32  0 31]
  [ 0 32 40 42 32  0]]

 [[ 0 57 53 49 50 31]
  [ 0  0 48 49 39 40]
  [ 0 53  0 41 33 47]
  [ 0 37 38  0 57 59]
  [ 0 59 31 56  0 47]
  [ 0 39 40 36 33  0]]

 [[ 0 57 38 40 53 32]
  [ 0  0 50 54 38 50]
  [ 0 51  0 47 45 37]
  [ 0 31 42  0 34 37]
  [ 0 40 33 40  0 37]
  [ 0 33 40 44 46  0]]

 [[ 0 54 36 44 55 30]
  [ 0  0 35 43 32 38]
  [ 0 56  0 41 52 55]
  [ 0 32 32  0 33 43]
  [ 0 53 50 48  0 52]
  [ 0 59 32 30 34  0]]

 [[ 0 50 42 44 36 50]
  [ 0  0 58 30 33 48]
  [ 0 36  0 38 40 30]
  [ 0 38 48  0 44 44]
  [ 0 46 50 35  0 47]
  [ 0 58 37 34 52  0]]

 [[ 0 49 47 56 48 36]
  [ 0  0 59 42 43 44]
  [ 0 58  0 31 50 40]
  [ 0 37 42  0 49 37]
  [ 0 58 53 59  0 53]
  [ 0 46 59 33 35  0]]

 [[ 0 49 47 49 40 45]
  [ 0  0 40 36 36 53]
  [ 0 54  0 39 47 31]
  [ 0 54 41  0 55 58]
  [ 0 45 32 49  0 49]
  [ 0 54 33 52 56  0]]]
end
fixed_cost
[[2238 2313 2298 2312 2325 2288 2281 2294]]
end
unit_cost
[[45 40 50 36 46 61 40 53]]
end
job2fam
[[1 0 0 0 0 0 0 0 0 0 0 0 0 0 0 0 0 0 0 0 0 0 0 0 0 0 0 0 0 0 0 0 0 0 0 0
  0 0 0 0 0 0 0 0 0 0 0 0 0 0 0 0 0 0 0 0 0 0 0 0 0 0 0 0 0 0 0 0 0 0 0 0
  0 0 0 0 0 0 0 0 0 0 0 0 0 0 0 0 0 0 0]
 [0 0 1 0 1 0 0 0 0 0 0 0 0 0 0 0 0 0 1 0 0 0 0 1 0 0 0 1 0 0 1 0 0 0 0 0
  0 0 1 0 0 0 1 0 0 0 0 0 1 0 0 0 1 0 0 0 0 0 0 0 0 0 0 0 0 0 0 0 1 0 0 0
  1 0 1 0 0 1 0 1 1 0 1 0 0 0 1 0 0 1 0]
 [0 0 0 0 0 0 0 0 0 0 0 0 1 0 1 0 0 0 0 1 0 0 0 0 0 0 1 0 0 0 0 1 1 0 0 0
  0 0 0 0 0 0 0 0 0 1 0 0 0 1 0 0 0 0 1 0 1 1 1 1 1 0 0 0 0 0 0 0 0 0 1 0
  0 0 0 0 1 0 0 0 0 0 0 0 0 0 0 0 0 0 0]
 [0 1 0 0 0 0 0 1 0 1 1 0 0 1 0 1 0 0 0 0 1 1 1 0 0 0 0 0 0 1 0 0 0 0 1 1
  1 0 0 1 0 0 0 1 0 0 0 0 0 0 0 0 0 0 0 1 0 0 0 0 0 1 0 1 0 1 0 1 0 1 0 0
  0 1 0 0 0 0 1 0 0 1 0 0 0 0 0 1 1 0 1]
 [0 0 0 1 0 1 0 0 1 0 0 0 0 0 0 0 1 1 0 0 0 0 0 0 0 0 0 0 0 0 0 0 0 0 0 0
  0 0 0 0 1 1 0 0 1 0 1 1 0 0 1 1 0 0 0 0 0 0 0 0 0 0 1 0 0 0 1 0 0 0 0 1
  0 0 0 0 0 0 0 0 0 0 0 1 1 0 0 0 0 0 0]
 [0 0 0 0 0 0 1 0 0 0 0 1 0 0 0 0 0 0 0 0 0 0 0 0 1 1 0 0 1 0 0 0 0 1 0 0
  0 1 0 0 0 0 0 0 0 0 0 0 0 0 0 0 0 1 0 0 0 0 0 0 0 0 0 0 1 0 0 0 0 0 0 0
  0 0 0 1 0 0 0 0 0 0 0 0 0 1 0 0 0 0 0]]
end
