mac
8
end
job
90
end
fam
8
end
proc_times
[[  0  90  41  39  29   5  66  76  84  60  67  97  57  14  12  99  89  68
   27  37  48  24  71  68  29   3  88  41  92  82  22  60  26  65   1   9
   16  33  50  81  12  59  91  78  11  61  65  88  81  80   3  31  99  88
   75  70  94  69  28  74  31  82  97  93  54  35  55  27  33  28  99  34
   58  71  46  17  97  53  66  88   4  20  25  33  52  55   7  68  83  78
   50]
 [  0  30  75  72   8  42  73  20  81  42  29  55  14  93  26  57  78  68
   68   1  98  43  47  18  22   5   6  95  53   5  78  29  82  53  59  10
   33  70  80  95  67  65  76  30  68  95  94  54  20  24  62  31  94  16
   93  46  45  10 100   4  47   5  52  38  36  56   7 100  40  72  52  55
   22  61  98  52  48  80  40  10  58  42  88  49  81  17  34  60  47  28
   28]
 [  0  78   3  13  68  84  82  70  49  43  86  15  82   9  62  86  71  47
   74  24  59  15  61  46  11  48  40  38  28  90  14   9  71  63  64  10
    1  15  16  14  54  30  30  23  93  57  26  19  60  25  39  43  41  24
   87   3  85  87  38   7  34  32  95  23  16  44  40   7  31  37  40  67
   58  67  13   6  84  19  88  93  49  93  30  22  38   9  14  48  12   4
   73]
 [  0  80  66  69   7  45  44  95  52  83  92  47  33  32  92  44  60  65
   91  68 100   9  33  32   1  59  31  96  47  51  77  27  17  61  20  76
   97   1  53  82  93  76  63  45  41  87  15  84  20  61   3  62  85  51
   13  18  72  74  53  36  32   3  70  42  17  21  87  53  32  58  28  93
   18  15  11  70  87  32   3  98  78  82  95   7   9  13  19   4  47  19
   26]
 [  0  28  89   7  98   5  90  83  82  61  65  50  36  79  14  82  97 100
   41  69  57   5  35  34  40   2  81  25  77  94  92  85  72  53  82  25
   73  36  39  23  67  53  80  65  48  28  75  47  72   8  34  33  30  76
    7  84  81   9  52  43   6  71  90  82  35  54  92  91  63  84  49  75
   43  67  87  82  77  21  75   6  46  17  63  38  77  70  63  56  54  47
   94]
 [  0  14  65  11  10  73  26  91  34  32  95  63  46  33  88  51  40  45
   33  93   9  13  95  35 100  66  81  92   1  96  58  89  12  36  86  96
   69  31  84  41  67  24  60  14  37  77  44  94   6  64  31  37  30  98
   94  87  98  49  23  60  72  69  40  57   4   2   1  23  77  88  51  82
    6  54 100  62   2  22   2  36  76  16  22  78  38  56  63  64  10  98
   52]
 [  0  46  21  21  26  68  25  41  80  83  69  89  90  59  75  87  44  86
   41  18   8  31  94  65  93  51  35   6  76  43  22  34  74  59  63  14
   56   5  84  40  19  90  24  48  68  31   5  25  10  23  91  20  88  56
   50  81  46  90  53  99  50   9  21  99  81  46  16   8  87  54  69  97
   37  60  80   3  33  87  30  15  99  88  35  12  27  91  43  98  46  50
   73]
 [  0  70  25  17   9  46  22  91  30   8  90  21  71  16  62  59  89  94
   28  21  69  62  73  23  91  29  14  39  34  27  84  48   5  92  41  17
   24  18  62  97  65  56  22  70  68  47  47   9  40  47  70  40  35  39
   59  19  14  28  79  93  79  27  89  44  40  37  84  45  21  18  34   1
   61  93  31   5  11   4  65  28  40  66  79  74  32  38  27   5  80  82
   43]]
end
weight
[[ 0  1 82 90 76 11 29 67 99 73 10 81 49 46 27 24 90 57 59 50  9 99 23 28
  33 10 33 59 67 99 40 18 35 51 40 65 45 28 95 21 40 45 54 94  3 94 71 25
  72 28 10 26 18 69 17 26 64 23 58 54  1 37 60 27  5 95 10 74 25 68 74 83
  55 24 38 48 11 93 31 28 13 44 92 78 19 73 16 23 92 32 20]]
end
setup_times
[[[ 0 33 32 47 40 39 41 45 54]
  [ 0  0 57 48 40 51 44 31 54]
  [ 0 52  0 32 55 46 47 58 55]
  [ 0 47 39  0 56 32 43 56 55]
  [ 0 37 44 35  0 33 56 52 38]
  [ 0 56 35 36 36  0 36 48 49]
  [ 0 40 40 38 31 45  0 39 54]
  [ 0 48 59 43 48 39 42  0 46]
  [ 0 54 56 33 56 49 54 38  0]]

 [[ 0 37 40 51 30 31 54 34 58]
  [ 0  0 52 54 37 32 32 35 52]
  [ 0 31  0 36 59 53 59 32 41]
  [ 0 56 55  0 35 45 55 50 30]
  [ 0 46 39 32  0 53 39 40 46]
  [ 0 53 41 33 57  0 40 58 59]
  [ 0 39 37 34 57 34  0 37 58]
  [ 0 47 41 43 53 43 30  0 32]
  [ 0 43 49 52 51 52 59 34  0]]

 [[ 0 34 45 46 47 55 48 35 44]
  [ 0  0 43 38 48 57 32 52 46]
  [ 0 41  0 41 51 40 33 33 47]
  [ 0 45 42  0 52 57 38 52 52]
  [ 0 57 31 51  0 44 59 31 30]
  [ 0 33 30 45 59  0 58 57 38]
  [ 0 33 53 46 38 53  0 45 32]
  [ 0 48 55 53 56 38 58  0 39]
  [ 0 59 34 48 40 53 44 46  0]]

 [[ 0 45 36 55 56 39 54 34 55]
  [ 0  0 41 31 41 42 43 31 40]
  [ 0 34  0 38 33 59 57 37 40]
  [ 0 37 35  0 57 43 49 47 41]
  [ 0 53 30 54  0 42 46 51 38]
  [ 0 59 40 40 38  0 53 34 37]
  [ 0 59 34 31 33 50  0 45 49]
  [ 0 55 36 32 34 41 35  0 39]
  [ 0 48 32 54 40 44 48 53  0]]

 [[ 0 37 41 44 32 32 36 54 36]
  [ 0  0 42 38 42 49 56 42 31]
  [ 0 45  0 54 50 30 51 56 35]
  [ 0 34 36  0 57 31 41 30 48]
  [ 0 41 35 40  0 41 31 34 37]
  [ 0 34 59 42 40  0 50 32 39]
  [ 0 47 35 51 52 35  0 37 55]
  [ 0 46 42 51 34 44 38  0 31]
  [ 0 32 53 53 41 35 46 31  0]]

 [[ 0 55 48 42 55 32 58 35 53]
  [ 0  0 49 40 31 30 41 42 49]
  [ 0 32  0 45 30 55 52 48 35]
  [ 0 53 57  0 56 46 44 53 41]
  [ 0 40 52 55  0 36 49 42 39]
  [ 0 42 52 31 45  0 47 39 37]
  [ 0 46 31 49 43 45  0 59 52]
  [ 0 48 32 35 33 42 52  0 38]
  [ 0 48 54 42 32 34 38 38  0]]

 [[ 0 42 53 57 37 39 35 31 32]
  [ 0  0 55 48 36 33 58 56 49]
  [ 0 35  0 33 30 42 32 38 48]
  [ 0 46 57  0 41 58 57 36 54]
  [ 0 53 38 52  0 35 57 38 37]
  [ 0 49 43 39 38  0 59 43 30]
  [ 0 42 36 56 31 30  0 43 42]
  [ 0 51 50 34 39 32 49  0 52]
  [ 0 47 53 49 38 49 40 34  0]]

 [[ 0 38 42 54 47 32 33 46 32]
  [ 0  0 42 47 38 43 34 49 33]
  [ 0 36  0 34 38 34 45 45 57]
  [ 0 30 48  0 52 46 51 49 57]
  [ 0 54 44 36  0 52 41 49 50]
  [ 0 49 34 57 50  0 51 39 33]
  [ 0 59 47 30 42 45  0 31 31]
  [ 0 43 53 58 37 52 55  0 51]
  [ 0 33 35 30 53 35 31 36  0]]]
end
fixed_cost
[[2359 2397 2374 2427 2405 2395 2396 2370]]
end
unit_cost
[[34 45 56 46 31 57 54 60]]
end
job2fam
[[1 0 0 0 0 0 0 0 0 0 0 0 0 0 0 0 0 0 0 0 0 0 0 0 0 0 0 0 0 0 0 0 0 0 0 0
  0 0 0 0 0 0 0 0 0 0 0 0 0 0 0 0 0 0 0 0 0 0 0 0 0 0 0 0 0 0 0 0 0 0 0 0
  0 0 0 0 0 0 0 0 0 0 0 0 0 0 0 0 0 0 0]
 [0 1 0 0 0 0 0 1 0 0 0 0 0 0 0 0 0 0 0 0 1 1 0 0 0 1 0 1 0 0 0 0 0 0 0 0
  0 0 0 0 0 0 0 0 0 0 0 0 0 0 0 0 0 0 0 0 0 1 0 0 0 0 0 0 1 0 0 0 0 0 0 0
  1 0 0 1 0 0 0 1 0 1 1 0 0 0 0 0 0 0 0]
 [0 0 0 0 0 0 0 0 0 0 0 1 0 0 0 0 0 0 0 0 0 0 0 0 0 0 0 0 0 0 0 0 0 0 0 0
  0 0 1 0 0 0 0 0 0 0 0 0 1 0 0 0 1 0 0 0 1 0 0 1 0 0 0 0 0 0 0 0 0 0 0 0
  0 0 1 0 1 0 0 0 0 0 0 1 0 0 0 0 1 0 0]
 [0 0 0 0 1 0 0 0 0 0 1 0 0 0 0 0 0 0 0 0 0 0 0 0 0 0 0 0 0 0 0 0 0 0 0 0
  0 0 0 1 0 0 1 0 0 0 0 1 0 1 0 0 0 0 1 1 0 0 0 0 0 0 0 0 0 0 0 1 0 0 0 0
  0 0 0 0 0 0 0 0 0 0 0 0 1 0 0 0 0 0 1]
 [0 0 0 1 0 0 1 0 0 1 0 0 0 0 1 0 1 0 0 0 0 0 0 1 0 0 1 0 0 1 0 1 0 0 0 1
  1 0 0 0 0 0 0 0 0 0 0 0 0 0 0 1 0 0 0 0 0 0 1 0 0 0 0 0 0 0 0 0 1 0 0 0
  0 1 0 0 0 0 1 0 0 0 0 0 0 0 0 0 0 0 0]
 [0 0 0 0 0 0 0 0 1 0 0 0 1 1 0 1 0 0 0 0 0 0 0 0 0 0 0 0 1 0 1 0 0 1 0 0
  0 0 0 0 1 0 0 1 0 0 0 0 0 0 0 0 0 0 0 0 0 0 0 0 1 0 0 0 0 0 0 0 0 0 1 0
  0 0 0 0 0 0 0 0 0 0 0 0 0 0 0 0 0 0 0]
 [0 0 0 0 0 0 0 0 0 0 0 0 0 0 0 0 0 1 0 0 0 0 0 0 0 0 0 0 0 0 0 0 1 0 0 0
  0 0 0 0 0 0 0 0 1 1 0 0 0 0 1 0 0 1 0 0 0 0 0 0 0 1 1 1 0 0 0 0 0 1 0 0
  0 0 0 0 0 0 0 0 1 0 0 0 0 0 0 0 0 1 0]
 [0 0 0 0 0 1 0 0 0 0 0 0 0 0 0 0 0 0 1 1 0 0 1 0 0 0 0 0 0 0 0 0 0 0 1 0
  0 0 0 0 0 0 0 0 0 0 1 0 0 0 0 0 0 0 0 0 0 0 0 0 0 0 0 0 0 0 1 0 0 0 0 0
  0 0 0 0 0 1 0 0 0 0 0 0 0 0 0 1 0 0 0]
 [0 0 1 0 0 0 0 0 0 0 0 0 0 0 0 0 0 0 0 0 0 0 0 0 1 0 0 0 0 0 0 0 0 0 0 0
  0 1 0 0 0 1 0 0 0 0 0 0 0 0 0 0 0 0 0 0 0 0 0 0 0 0 0 0 0 1 0 0 0 0 0 1
  0 0 0 0 0 0 0 0 0 0 0 0 0 1 1 0 0 0 0]]
end
