mac
8
end
job
90
end
fam
8
end
proc_times
[[  0  24  80  44  55   1   4   3  28  21  97  54  69  41  95  87  35  42
   21  11   8   9  47  38  10  63  74   3  12  91   3  69  45  68  97  53
   32  55  62   2  83  59  54  51  33   9  83  26  50  18  63  97  47  99
   36  29  43  88  83  57  20  50  68  58  16  36  93  39  87  12  56  45
   75  37  21  19   7  78  98  70  69   6   1  86  89  10  63  30  84  90
   11]
 [  0  25  76  41  28  25  24  35  97  41  49  59  35  64  72 100  27  48
   97  60  89  71  11  53  19   8  69  58  17  39  37   9  50  58  69  34
   43  11  39  17  32  22  25  57  81   6  69  11  28  14  54  94  16  57
   69   8  59  66  45  27  64  82  41  28  91  39  36  67  26  30  64  40
   80  24  28  22  84  74  96  98  28  99  47  16  91  69  36  37  38  59
   88]
 [  0  61  22  57  37  64  85  33  82  21   2  80  57  53  38  42  86  60
   90  31  36  97  12  21  60  93  25  49  84   4  92  37  14  97  83  16
    8  97  48  53  16  84  74  94   7  52  60  29  87  70  75  91  90  39
   79  46  67  47  61  70   2   8  92  72  13  38  74  77  86  91  41  94
   42  98  46  52  84  29  49  20  99   9  24  56  80  87  22  16  62  17
    2]
 [  0  58  37   5  59  87  82  20  97  40  67  51  33  20  46  89   2   1
   95   8  89  97  78  32  37  20  67  87  94   3  86  47  90   9   4   5
   48   7   2  59  18  63  81  93  63   4  66  92   7  85  99  60  77  21
    1  93  13  76  72   6  56  28  82  18  26  14  99   8  80   5  52  75
   61   9  30  96  51  89  58  91  24  43  75  53   4   7  41  52   3  36
   43]
 [  0   4  20  54  39  34  59  46  66  15  64  64  59  82  31  16  37  42
   44  96  25  20  34  45  77  24  69  11  74  45   2  33  83  84  61  50
   70  93  32  75  30  55   6  55  80  50  91  41  12  48  56  51  11 100
   72  43  58  59  95  72  82  76  34  23  74  29  39  66  27 100  66  82
   20  19  22  47  74  68  69  90  23  92  94  45  20  25  74  61  71  25
   79]
 [  0  59  78  39  98  70  35  87  75  34  38  11  94  54  53  18  47  38
   50  47  38  20  19  83  65  34  70  60  87  34  62  40   1  31  73  69
    5  14  97  88  69  64  80  34  83  91  38  53  92  14  51  10  61  65
    2 100  33  33  40  85  13  14  75  39  30  34  80  94  23  77  83  86
   80  75  93  93  87  23  82  62  74  38  72  38  35  88   6  41  62  62
   57]
 [  0  41  64  40  41  46  86   3  82  88  63  33  75  94  74   3  14  78
   50  93  67  27  49  49  87  73   9  71  52  93  84  25  54  60  75  64
   79  64  94  97  81   6  93   4  86   3   8  96  76  63  55  45  57  38
   57  43  57  60  43  80  29  73  39  90  65  38  33   9  28   6  78  35
   31  44  63  70  36  86  59  16  40  77  58  98  80  30  55  15  42  94
   47]
 [  0  40  42  47  17  46  72  55  19  51  23  11  89  75  16  45  15  35
    3  25  10  34  35 100  95  71  18  89  89  29  12  59  90  77  26  84
   16  21  60  54   5  64 100  53  83  76   1  35  50  32  89 100  86  51
   51  93  91  22  12   8  71  37  76  82  33   8  95  32  92  62  38   1
   50  48  10  16  58  84  90  56  26  89  54  90  33  78   6  66  70  68
   75]]
end
weight
[[ 0 73 21 98  5 94 69 57 45 89 31 24 30 54 45 26 45 85 68 28 30 24 79 27
  83 23 55 99 84 64 27 87 56 30 59 73 81 73 50  8 53 47 99 34 99 21 16 37
  21 39 59 31 90 40 88 69 28 10 43 75 62  8 46 94 15  3 94  8 25 52 31 17
  23 57 48 13 44 21 90 17 34 78 26 93 59 28 32 24 46 80 50]]
end
setup_times
[[[ 0 37 50 38 58 50 47 33 30]
  [ 0  0 43 39 55 49 35 36 52]
  [ 0 58  0 40 43 58 46 32 42]
  [ 0 30 54  0 56 45 37 38 36]
  [ 0 37 34 43  0 38 55 56 39]
  [ 0 44 43 38 51  0 49 31 42]
  [ 0 38 58 42 58 53  0 49 39]
  [ 0 42 45 56 56 46 33  0 50]
  [ 0 47 47 47 33 35 51 40  0]]

 [[ 0 52 56 48 38 32 37 59 31]
  [ 0  0 44 41 42 55 48 43 36]
  [ 0 49  0 46 46 30 31 45 53]
  [ 0 54 49  0 39 35 53 52 47]
  [ 0 54 37 34  0 50 33 31 47]
  [ 0 49 44 31 46  0 36 41 40]
  [ 0 54 45 34 33 30  0 54 40]
  [ 0 48 46 36 59 58 30  0 34]
  [ 0 50 51 33 53 35 32 39  0]]

 [[ 0 52 56 31 48 46 48 31 55]
  [ 0  0 39 42 35 47 37 30 53]
  [ 0 30  0 46 34 46 45 52 44]
  [ 0 54 55  0 47 53 47 36 34]
  [ 0 52 41 43  0 36 47 52 51]
  [ 0 47 33 38 54  0 52 32 40]
  [ 0 33 47 50 47 44  0 48 55]
  [ 0 33 35 37 55 47 58  0 39]
  [ 0 56 33 44 46 52 51 48  0]]

 [[ 0 42 56 58 40 46 47 35 58]
  [ 0  0 47 43 51 54 31 54 42]
  [ 0 58  0 35 30 45 38 40 44]
  [ 0 34 41  0 34 49 36 43 57]
  [ 0 59 35 58  0 47 52 30 52]
  [ 0 34 41 45 36  0 42 41 32]
  [ 0 33 32 52 31 47  0 46 45]
  [ 0 46 54 56 49 39 53  0 33]
  [ 0 54 53 33 52 33 52 30  0]]

 [[ 0 37 51 54 57 35 44 36 41]
  [ 0  0 46 47 47 35 43 42 38]
  [ 0 53  0 30 48 37 49 59 40]
  [ 0 37 59  0 30 50 41 59 42]
  [ 0 51 33 56  0 58 31 44 57]
  [ 0 46 41 42 42  0 43 53 59]
  [ 0 58 33 40 46 53  0 53 33]
  [ 0 53 50 50 44 33 50  0 39]
  [ 0 45 49 52 35 31 46 59  0]]

 [[ 0 43 59 33 38 33 40 36 39]
  [ 0  0 49 50 43 58 35 52 31]
  [ 0 58  0 32 48 53 35 39 43]
  [ 0 54 47  0 49 46 56 31 53]
  [ 0 56 54 46  0 49 36 36 51]
  [ 0 41 54 57 43  0 32 53 58]
  [ 0 53 57 33 50 38  0 35 31]
  [ 0 44 44 37 40 31 33  0 31]
  [ 0 51 37 41 47 56 51 47  0]]

 [[ 0 43 30 51 35 47 43 58 46]
  [ 0  0 34 39 55 35 51 50 37]
  [ 0 59  0 46 33 36 46 53 46]
  [ 0 43 42  0 56 38 48 31 36]
  [ 0 47 33 52  0 50 46 48 56]
  [ 0 32 40 54 47  0 55 40 57]
  [ 0 59 39 53 53 38  0 30 33]
  [ 0 48 32 42 36 36 47  0 43]
  [ 0 53 33 49 43 39 49 36  0]]

 [[ 0 44 45 52 30 39 34 36 52]
  [ 0  0 40 39 30 49 47 44 35]
  [ 0 49  0 36 50 57 54 40 42]
  [ 0 43 42  0 55 38 42 37 35]
  [ 0 49 32 54  0 36 31 56 55]
  [ 0 58 49 34 55  0 44 41 31]
  [ 0 43 34 52 32 55  0 57 39]
  [ 0 33 43 52 41 56 43  0 40]
  [ 0 37 53 46 33 57 36 35  0]]]
end
fixed_cost
[[2320 2305 2243 2290 2274 2248 2253 2267]]
end
unit_cost
[[60 46 35 37 42 34 62 42]]
end
job2fam
[[1 0 0 0 0 0 0 0 0 0 0 0 0 0 0 0 0 0 0 0 0 0 0 0 0 0 0 0 0 0 0 0 0 0 0 0
  0 0 0 0 0 0 0 0 0 0 0 0 0 0 0 0 0 0 0 0 0 0 0 0 0 0 0 0 0 0 0 0 0 0 0 0
  0 0 0 0 0 0 0 0 0 0 0 0 0 0 0 0 0 0 0]
 [0 1 0 0 0 0 0 1 0 0 0 0 0 0 0 0 0 0 0 0 1 1 0 0 0 1 0 1 0 0 0 0 0 0 0 0
  0 0 0 0 0 0 0 0 0 0 0 0 0 0 0 0 0 0 0 0 0 1 0 0 0 0 0 0 1 0 0 0 0 0 0 0
  1 0 0 1 0 0 0 1 0 1 1 0 0 0 0 0 0 0 0]
 [0 0 0 0 0 0 0 0 0 0 0 1 0 0 0 0 0 0 0 0 0 0 0 0 0 0 0 0 0 0 0 0 0 0 0 0
  0 0 1 0 0 0 0 0 0 0 0 0 1 0 0 0 1 0 0 0 1 0 0 1 0 0 0 0 0 0 0 0 0 0 0 0
  0 0 1 0 1 0 0 0 0 0 0 1 0 0 0 0 1 0 0]
 [0 0 0 0 1 0 0 0 0 0 1 0 0 0 0 0 0 0 0 0 0 0 0 0 0 0 0 0 0 0 0 0 0 0 0 0
  0 0 0 1 0 0 1 0 0 0 0 1 0 1 0 0 0 0 1 1 0 0 0 0 0 0 0 0 0 0 0 1 0 0 0 0
  0 0 0 0 0 0 0 0 0 0 0 0 1 0 0 0 0 0 1]
 [0 0 0 1 0 0 1 0 0 1 0 0 0 0 1 0 1 0 0 0 0 0 0 1 0 0 1 0 0 1 0 1 0 0 0 1
  1 0 0 0 0 0 0 0 0 0 0 0 0 0 0 1 0 0 0 0 0 0 1 0 0 0 0 0 0 0 0 0 1 0 0 0
  0 1 0 0 0 0 1 0 0 0 0 0 0 0 0 0 0 0 0]
 [0 0 0 0 0 0 0 0 1 0 0 0 1 1 0 1 0 0 0 0 0 0 0 0 0 0 0 0 1 0 1 0 0 1 0 0
  0 0 0 0 1 0 0 1 0 0 0 0 0 0 0 0 0 0 0 0 0 0 0 0 1 0 0 0 0 0 0 0 0 0 1 0
  0 0 0 0 0 0 0 0 0 0 0 0 0 0 0 0 0 0 0]
 [0 0 0 0 0 0 0 0 0 0 0 0 0 0 0 0 0 1 0 0 0 0 0 0 0 0 0 0 0 0 0 0 1 0 0 0
  0 0 0 0 0 0 0 0 1 1 0 0 0 0 1 0 0 1 0 0 0 0 0 0 0 1 1 1 0 0 0 0 0 1 0 0
  0 0 0 0 0 0 0 0 1 0 0 0 0 0 0 0 0 1 0]
 [0 0 0 0 0 1 0 0 0 0 0 0 0 0 0 0 0 0 1 1 0 0 1 0 0 0 0 0 0 0 0 0 0 0 1 0
  0 0 0 0 0 0 0 0 0 0 1 0 0 0 0 0 0 0 0 0 0 0 0 0 0 0 0 0 0 0 1 0 0 0 0 0
  0 0 0 0 0 1 0 0 0 0 0 0 0 0 0 1 0 0 0]
 [0 0 1 0 0 0 0 0 0 0 0 0 0 0 0 0 0 0 0 0 0 0 0 0 1 0 0 0 0 0 0 0 0 0 0 0
  0 1 0 0 0 1 0 0 0 0 0 0 0 0 0 0 0 0 0 0 0 0 0 0 0 0 0 0 0 1 0 0 0 0 0 1
  0 0 0 0 0 0 0 0 0 0 0 0 0 1 1 0 0 0 0]]
end
