mac
8
end
job
90
end
fam
8
end
proc_times
[[  0  23  47  87  92  33  55 100  44  53  32  25  39  26  50  18  62  79
  100  31  11  92   3  61  25  94  80  55  31  42  62  49  41  41  22  92
   94  50  65  85   8  73  71  19   5  64   4  25   7  33  36  15   1  86
   74  22  83  56  44   5  98  24  35  40  33  25  34  12  42  15  33  42
   66  81  55  69  24  17  92  87  31  96  32  30  73  28  15  85  59  65
    7]
 [  0  59  57  21  96  97   1  34  70  52  89  14  26   6  45  13  95  16
   28  86  60  28  25  25  34  44  54   2  45  36  54  33  96  17  26  30
   66  37  56  33  28  41  73  42   1  82  95  80  79  69  62  57  16  63
    9   3  87  28  98  78  48  72  14  36  69  71  91  10  93  21  79  64
   18   6  25  25  27  37  76  68  97  61  89  40   2  59  13  47  96   4
   43]
 [  0  23  46  49  36  25  17   3  11  96  42  82  12  27  50  78  95  52
   90  16  78  41  92  14  40  66  85   9  43  67   2  71  26  65  87  15
   57   9  66  69  49  23  63  63  82  10   6  17  48  92  19  64   2  54
   15  92  67  74  49  60  27  78  21  17   8  78  92  98  11   5  20  93
   11  57  78  38   5  94  67  55  96  61  72  54  94  99  38  48  10  69
   76]
 [  0  17  44  49  78  57  54  97  59  95  34  46  39  26  98  89  47  83
   97  73  60  53  84  35  23  11  88  10  88  26  26  65  49  11  90  21
   41  83  64  27  49   7  72   3  29  10   6  95  91  47  68  45  98  32
   74  86  80  91   3  29  70  86  21  70  81  51  89  50  23  20  79   3
   64  71  87  47  19  28  39  43  60  37 100  79  68  30   5  29  46  81
   65]
 [  0  40  47  38  56  87  81  13  32  88  10  92  63  41  34  96  56  29
   74   8  24  38  37  86  93  10  12  26  24  48  97  92  75  62   1  38
    3  44  88  94  96   2  11   6  21  79  94  16  37  56  69  38  55  79
   96  81  15  63   3  48  10  91  77  48  17  24  82  94  34  66  25  28
   12  14  26  71  75  74  88  21  59  43  41  51  53  74  54  82  42  18
   79]
 [  0  72  61  42  25  50  71  95  73  35  94  84  83  31   9  16  41  10
   26  75  95  35  64  20  62  90  21  28   1  94  61   7   2   1  77  83
   48  58   5   3  24   8  59   1  75  97  72  30  60  92  17  82  86   8
   47  69  70  60  80  72   5  60  78  13  42  68  53  56  53  86  79  50
   27  45  57  35   8  99  55  76  91  12  59  57   9  41  32  27  38  63
   27]
 [  0  61  41  70  57  97  18  35  57  35  63  86  98  80  43   1  51   4
   56   4  51  30  47  20  21  44  45  66  98  54  40  92  81  98  75  23
   68   4   5  26  46  78  11  33  68  32  36  19  99   7  79   8  20  27
   75  47 100  57  35  77  21  66   9  98   1  64  50  53  66  47   6  62
   77  40  39  80  82  30   1  86  18  55  70  91  47  99  45  70  21  26
    8]
 [  0  92   7  13  22   8  71  68  77  69  49  77  69  57  45  69  55  77
   32  79   3  80  20  23  86  78  65  52   1  73  84  45  53  38  74  78
   68  50  78  31  72   2  97  91  93  67  35  92  43 100  22  14  16  23
   88  56  68  82  62  29  36  66  31  26  59  94  22  38  37  89  36  20
   34  99   2  70  38  98  67  31  36  64  15  82  99  95  88  31  58  22
    9]]
end
weight
[[ 0 47 46 42 61 96 29 85 28 77 43 58 79 24 91 92 40 53 90 66 64 35 96 29
   6 81 84 58 58 12 98 31 87 27 49 45 65 18 38 27 97 61 22 38 55 57 95 67
   3  3 63 51  8  5 43 30 92 20  3 93 28 18 69 40 89 71 64 22 25 63 36 95
  17 16 51 49 44 34 77 78  1 65 57 72 11 19 25 16 79 98 69]]
end
setup_times
[[[ 0 45 34 56 54 52 44 48 54]
  [ 0  0 47 30 44 31 38 31 54]
  [ 0 43  0 55 58 30 36 46 54]
  [ 0 43 30  0 46 44 53 44 57]
  [ 0 51 43 41  0 45 56 54 39]
  [ 0 53 36 48 30  0 54 53 47]
  [ 0 53 33 39 53 31  0 55 37]
  [ 0 33 46 44 43 30 46  0 48]
  [ 0 56 42 57 44 51 36 55  0]]

 [[ 0 40 55 33 58 55 44 34 44]
  [ 0  0 54 39 51 30 52 47 38]
  [ 0 48  0 40 30 33 35 35 48]
  [ 0 35 55  0 33 56 43 44 43]
  [ 0 43 43 34  0 33 46 42 54]
  [ 0 30 56 56 34  0 59 55 56]
  [ 0 36 53 35 37 59  0 36 58]
  [ 0 56 53 57 46 30 33  0 58]
  [ 0 50 49 48 48 42 53 39  0]]

 [[ 0 59 53 53 47 31 47 40 53]
  [ 0  0 45 35 36 36 50 49 38]
  [ 0 53  0 31 50 49 41 48 56]
  [ 0 46 39  0 45 44 58 37 51]
  [ 0 39 38 49  0 36 31 59 33]
  [ 0 31 59 46 40  0 31 57 48]
  [ 0 52 52 39 49 43  0 37 55]
  [ 0 35 40 47 59 45 30  0 57]
  [ 0 54 37 59 54 34 44 48  0]]

 [[ 0 54 30 56 31 35 40 51 57]
  [ 0  0 59 52 31 37 56 57 50]
  [ 0 52  0 30 50 48 52 44 45]
  [ 0 36 56  0 34 53 56 54 59]
  [ 0 50 49 55  0 31 45 40 37]
  [ 0 54 47 52 52  0 45 49 31]
  [ 0 45 49 53 37 44  0 54 50]
  [ 0 40 33 58 35 33 32  0 50]
  [ 0 37 49 43 53 42 59 53  0]]

 [[ 0 50 34 34 39 59 48 47 35]
  [ 0  0 45 59 50 44 47 47 30]
  [ 0 37  0 40 31 37 48 46 50]
  [ 0 39 37  0 47 50 49 57 59]
  [ 0 32 45 55  0 36 47 51 38]
  [ 0 34 40 52 46  0 49 36 51]
  [ 0 58 39 36 46 54  0 52 53]
  [ 0 38 34 55 34 50 46  0 42]
  [ 0 59 40 37 34 44 41 33  0]]

 [[ 0 56 35 55 48 46 39 47 35]
  [ 0  0 37 57 44 40 45 58 58]
  [ 0 43  0 58 47 40 35 34 30]
  [ 0 51 38  0 55 31 57 41 55]
  [ 0 57 33 31  0 40 37 45 37]
  [ 0 43 49 48 37  0 53 43 45]
  [ 0 37 51 38 32 31  0 52 41]
  [ 0 57 44 48 30 40 57  0 36]
  [ 0 49 46 36 42 55 50 33  0]]

 [[ 0 58 42 45 57 49 35 47 55]
  [ 0  0 58 37 56 39 30 53 30]
  [ 0 41  0 38 31 53 58 50 55]
  [ 0 58 56  0 43 52 56 35 46]
  [ 0 58 46 52  0 31 55 44 49]
  [ 0 49 43 33 53  0 38 57 39]
  [ 0 31 47 42 36 45  0 50 49]
  [ 0 36 55 47 58 43 50  0 53]
  [ 0 59 52 55 34 54 34 30  0]]

 [[ 0 32 58 49 56 50 53 44 39]
  [ 0  0 33 59 39 46 45 44 32]
  [ 0 43  0 50 44 55 40 49 37]
  [ 0 50 56  0 34 42 40 52 33]
  [ 0 45 43 30  0 48 57 54 34]
  [ 0 30 57 34 51  0 48 45 55]
  [ 0 31 55 59 51 57  0 44 44]
  [ 0 44 35 51 36 54 40  0 30]
  [ 0 58 41 42 50 33 33 34  0]]]
end
fixed_cost
[[2276 2317 2349 2308 2323 2265 2285 2304]]
end
unit_cost
[[42 63 39 46 43 39 42 54]]
end
job2fam
[[1 0 0 0 0 0 0 0 0 0 0 0 0 0 0 0 0 0 0 0 0 0 0 0 0 0 0 0 0 0 0 0 0 0 0 0
  0 0 0 0 0 0 0 0 0 0 0 0 0 0 0 0 0 0 0 0 0 0 0 0 0 0 0 0 0 0 0 0 0 0 0 0
  0 0 0 0 0 0 0 0 0 0 0 0 0 0 0 0 0 0 0]
 [0 1 0 0 0 0 0 1 0 0 0 0 0 0 0 0 0 0 0 0 1 1 0 0 0 1 0 1 0 0 0 0 0 0 0 0
  0 0 0 0 0 0 0 0 0 0 0 0 0 0 0 0 0 0 0 0 0 1 0 0 0 0 0 0 1 0 0 0 0 0 0 0
  1 0 0 1 0 0 0 1 0 1 1 0 0 0 0 0 0 0 0]
 [0 0 0 0 0 0 0 0 0 0 0 1 0 0 0 0 0 0 0 0 0 0 0 0 0 0 0 0 0 0 0 0 0 0 0 0
  0 0 1 0 0 0 0 0 0 0 0 0 1 0 0 0 1 0 0 0 1 0 0 1 0 0 0 0 0 0 0 0 0 0 0 0
  0 0 1 0 1 0 0 0 0 0 0 1 0 0 0 0 1 0 0]
 [0 0 0 0 1 0 0 0 0 0 1 0 0 0 0 0 0 0 0 0 0 0 0 0 0 0 0 0 0 0 0 0 0 0 0 0
  0 0 0 1 0 0 1 0 0 0 0 1 0 1 0 0 0 0 1 1 0 0 0 0 0 0 0 0 0 0 0 1 0 0 0 0
  0 0 0 0 0 0 0 0 0 0 0 0 1 0 0 0 0 0 1]
 [0 0 0 1 0 0 1 0 0 1 0 0 0 0 1 0 1 0 0 0 0 0 0 1 0 0 1 0 0 1 0 1 0 0 0 1
  1 0 0 0 0 0 0 0 0 0 0 0 0 0 0 1 0 0 0 0 0 0 1 0 0 0 0 0 0 0 0 0 1 0 0 0
  0 1 0 0 0 0 1 0 0 0 0 0 0 0 0 0 0 0 0]
 [0 0 0 0 0 0 0 0 1 0 0 0 1 1 0 1 0 0 0 0 0 0 0 0 0 0 0 0 1 0 1 0 0 1 0 0
  0 0 0 0 1 0 0 1 0 0 0 0 0 0 0 0 0 0 0 0 0 0 0 0 1 0 0 0 0 0 0 0 0 0 1 0
  0 0 0 0 0 0 0 0 0 0 0 0 0 0 0 0 0 0 0]
 [0 0 0 0 0 0 0 0 0 0 0 0 0 0 0 0 0 1 0 0 0 0 0 0 0 0 0 0 0 0 0 0 1 0 0 0
  0 0 0 0 0 0 0 0 1 1 0 0 0 0 1 0 0 1 0 0 0 0 0 0 0 1 1 1 0 0 0 0 0 1 0 0
  0 0 0 0 0 0 0 0 1 0 0 0 0 0 0 0 0 1 0]
 [0 0 0 0 0 1 0 0 0 0 0 0 0 0 0 0 0 0 1 1 0 0 1 0 0 0 0 0 0 0 0 0 0 0 1 0
  0 0 0 0 0 0 0 0 0 0 1 0 0 0 0 0 0 0 0 0 0 0 0 0 0 0 0 0 0 0 1 0 0 0 0 0
  0 0 0 0 0 1 0 0 0 0 0 0 0 0 0 1 0 0 0]
 [0 0 1 0 0 0 0 0 0 0 0 0 0 0 0 0 0 0 0 0 0 0 0 0 1 0 0 0 0 0 0 0 0 0 0 0
  0 1 0 0 0 1 0 0 0 0 0 0 0 0 0 0 0 0 0 0 0 0 0 0 0 0 0 0 0 1 0 0 0 0 0 1
  0 0 0 0 0 0 0 0 0 0 0 0 0 1 1 0 0 0 0]]
end
