mac
8
end
job
90
end
fam
12
end
proc_times
[[  0  36  51  76  15  27   2   6  65  43  92  86  24  36  53  37  21  11
   18  83  39  35   8  25  34  31  17  29   4  30  86  71  51  46   5  39
   90  14   3  88  69  15  69  93  20 100  69  22  54  35  34  13  76  12
   86  84  19  20  50   8  88  56   5  47  72  59  65  28   3  72  88  56
   69  13  47  97  51  89  33  38  74   5  18  43  71  75  24  21   3   5
   86]
 [  0  75  52  22  43  63  81  28  37  41  42  56  62  24  63  46  45   7
   52  81  11  38  79  12  16  39  12  92   7  94  47  27  14  20  74  56
   61  23  74  85  23  79  36  46  94  33  48  10  29  33   6  32  45  37
   71  18  26  19  45  31  18  48  91  66  74  10   7  36  28  57  73  65
   21  17  23  72  53   2  57  14  13  38  59  62  69  37  76  86  11  12
    7]
 [  0  97  11  56   9  31  17  25  86  85  61  57  18   4  62  69  36  61
   42   4  23  95  61  97   2 100  10  46  86  53  79  89   3  91  72  71
   90   1  84  59  38  94  34  11  55  76  33  17  29  89  84  40  20  49
   50  47 100  69  19  11  18  89   2   6  93  64  84  94  45  61   9  73
   63  66   6  50  30  96  20  71  55  65  38  53  37  13  87   6  91  32
   29]
 [  0  80  22  98  75  85  16  92  84  36  48  94  82  25  13  37  80  77
    8  23  35  36  30  85  13  74  54  39  23  47  81  95  35  78  59  28
   65  38   5   4  34  38  23  92   8  60  59  88  88  91   3  10  70  73
   48  58  52  12  23  16  74  29  22  43  59  63  50  96  44  43  53  34
    4  37  41  59  64  72  10  42  99  83  39  91  29  17  57  34  50  41
   16]
 [  0  27  67  41  59  59  95  90  31  82  70   7  83  52  39  92  46  62
   10  38  16   1  32  43   5  46  38  33  75  51  57  49  71  99  22  82
   66  32   5  76  45  95  69  60  46  15  25   1  33  71  81  78  93  10
   10  54  14  79  25  77  88  40  80  46 100   2  85  17  90  73  28   8
   11  30   3  59  36  53  61  53  44  81   6  13   9  39  51  35  32 100
   86]
 [  0  57  94  46  27  34  49  49  21  94  86  60  47  45  67  46  26  53
   64  27  69  46  14   4  77  78  78  30  30   3  53  85  78  15  89  21
   30  21  27  58  71  48  89  68  16   4  51  59  25  60   5  48  39  32
   77  59  13  46  20  67  99  91  11  28  39  53  43  28  30  71  81  89
   47  69   8  54  94   7  44  11  96  50  20  86  85  56  35   7  41  89
   68]
 [  0  80  33  14  94  72  39  15  15  12  53  88  36  53  74   1  87  93
   31   5  94  46  81  21  29  69  57  86  56  48  35  92  84  28  78  41
   83  20  36  86  45  27  32  37  41  22  57  36  99  85   5  97   3   3
   28  94  64  55   7  18   9  76   9   8  15  90   6  86  70  99  79  52
   38  95  62  65  53   4  47  69  43  47  13  98  35  95  62  50  23  34
   57]
 [  0  26  78  44  38   7  15  22  40  28  19  65  50  43  92  89  69  26
   19  75  69  14  43  64  42  86  96  54  97  28   4  57  62  81  98  49
    3  41  44   1  20  61  19  12  34  87  64  87  36  10  93  23  19  25
   46  70  14  83  36  55  64  68   7  99  34  42  25   5  89  21  14 100
    9  36  30  45  87  73  68 100  77  20  50  56  15  49  69  94  65  56
   22]]
end
weight
[[ 0 93 11 52 42 34 77 66 79  7 17 89  6 23 18 92  3 41 32 50 75 64 58 26
  74  4 42 82 33 33 55 23 57  1 17  8  5 45 77 51 66 77 19 20  6 69 77 40
  16  8 95 37  1 98  7 77  1 75  2 21 29 63 70 66 92 42 51 64 19 11 43 27
  38 59 35 87 74 48 84 57 29 90 93 55 29 54 74 33 94  6 42]]
end
setup_times
[[[ 0 49 32 48 58 58 35 31 42 31 54 36 40]
  [ 0  0 41 53 31 30 52 38 36 54 51 35 38]
  [ 0 36  0 37 52 41 32 30 37 35 56 38 42]
  [ 0 38 55  0 52 45 59 53 56 47 41 36 54]
  [ 0 38 40 31  0 49 47 43 47 41 53 56 44]
  [ 0 39 41 34 59  0 35 38 30 59 48 41 31]
  [ 0 39 51 56 50 38  0 39 36 40 56 53 57]
  [ 0 45 40 40 30 40 31  0 50 59 54 45 47]
  [ 0 44 57 58 39 51 30 58  0 50 48 36 59]
  [ 0 57 45 30 44 31 33 58 44  0 54 44 54]
  [ 0 31 48 41 50 55 44 38 44 35  0 31 33]
  [ 0 53 51 56 46 36 54 43 53 53 36  0 59]
  [ 0 42 30 54 53 53 48 44 33 50 49 55  0]]

 [[ 0 55 56 46 40 41 49 49 49 48 37 41 43]
  [ 0  0 59 37 45 53 31 38 53 45 33 35 46]
  [ 0 55  0 34 50 31 52 38 57 43 57 41 54]
  [ 0 53 58  0 43 36 37 45 33 46 59 43 39]
  [ 0 42 37 49  0 30 55 39 56 35 35 38 53]
  [ 0 57 41 53 30  0 50 47 51 40 38 57 36]
  [ 0 32 57 38 37 59  0 56 32 32 39 42 34]
  [ 0 30 34 48 34 38 44  0 59 50 46 49 50]
  [ 0 52 52 59 30 37 44 39  0 43 52 33 53]
  [ 0 40 36 49 52 34 44 59 52  0 45 37 45]
  [ 0 33 56 53 32 39 38 42 37 48  0 55 37]
  [ 0 30 53 49 36 48 47 54 32 52 34  0 58]
  [ 0 51 53 31 58 58 52 56 59 40 35 33  0]]

 [[ 0 52 50 43 31 35 51 35 44 32 44 39 47]
  [ 0  0 37 58 50 31 38 52 50 36 33 59 31]
  [ 0 53  0 32 33 30 31 34 41 54 52 52 43]
  [ 0 53 33  0 31 41 59 44 58 38 57 55 36]
  [ 0 30 56 46  0 58 50 40 35 57 56 33 53]
  [ 0 34 53 30 38  0 56 55 58 59 45 47 37]
  [ 0 41 50 59 57 37  0 54 31 55 35 59 47]
  [ 0 47 41 43 59 53 48  0 47 41 45 38 48]
  [ 0 36 40 42 57 35 46 35  0 54 49 53 52]
  [ 0 45 50 43 39 58 47 37 52  0 54 38 54]
  [ 0 57 56 33 44 31 54 40 58 52  0 41 44]
  [ 0 47 55 31 59 58 46 45 35 43 33  0 37]
  [ 0 46 48 33 50 55 54 58 32 58 38 43  0]]

 [[ 0 51 43 35 43 30 50 32 47 47 42 51 50]
  [ 0  0 48 53 52 40 47 40 41 59 34 38 37]
  [ 0 39  0 36 44 53 48 55 34 49 44 37 35]
  [ 0 35 35  0 57 35 57 58 48 44 52 49 32]
  [ 0 36 54 43  0 43 59 34 49 52 37 30 57]
  [ 0 40 38 49 38  0 51 34 37 35 58 55 30]
  [ 0 37 48 39 43 46  0 52 56 47 31 54 59]
  [ 0 50 37 40 54 52 31  0 40 53 54 37 38]
  [ 0 40 42 45 49 37 59 34  0 47 58 38 40]
  [ 0 57 31 34 49 57 58 37 40  0 41 59 30]
  [ 0 43 57 44 56 52 45 31 36 48  0 42 44]
  [ 0 36 42 36 34 35 59 43 37 45 37  0 36]
  [ 0 59 58 38 46 58 47 33 56 57 32 40  0]]

 [[ 0 38 35 34 52 54 45 54 41 36 49 30 45]
  [ 0  0 32 52 49 40 41 50 50 43 31 37 51]
  [ 0 32  0 43 53 37 59 44 59 41 59 48 30]
  [ 0 58 55  0 33 59 37 36 54 35 56 32 50]
  [ 0 33 37 41  0 49 36 30 50 47 56 34 59]
  [ 0 34 33 36 56  0 55 32 51 30 50 34 42]
  [ 0 56 39 50 44 55  0 41 57 40 48 36 50]
  [ 0 56 36 31 49 57 52  0 57 46 45 34 55]
  [ 0 55 32 55 35 49 40 59  0 48 44 37 33]
  [ 0 49 50 37 37 59 31 35 37  0 34 39 30]
  [ 0 45 30 39 48 45 56 57 42 50  0 59 31]
  [ 0 34 35 33 59 32 58 43 44 49 48  0 44]
  [ 0 50 53 45 43 50 30 34 32 35 52 53  0]]

 [[ 0 37 59 54 56 42 58 31 56 30 35 41 40]
  [ 0  0 45 34 43 48 39 36 38 45 56 56 42]
  [ 0 31  0 39 51 50 53 45 52 40 58 42 44]
  [ 0 37 44  0 58 57 57 51 56 38 50 54 57]
  [ 0 50 37 54  0 32 42 32 31 43 45 30 43]
  [ 0 58 58 34 52  0 45 42 41 52 36 32 43]
  [ 0 47 43 56 51 36  0 50 36 44 57 33 52]
  [ 0 52 59 49 36 54 56  0 36 50 44 30 35]
  [ 0 32 59 32 30 30 45 51  0 50 58 42 55]
  [ 0 40 51 40 46 35 42 58 33  0 31 42 52]
  [ 0 30 56 34 59 51 57 53 56 32  0 42 39]
  [ 0 32 32 38 34 44 54 31 45 36 41  0 52]
  [ 0 34 59 37 45 39 52 58 49 46 50 34  0]]

 [[ 0 36 45 32 57 37 37 53 41 42 58 43 58]
  [ 0  0 51 51 47 51 46 55 58 34 38 45 41]
  [ 0 34  0 50 49 47 43 55 34 56 34 31 37]
  [ 0 31 51  0 57 31 36 50 58 31 34 38 46]
  [ 0 56 49 30  0 32 56 40 37 31 38 31 39]
  [ 0 51 45 40 32  0 41 44 57 45 49 36 57]
  [ 0 32 50 40 46 49  0 59 39 36 33 32 48]
  [ 0 41 31 30 31 34 45  0 36 41 47 46 59]
  [ 0 31 40 40 43 52 40 31  0 37 35 41 34]
  [ 0 40 37 53 40 37 38 59 47  0 37 35 45]
  [ 0 57 38 34 32 52 35 34 36 46  0 41 52]
  [ 0 44 50 54 52 54 53 55 35 58 45  0 40]
  [ 0 57 49 34 32 44 55 42 54 49 58 53  0]]

 [[ 0 37 39 58 35 53 37 57 36 39 43 37 54]
  [ 0  0 34 55 40 45 30 40 55 46 38 40 44]
  [ 0 36  0 57 54 49 49 39 53 49 37 46 51]
  [ 0 52 46  0 37 53 54 51 33 41 40 42 34]
  [ 0 51 53 53  0 37 39 49 35 31 37 47 40]
  [ 0 44 55 45 54  0 52 39 53 39 34 35 56]
  [ 0 36 32 57 30 33  0 31 39 58 50 50 38]
  [ 0 34 44 36 34 41 48  0 42 47 35 51 51]
  [ 0 56 46 59 47 59 43 57  0 51 47 39 33]
  [ 0 56 55 54 57 53 50 33 48  0 40 53 58]
  [ 0 36 50 59 37 33 37 32 46 30  0 50 32]
  [ 0 42 41 53 39 54 48 39 31 48 39  0 55]
  [ 0 43 32 42 31 58 49 57 56 49 39 56  0]]]
end
fixed_cost
[[2385 2365 2336 2374 2297 2321 2333 2369]]
end
unit_cost
[[49 45 51 49 55 54 48 39]]
end
job2fam
[[1 0 0 0 0 0 0 0 0 0 0 0 0 0 0 0 0 0 0 0 0 0 0 0 0 0 0 0 0 0 0 0 0 0 0 0
  0 0 0 0 0 0 0 0 0 0 0 0 0 0 0 0 0 0 0 0 0 0 0 0 0 0 0 0 0 0 0 0 0 0 0 0
  0 0 0 0 0 0 0 0 0 0 0 0 0 0 0 0 0 0 0]
 [0 1 0 0 0 0 0 0 0 0 0 0 0 0 0 0 0 0 0 0 1 0 0 0 0 0 0 0 0 1 0 0 0 0 0 0
  0 0 0 0 1 0 0 1 0 0 0 0 0 0 0 0 0 0 0 0 0 0 0 0 0 0 0 0 0 0 0 0 0 0 0 0
  1 0 0 0 0 0 0 0 0 0 0 0 0 0 0 0 0 0 0]
 [0 0 0 0 0 0 0 0 0 0 0 0 0 0 0 0 0 0 1 0 0 0 0 1 0 0 1 0 0 0 0 0 0 0 0 0
  0 0 0 0 0 0 0 0 1 0 0 0 1 0 0 0 1 0 0 1 1 0 0 0 0 0 0 0 0 0 0 0 0 0 0 1
  0 0 0 0 0 0 0 0 0 1 0 0 0 0 0 0 0 0 0]
 [0 0 1 0 0 0 0 0 0 0 0 0 0 0 0 0 0 0 0 0 0 0 0 0 0 0 0 0 0 0 0 0 0 0 0 0
  0 0 0 0 0 0 1 0 0 0 0 0 0 0 0 0 0 0 0 0 0 1 0 0 0 0 0 0 0 0 0 0 0 0 0 0
  0 0 1 0 0 0 0 1 0 0 1 0 0 0 0 0 0 0 1]
 [0 0 0 1 0 0 0 0 0 0 0 0 1 0 0 0 0 1 0 0 0 0 0 0 0 0 0 0 0 0 0 0 0 0 0 0
  0 0 0 0 0 1 0 0 0 1 0 1 0 0 1 0 0 0 1 0 0 0 0 0 0 0 0 0 0 0 0 0 0 0 0 0
  0 0 0 0 0 0 0 0 0 0 0 0 0 0 0 0 0 1 0]
 [0 0 0 0 0 0 0 0 0 1 0 0 0 0 0 0 0 0 0 0 0 1 0 0 0 0 0 0 1 0 0 0 0 0 0 0
  0 0 0 0 0 0 0 0 0 0 1 0 0 0 0 0 0 0 0 0 0 0 0 0 0 0 0 0 0 1 0 1 0 0 1 0
  0 0 0 0 0 0 0 0 0 0 0 0 0 0 0 0 0 0 0]
 [0 0 0 0 0 0 0 0 0 0 0 1 0 0 0 0 0 0 0 0 0 0 1 0 0 0 0 0 0 0 0 1 0 0 0 1
  1 0 0 0 0 0 0 0 0 0 0 0 0 0 0 0 0 1 0 0 0 0 1 1 0 0 0 0 0 0 0 0 0 0 0 0
  0 0 0 0 0 0 1 0 0 0 0 0 0 0 1 0 0 0 0]
 [0 0 0 0 0 1 0 0 0 0 0 0 0 0 0 1 0 0 0 0 0 0 0 0 1 0 0 0 0 0 0 0 0 0 0 0
  0 0 0 0 0 0 0 0 0 0 0 0 0 0 0 0 0 0 0 0 0 0 0 0 0 1 1 0 0 0 0 0 0 0 0 0
  0 0 0 0 1 0 0 0 1 0 0 0 0 0 0 1 0 0 0]
 [0 0 0 0 1 0 0 0 1 0 1 0 0 1 0 0 0 0 0 0 0 0 0 0 0 1 0 1 0 0 0 0 0 0 0 0
  0 0 0 0 0 0 0 0 0 0 0 0 0 0 0 1 0 0 0 0 0 0 0 0 0 0 0 0 0 0 0 0 0 1 0 0
  0 0 0 0 0 0 0 0 0 0 0 0 1 1 0 0 0 0 0]
 [0 0 0 0 0 0 0 1 0 0 0 0 0 0 0 0 0 0 0 0 0 0 0 0 0 0 0 0 0 0 0 0 0 1 0 0
  0 0 0 0 0 0 0 0 0 0 0 0 0 1 0 0 0 0 0 0 0 0 0 0 0 0 0 0 0 0 0 0 0 0 0 0
  0 1 0 0 0 1 0 0 0 0 0 0 0 0 0 0 1 0 0]
 [0 0 0 0 0 0 1 0 0 0 0 0 0 0 1 0 1 0 0 1 0 0 0 0 0 0 0 0 0 0 0 0 1 0 0 0
  0 0 1 0 0 0 0 0 0 0 0 0 0 0 0 0 0 0 0 0 0 0 0 0 0 0 0 0 0 0 1 0 0 0 0 0
  0 0 0 0 0 0 0 0 0 0 0 0 0 0 0 0 0 0 0]
 [0 0 0 0 0 0 0 0 0 0 0 0 0 0 0 0 0 0 0 0 0 0 0 0 0 0 0 0 0 0 1 0 0 0 1 0
  0 0 0 0 0 0 0 0 0 0 0 0 0 0 0 0 0 0 0 0 0 0 0 0 1 0 0 0 1 0 0 0 0 0 0 0
  0 0 0 1 0 0 0 0 0 0 0 0 0 0 0 0 0 0 0]
 [0 0 0 0 0 0 0 0 0 0 0 0 0 0 0 0 0 0 0 0 0 0 0 0 0 0 0 0 0 0 0 0 0 0 0 0
  0 1 0 1 0 0 0 0 0 0 0 0 0 0 0 0 0 0 0 0 0 0 0 0 0 0 0 1 0 0 0 0 1 0 0 0
  0 0 0 0 0 0 0 0 0 0 0 1 0 0 0 0 0 0 0]]
end
