mac
8
end
job
90
end
fam
12
end
proc_times
[[  0  72  14  71  11  51  10  61  10   7  56  61  51  61  26  37 100  16
   88  51  73  77  96  28  99  79  62  38  10  55  55  37  98  51  22  41
   41  58  57  25  17  16  49  76  75   5  53  57   5  88  41  50  83  21
   17  73  41  20  27  84  26  77  60  65  97  98  37  71  24  14  39  68
   84  99   7  60  23  95   8  74  48  58  27  94  76  83  72  10  29   7
   76]
 [  0  57  91  64  34  34   4  39  39 100   5  44  65  85  66  32  42  26
   43  57  25  51  38   3  43  46  51  40  59   3  37  37  29  58  58  63
   77  32   7  46  64  42   4  49  15  14  26  25  65   2  14  54   4  63
   85  69  28   6  38   5  79  92   5  33  58  71  47   8  63  19  44  24
    3  91  96  88  29  87  38  80  43   4  94  77  45  55  35  80  15  57
   30]
 [  0  19  12  92  58  79  45  76  95   3  93   2  44  84  95  18   2  82
   15   4  38  17  87  94  40  39   9  22  26  25  73  76  53 100  56  67
   97  31  56  36  80  63  43  68  39  82  33  10  39  19   3  28  25  29
   83  88  86  62   5   9  14  88  36  86  38  47  90  53  68  23  77  39
   24  71  94  62  82  80  43  54  20  33  24  73   8  80  51  12  18  59
   49]
 [  0  40  24  70  46   5  11  22  88  43   8  89  71  20  61  70  27  15
   28  52  50  86  24  53  17  59  20   7  38   9  85  82  88  13  46  80
   82  67  34  23   5   7  73  68  45  31 100  12  89  19  27  26  18  53
    2  25  25  50  62   4  59  75   5  46   2  92  99  66  26  89  33  69
   96  99  68  58  63  86  41  59  29  40  27  63  67  25  67  39  87  94
    1]
 [  0   7  11   9  30   4  35  48  21  98  30  35  59  92  64  68  92  74
   30  29   8  39  38  92  73  87  70  16  98  18  85  88  30  88  75  71
   41  67   6  56  11  38  85  48  47   5  71  62  45  78  83  50  41  33
   25  18  50  56  28  87  29  91  68  34  85  52   9  44  88  10   2  28
   21  92  16   6  69  13  34  85  88  95  85  87  77  97  99   6  48  63
   75]
 [  0  15  78  22  31  81  44  61  38  60 100  52  30  85  92  18  75  12
   11   1  74  71  43  86  35  88  64  81  55  16  81  29  75   6  51  48
   72  91  84  22  79  79  69  43  75  25  43  70  74  55  84  72   6  32
   51  98  70  75   9  29  74  77  96  98  16  31  93  33  90  25  82  31
   99  95  99  62   9  26  74  32   2  75  53  76  41  73  25  30  90  23
   54]
 [  0  16  76  76  71  98  80  52  53  12  99  81  98  82  92  79  74  72
    2  73 100   6  72  20  47   7  44  37  41  96  26  23  90  99  93   5
   84  87  32   1  19  21  17  93   3  41  66  83  23  61  34  86  99  24
   92 100  32  23  15  18  62  34  46  55   6  43  53  99  37  53  74  84
   76  82  28  72  85  12  17  57  49   4  26  77   2  26  11  24  62  49
   54]
 [  0   8   1  64  53  75  60  70  13  92  41  42  82  56  62  35  59  52
    3  58   2  73  78  95  15  33  24  31  91  74  17  65  24  88  81  65
   18  77  51   5  29  26   4  52  51  77  34  49  61  79  71   4  68  28
   95   2  83  96  28   1  25  22   7  87  68  29  67  76  83  97  57  53
   55  15  61  34  75  43  39  21  72  17  30  37  60  75  61  63  97  39
   60]]
end
weight
[[ 0 50 41 60 96 69 58 54 68 17 37 45 10 38 12 14 82  3 93 36 23 15 15 64
  58 94 79 72 74 12 59  1 25 39 12 44  4 14 44  6 95 13 80 23 26 62 37 48
  36 33 80 85  4 18 55 59 47 10 41 23 49 57 42 94 95 29 90 91 88 79 71  4
  67 74 94  3 20 73 54 29 13  4 49 20 98 27 43 53 22 74 90]]
end
setup_times
[[[ 0 41 41 58 31 32 38 44 52 43 45 46 44]
  [ 0  0 46 35 31 40 34 49 41 42 46 44 37]
  [ 0 38  0 50 47 51 37 58 52 36 58 44 42]
  [ 0 54 52  0 53 48 36 56 32 47 35 58 47]
  [ 0 45 34 39  0 44 30 47 32 53 51 34 38]
  [ 0 55 43 45 30  0 56 30 49 56 43 49 54]
  [ 0 46 43 46 33 47  0 34 32 50 57 54 38]
  [ 0 45 42 35 40 47 55  0 41 40 31 48 54]
  [ 0 45 43 33 51 38 53 52  0 32 59 37 46]
  [ 0 57 49 32 31 58 34 35 45  0 42 37 35]
  [ 0 34 38 36 46 44 30 44 33 35  0 41 51]
  [ 0 33 38 55 50 45 46 41 48 36 51  0 35]
  [ 0 39 32 51 50 37 48 47 31 53 51 33  0]]

 [[ 0 48 44 40 43 38 30 57 59 47 56 35 52]
  [ 0  0 32 54 53 53 34 44 42 46 50 57 30]
  [ 0 39  0 38 52 54 46 32 38 55 55 44 30]
  [ 0 30 48  0 39 44 48 38 32 48 45 37 45]
  [ 0 37 45 48  0 47 44 53 34 30 45 45 38]
  [ 0 53 56 47 36  0 59 54 53 43 49 51 54]
  [ 0 51 39 59 59 33  0 52 36 38 37 33 55]
  [ 0 50 33 32 54 59 31  0 51 43 49 43 54]
  [ 0 46 36 35 48 58 52 51  0 36 30 33 46]
  [ 0 35 30 43 32 59 44 57 51  0 35 35 40]
  [ 0 53 42 44 31 59 55 39 54 50  0 43 30]
  [ 0 59 55 35 54 50 45 32 41 39 49  0 38]
  [ 0 43 45 31 49 58 37 54 51 41 40 52  0]]

 [[ 0 30 50 38 50 53 57 32 53 44 32 31 59]
  [ 0  0 45 37 52 40 59 46 41 57 59 49 31]
  [ 0 38  0 41 44 42 56 58 38 37 57 43 47]
  [ 0 35 57  0 56 40 30 59 54 54 54 40 59]
  [ 0 45 35 53  0 48 44 35 59 52 34 51 38]
  [ 0 53 38 48 31  0 49 53 35 36 30 40 33]
  [ 0 57 58 59 54 47  0 34 36 45 54 49 59]
  [ 0 59 43 31 34 57 30  0 32 58 37 37 47]
  [ 0 59 56 34 40 46 56 53  0 45 39 33 34]
  [ 0 40 57 38 51 52 46 57 34  0 38 47 53]
  [ 0 35 50 44 43 56 53 30 32 33  0 51 39]
  [ 0 42 48 37 48 53 50 58 35 50 46  0 51]
  [ 0 55 47 55 38 37 41 36 53 43 55 35  0]]

 [[ 0 53 58 50 55 56 40 44 55 40 46 54 36]
  [ 0  0 53 42 31 33 52 40 53 44 36 40 52]
  [ 0 56  0 36 41 50 30 53 45 49 51 52 40]
  [ 0 48 52  0 56 58 59 50 43 41 53 47 32]
  [ 0 43 52 40  0 46 43 33 43 57 38 41 57]
  [ 0 47 39 30 52  0 35 34 58 31 35 32 57]
  [ 0 38 43 37 42 42  0 52 45 43 37 41 34]
  [ 0 53 56 46 34 42 34  0 44 55 44 33 51]
  [ 0 33 33 53 58 45 43 51  0 42 46 38 49]
  [ 0 30 40 52 37 56 52 44 55  0 35 47 45]
  [ 0 50 31 59 31 35 52 52 37 55  0 31 53]
  [ 0 42 37 31 31 42 49 50 42 44 31  0 48]
  [ 0 37 52 47 43 46 35 30 59 59 34 34  0]]

 [[ 0 52 37 57 52 50 40 56 40 39 37 40 51]
  [ 0  0 48 30 43 43 52 32 50 50 57 50 33]
  [ 0 51  0 37 31 44 35 41 58 35 51 43 55]
  [ 0 35 46  0 51 58 51 49 43 43 31 33 49]
  [ 0 36 54 34  0 32 47 33 57 40 57 50 52]
  [ 0 57 44 34 51  0 36 50 47 50 57 50 51]
  [ 0 54 58 32 41 53  0 39 56 47 39 47 41]
  [ 0 52 35 46 44 54 50  0 57 40 30 59 32]
  [ 0 55 32 56 39 53 37 48  0 49 31 33 40]
  [ 0 30 44 53 56 56 45 55 42  0 31 35 34]
  [ 0 30 44 33 32 44 33 59 49 47  0 47 56]
  [ 0 58 40 30 39 31 58 59 45 52 59  0 58]
  [ 0 55 35 58 39 34 32 30 57 52 43 37  0]]

 [[ 0 42 49 51 40 41 51 59 33 32 45 40 42]
  [ 0  0 42 37 51 33 30 42 57 51 49 45 44]
  [ 0 52  0 37 50 51 54 36 51 41 54 56 37]
  [ 0 53 43  0 48 34 45 46 51 49 38 57 33]
  [ 0 59 32 54  0 31 50 43 31 47 38 56 51]
  [ 0 36 47 45 48  0 32 51 38 37 30 56 59]
  [ 0 35 52 49 31 57  0 30 53 33 31 58 34]
  [ 0 48 36 56 31 42 39  0 53 49 33 31 36]
  [ 0 58 51 52 33 57 36 53  0 33 54 34 59]
  [ 0 36 55 41 39 45 44 32 56  0 32 55 49]
  [ 0 51 33 52 35 48 43 49 38 41  0 42 52]
  [ 0 57 43 36 57 39 49 50 59 47 52  0 52]
  [ 0 50 53 40 47 50 50 50 52 56 51 40  0]]

 [[ 0 55 36 31 40 51 52 54 55 33 48 39 36]
  [ 0  0 33 43 49 44 40 49 53 46 59 44 58]
  [ 0 34  0 35 54 49 48 35 47 47 51 49 53]
  [ 0 41 55  0 37 32 41 40 50 41 46 38 51]
  [ 0 59 32 51  0 48 46 46 49 46 57 33 44]
  [ 0 59 56 30 50  0 51 31 51 36 32 37 31]
  [ 0 51 55 42 35 53  0 56 49 36 38 59 44]
  [ 0 34 51 35 53 34 39  0 39 31 51 39 54]
  [ 0 36 31 49 56 47 36 43  0 33 41 49 32]
  [ 0 32 33 49 39 54 47 32 59  0 30 33 37]
  [ 0 30 31 34 43 30 45 43 42 59  0 41 40]
  [ 0 46 37 44 47 52 47 56 50 45 34  0 56]
  [ 0 47 40 42 49 34 47 33 33 59 44 35  0]]

 [[ 0 45 40 56 52 52 53 58 44 31 49 50 30]
  [ 0  0 38 33 55 42 46 39 40 33 35 34 30]
  [ 0 43  0 49 51 50 44 39 34 45 59 42 42]
  [ 0 55 54  0 33 31 33 55 36 57 58 42 44]
  [ 0 41 51 55  0 42 34 37 31 30 47 38 55]
  [ 0 56 33 56 58  0 34 57 34 32 31 40 45]
  [ 0 59 43 31 52 31  0 57 54 37 33 47 40]
  [ 0 50 44 40 38 57 41  0 33 32 39 41 35]
  [ 0 49 47 36 51 49 42 48  0 59 47 49 46]
  [ 0 40 38 49 44 48 53 52 30  0 53 58 30]
  [ 0 58 59 53 31 33 33 48 49 30  0 35 30]
  [ 0 54 39 31 50 57 47 47 35 33 38  0 59]
  [ 0 37 38 33 56 57 30 36 52 42 39 49  0]]]
end
fixed_cost
[[2715 2674 2660 2636 2689 2733 2713 2671]]
end
unit_cost
[[51 59 60 62 61 53 34 48]]
end
job2fam
[[1 0 0 0 0 0 0 0 0 0 0 0 0 0 0 0 0 0 0 0 0 0 0 0 0 0 0 0 0 0 0 0 0 0 0 0
  0 0 0 0 0 0 0 0 0 0 0 0 0 0 0 0 0 0 0 0 0 0 0 0 0 0 0 0 0 0 0 0 0 0 0 0
  0 0 0 0 0 0 0 0 0 0 0 0 0 0 0 0 0 0 0]
 [0 1 0 0 0 0 0 0 0 0 0 0 0 0 0 0 0 0 0 0 1 0 0 0 0 0 0 0 0 1 0 0 0 0 0 0
  0 0 0 0 1 0 0 1 0 0 0 0 0 0 0 0 0 0 0 0 0 0 0 0 0 0 0 0 0 0 0 0 0 0 0 0
  1 0 0 0 0 0 0 0 0 0 0 0 0 0 0 0 0 0 0]
 [0 0 0 0 0 0 0 0 0 0 0 0 0 0 0 0 0 0 1 0 0 0 0 1 0 0 1 0 0 0 0 0 0 0 0 0
  0 0 0 0 0 0 0 0 1 0 0 0 1 0 0 0 1 0 0 1 1 0 0 0 0 0 0 0 0 0 0 0 0 0 0 1
  0 0 0 0 0 0 0 0 0 1 0 0 0 0 0 0 0 0 0]
 [0 0 1 0 0 0 0 0 0 0 0 0 0 0 0 0 0 0 0 0 0 0 0 0 0 0 0 0 0 0 0 0 0 0 0 0
  0 0 0 0 0 0 1 0 0 0 0 0 0 0 0 0 0 0 0 0 0 1 0 0 0 0 0 0 0 0 0 0 0 0 0 0
  0 0 1 0 0 0 0 1 0 0 1 0 0 0 0 0 0 0 1]
 [0 0 0 1 0 0 0 0 0 0 0 0 1 0 0 0 0 1 0 0 0 0 0 0 0 0 0 0 0 0 0 0 0 0 0 0
  0 0 0 0 0 1 0 0 0 1 0 1 0 0 1 0 0 0 1 0 0 0 0 0 0 0 0 0 0 0 0 0 0 0 0 0
  0 0 0 0 0 0 0 0 0 0 0 0 0 0 0 0 0 1 0]
 [0 0 0 0 0 0 0 0 0 1 0 0 0 0 0 0 0 0 0 0 0 1 0 0 0 0 0 0 1 0 0 0 0 0 0 0
  0 0 0 0 0 0 0 0 0 0 1 0 0 0 0 0 0 0 0 0 0 0 0 0 0 0 0 0 0 1 0 1 0 0 1 0
  0 0 0 0 0 0 0 0 0 0 0 0 0 0 0 0 0 0 0]
 [0 0 0 0 0 0 0 0 0 0 0 1 0 0 0 0 0 0 0 0 0 0 1 0 0 0 0 0 0 0 0 1 0 0 0 1
  1 0 0 0 0 0 0 0 0 0 0 0 0 0 0 0 0 1 0 0 0 0 1 1 0 0 0 0 0 0 0 0 0 0 0 0
  0 0 0 0 0 0 1 0 0 0 0 0 0 0 1 0 0 0 0]
 [0 0 0 0 0 1 0 0 0 0 0 0 0 0 0 1 0 0 0 0 0 0 0 0 1 0 0 0 0 0 0 0 0 0 0 0
  0 0 0 0 0 0 0 0 0 0 0 0 0 0 0 0 0 0 0 0 0 0 0 0 0 1 1 0 0 0 0 0 0 0 0 0
  0 0 0 0 1 0 0 0 1 0 0 0 0 0 0 1 0 0 0]
 [0 0 0 0 1 0 0 0 1 0 1 0 0 1 0 0 0 0 0 0 0 0 0 0 0 1 0 1 0 0 0 0 0 0 0 0
  0 0 0 0 0 0 0 0 0 0 0 0 0 0 0 1 0 0 0 0 0 0 0 0 0 0 0 0 0 0 0 0 0 1 0 0
  0 0 0 0 0 0 0 0 0 0 0 0 1 1 0 0 0 0 0]
 [0 0 0 0 0 0 0 1 0 0 0 0 0 0 0 0 0 0 0 0 0 0 0 0 0 0 0 0 0 0 0 0 0 1 0 0
  0 0 0 0 0 0 0 0 0 0 0 0 0 1 0 0 0 0 0 0 0 0 0 0 0 0 0 0 0 0 0 0 0 0 0 0
  0 1 0 0 0 1 0 0 0 0 0 0 0 0 0 0 1 0 0]
 [0 0 0 0 0 0 1 0 0 0 0 0 0 0 1 0 1 0 0 1 0 0 0 0 0 0 0 0 0 0 0 0 1 0 0 0
  0 0 1 0 0 0 0 0 0 0 0 0 0 0 0 0 0 0 0 0 0 0 0 0 0 0 0 0 0 0 1 0 0 0 0 0
  0 0 0 0 0 0 0 0 0 0 0 0 0 0 0 0 0 0 0]
 [0 0 0 0 0 0 0 0 0 0 0 0 0 0 0 0 0 0 0 0 0 0 0 0 0 0 0 0 0 0 1 0 0 0 1 0
  0 0 0 0 0 0 0 0 0 0 0 0 0 0 0 0 0 0 0 0 0 0 0 0 1 0 0 0 1 0 0 0 0 0 0 0
  0 0 0 1 0 0 0 0 0 0 0 0 0 0 0 0 0 0 0]
 [0 0 0 0 0 0 0 0 0 0 0 0 0 0 0 0 0 0 0 0 0 0 0 0 0 0 0 0 0 0 0 0 0 0 0 0
  0 1 0 1 0 0 0 0 0 0 0 0 0 0 0 0 0 0 0 0 0 0 0 0 0 0 0 1 0 0 0 0 1 0 0 0
  0 0 0 0 0 0 0 0 0 0 0 1 0 0 0 0 0 0 0]]
end
