mac
8
end
job
90
end
fam
12
end
proc_times
[[  0  91  91  12  65  98  92  41   7  94  77  82  39  53  58  50  85 100
   69  78  36  69   2  41  21  18  40  41  18  92  49   6  77  82  66  54
   73  89 100  66  69  53  36  16  18  80   6  47  88  73  81  74  84  95
   53  29  84   6  79  92  42  82  87  42  30  28  68  38  61  20  92 100
    8  24  65  66  47  53  38  54  80  72  92  61  46  46  36  73  28  73
   35]
 [  0  76  97  32  19  63  87  68  36  80  19  99  11  92  92  74  98  27
   13  44  83  38  38 100  33 100  46  88  54  38  52  61  63  32  42  90
   40  37  76  82  74  48  77  21  51  69  20  89  73  98  18  15  87  94
   86  93  39  66  71  30  73  14  96  69  98  83  98  32  47  61  25  53
   11   5   9  81  82  34   8 100  26  42  17  73  40  47  14  31  96  61
   12]
 [  0  77  12   4   7  14  73  81  24  10  25  63  45  79  54  33  70  15
   20  19  11  23  88   3  41  67  30  14  81  46   9  18  99  35  40  12
   75  50  12  84  82  96  51  85  83  95  48  11  68  47  73  61  46  88
   35  59  86  60  59  66  84  42  48   4 100  53   9  98  24   4  18  93
   57   3  10  91  15  12  57  63  11  99  37  84  82  11  94  66  99  90
   11]
 [  0  90  69  60  81  51   3  83  82  49  30  82  43  70  10  17  55  71
   11  45  82  47  32  30  10  39  99  21  37   4  30  96  45   2  26  38
    1  23  54  86  81  94  73  60  49  74  18  61  95  18  22  18  40  33
   65  61  25  98  75  37  27  70  53  83  81  60  89   5  88  77  51   8
   62   6  36  20  80  35  42   5  84  25  76  44  50  46  13  77  26   2
   18]
 [  0  79  93  92   7  48  94  62  77  69  69  96  89  95  93  82  29  77
   61  84  48  24  32  16   2  16   4  50  83  74  43  60  25  35   2   6
   19  57  66  62  38  58  97  28  46  20  38  94   1  19  61  65  85  72
   20  72  27  20   7  69   3  77  78  94  22  75  84  48  88  62  15  58
   46  37  43   8  85  89  88  95  30  58  99  32  18  48 100  41  41  48
   47]
 [  0  28  42  47  81  72  50  19  52  19  36  62  21  61  76  73  87  40
   16  77  99  35   5  36  70  62  97 100  84  87  44  37  97  15  56  43
   78   5  69  71  89  85  32  93  63  41  38  45  25  27  32  79  50  90
   25   8  14  72  56  90  31  98  44  56  61  30  67  22  32  31  97   7
   10  33   7  86  90  40  43  77  28  83  19  51  70  77  69  18  22  44
   30]
 [  0  65  58  76  46  71  94 100  17 100  68  59  36  36  41  58  56  76
   20  94  28  30  37  92  92  68  12  22   7  87  77  57  25  83  41  84
   57  96  99  34  73  34  63  73   4  49  82  83  58  31  63  41  85  58
   23  21  70  68  17  92  70  38  12  34  73  82   4  31  87  95  46   1
   67  22  46 100  79  55  59  46  19  69   6  18  81   9  97  17  61  24
   15]
 [  0  29  96  89  46  52  61  81  52  32  69  39  68  90  98  86  77  84
    8  59  58  43  62  14  34  64  35  10  40  88  17  79  53  95  52  91
   53  66  51  40  41  26  88  54  77   9  60  49  33  90  25  17   6  81
   82  68  41  12  40  63  77  19  66  30  53  56  60  91  30  96  89  37
   25  57   4  90  85  62  96  93  36  12  34  66  53  23  17  61  73  59
   66]]
end
weight
[[ 0 99 41 38 61 27  1 12  5 50 21 74 79 87 38 20 19  8 89 88 29 43 37 48
  70 79 84 52  5 40 65 12 96 99 70 61 36 99 64 23 80 59 27 77 81 37  7 94
  73 99 21 37 35 41 69 59 95 23 84 34 16 30 39 47 68 47 53 13 70 97 38 30
  15 51 48 36 45 18 35  1 61 48 42 96 66  9 37 53 52  9 60]]
end
setup_times
[[[ 0 47 58 36 36 45 47 30 42 37 30 41 58]
  [ 0  0 36 54 58 57 44 41 45 51 31 59 57]
  [ 0 52  0 34 57 45 52 30 38 59 38 41 50]
  [ 0 47 55  0 34 41 53 45 35 53 32 47 37]
  [ 0 36 57 40  0 33 51 39 52 54 38 40 59]
  [ 0 55 56 44 39  0 37 39 33 37 47 50 34]
  [ 0 36 51 34 34 39  0 50 54 43 39 31 45]
  [ 0 31 42 39 37 43 55  0 31 52 59 32 35]
  [ 0 41 41 53 56 53 44 42  0 44 45 50 33]
  [ 0 43 41 46 58 46 45 58 49  0 30 30 47]
  [ 0 35 36 36 40 55 39 54 43 50  0 39 46]
  [ 0 39 47 35 45 57 33 37 42 58 39  0 51]
  [ 0 47 31 30 54 53 41 40 32 51 35 33  0]]

 [[ 0 42 43 47 31 58 43 37 33 40 39 46 57]
  [ 0  0 56 45 47 35 51 59 34 53 30 36 32]
  [ 0 40  0 35 38 42 55 31 30 46 40 58 35]
  [ 0 41 36  0 49 54 30 34 30 43 39 36 34]
  [ 0 57 35 34  0 53 40 34 31 58 53 54 31]
  [ 0 34 31 57 57  0 50 42 59 51 39 58 35]
  [ 0 36 48 30 37 36  0 31 39 55 57 55 44]
  [ 0 36 43 53 38 59 40  0 37 55 40 55 32]
  [ 0 58 55 40 45 43 45 56  0 39 54 58 42]
  [ 0 33 52 56 33 30 34 44 44  0 38 33 38]
  [ 0 56 45 43 35 38 44 31 48 56  0 34 33]
  [ 0 32 47 44 31 49 46 32 59 40 54  0 31]
  [ 0 30 48 45 44 37 43 57 52 50 34 36  0]]

 [[ 0 45 35 31 41 49 56 31 31 47 45 49 32]
  [ 0  0 46 57 35 38 42 46 51 56 46 35 56]
  [ 0 51  0 55 38 53 34 45 49 44 34 58 52]
  [ 0 57 34  0 57 40 41 57 31 39 46 41 53]
  [ 0 46 53 33  0 51 31 38 59 37 33 35 47]
  [ 0 49 59 53 36  0 59 48 45 30 52 37 33]
  [ 0 55 37 51 45 57  0 45 54 38 49 50 59]
  [ 0 31 50 58 48 51 51  0 51 32 45 56 36]
  [ 0 40 47 49 31 44 38 34  0 59 48 49 30]
  [ 0 33 35 30 53 33 53 50 46  0 56 57 44]
  [ 0 49 32 55 49 54 36 44 33 32  0 49 43]
  [ 0 49 54 57 42 34 31 44 33 46 31  0 56]
  [ 0 34 41 42 56 40 54 43 58 31 35 43  0]]

 [[ 0 35 57 59 54 33 50 37 38 53 45 51 56]
  [ 0  0 40 58 42 59 43 53 45 59 52 32 48]
  [ 0 49  0 35 34 42 57 51 38 44 41 52 38]
  [ 0 52 53  0 48 37 50 31 58 59 48 58 41]
  [ 0 53 54 46  0 38 39 36 45 56 54 54 54]
  [ 0 34 42 51 49  0 59 42 49 58 47 30 38]
  [ 0 34 55 40 49 33  0 58 35 35 54 49 53]
  [ 0 59 30 32 34 56 55  0 57 53 42 58 38]
  [ 0 31 58 51 33 53 42 34  0 40 52 59 48]
  [ 0 41 36 44 57 45 57 51 50  0 40 38 34]
  [ 0 39 54 37 55 52 53 38 40 32  0 56 35]
  [ 0 45 56 53 53 36 54 55 50 50 35  0 54]
  [ 0 49 59 41 48 33 51 41 33 38 56 34  0]]

 [[ 0 51 40 51 44 37 48 52 52 40 49 50 36]
  [ 0  0 39 30 48 51 38 39 50 50 31 35 43]
  [ 0 49  0 33 40 53 37 35 52 34 32 50 33]
  [ 0 54 51  0 32 45 43 43 33 57 54 46 36]
  [ 0 37 48 37  0 48 50 32 38 50 37 31 38]
  [ 0 39 43 43 59  0 43 52 36 39 49 42 43]
  [ 0 42 33 31 31 37  0 48 33 31 47 59 42]
  [ 0 40 33 48 58 47 47  0 33 50 53 58 50]
  [ 0 57 42 52 31 58 30 42  0 51 37 32 53]
  [ 0 58 54 35 49 39 31 33 39  0 30 34 33]
  [ 0 43 59 35 57 43 37 59 41 39  0 46 49]
  [ 0 57 54 38 55 42 45 35 44 40 57  0 56]
  [ 0 30 55 35 43 38 36 33 35 42 32 40  0]]

 [[ 0 53 55 57 52 54 32 37 36 35 56 51 46]
  [ 0  0 41 50 30 38 37 32 35 49 31 30 54]
  [ 0 47  0 47 55 40 53 56 51 50 35 47 53]
  [ 0 55 39  0 33 46 47 37 40 54 33 53 38]
  [ 0 45 36 56  0 30 38 54 59 49 56 56 48]
  [ 0 45 49 49 59  0 39 49 39 30 54 46 47]
  [ 0 50 36 32 32 48  0 49 52 31 58 37 33]
  [ 0 55 52 35 47 37 38  0 51 46 39 57 37]
  [ 0 47 52 39 43 49 52 45  0 49 51 38 55]
  [ 0 34 36 53 40 50 45 36 32  0 51 39 32]
  [ 0 41 40 41 56 38 50 41 33 34  0 46 47]
  [ 0 39 53 59 43 46 35 42 44 55 32  0 34]
  [ 0 45 47 53 43 47 42 42 31 32 47 46  0]]

 [[ 0 35 52 49 49 55 57 36 45 47 36 30 55]
  [ 0  0 34 50 48 41 30 36 32 36 38 46 35]
  [ 0 52  0 40 46 59 36 39 57 59 44 33 41]
  [ 0 50 58  0 53 52 51 30 40 50 47 56 52]
  [ 0 57 56 41  0 48 46 57 41 55 59 37 42]
  [ 0 52 30 38 43  0 45 59 47 36 37 33 59]
  [ 0 39 47 57 41 42  0 50 59 35 45 42 53]
  [ 0 46 44 40 42 51 36  0 38 42 35 31 44]
  [ 0 35 33 35 56 52 57 32  0 59 52 59 37]
  [ 0 38 37 42 31 56 42 53 36  0 43 55 45]
  [ 0 44 35 38 44 51 33 54 44 32  0 38 37]
  [ 0 42 38 54 42 30 50 59 40 32 38  0 30]
  [ 0 57 35 57 47 37 43 40 30 56 45 52  0]]

 [[ 0 36 36 51 47 34 56 54 51 44 51 34 36]
  [ 0  0 54 54 41 56 39 32 50 52 56 54 36]
  [ 0 41  0 49 59 36 42 41 49 37 54 56 54]
  [ 0 53 53  0 43 47 47 37 37 55 57 43 37]
  [ 0 30 30 58  0 40 38 41 33 58 52 47 46]
  [ 0 55 47 35 59  0 34 35 45 34 33 39 38]
  [ 0 59 59 54 52 38  0 40 51 41 41 57 40]
  [ 0 49 58 38 50 50 42  0 50 32 44 40 32]
  [ 0 43 57 46 55 41 38 40  0 42 38 50 52]
  [ 0 40 42 40 31 56 33 35 57  0 33 52 37]
  [ 0 56 30 57 37 35 48 49 54 35  0 50 57]
  [ 0 35 32 58 34 31 48 36 56 34 56  0 37]
  [ 0 53 44 43 46 32 43 37 47 39 38 30  0]]]
end
fixed_cost
[[2427 2469 2390 2466 2458 2398 2408 2429]]
end
unit_cost
[[50 47 34 58 53 34 37 51]]
end
job2fam
[[1 0 0 0 0 0 0 0 0 0 0 0 0 0 0 0 0 0 0 0 0 0 0 0 0 0 0 0 0 0 0 0 0 0 0 0
  0 0 0 0 0 0 0 0 0 0 0 0 0 0 0 0 0 0 0 0 0 0 0 0 0 0 0 0 0 0 0 0 0 0 0 0
  0 0 0 0 0 0 0 0 0 0 0 0 0 0 0 0 0 0 0]
 [0 1 0 0 0 0 0 0 0 0 0 0 0 0 0 0 0 0 0 0 1 0 0 0 0 0 0 0 0 1 0 0 0 0 0 0
  0 0 0 0 1 0 0 1 0 0 0 0 0 0 0 0 0 0 0 0 0 0 0 0 0 0 0 0 0 0 0 0 0 0 0 0
  1 0 0 0 0 0 0 0 0 0 0 0 0 0 0 0 0 0 0]
 [0 0 0 0 0 0 0 0 0 0 0 0 0 0 0 0 0 0 1 0 0 0 0 1 0 0 1 0 0 0 0 0 0 0 0 0
  0 0 0 0 0 0 0 0 1 0 0 0 1 0 0 0 1 0 0 1 1 0 0 0 0 0 0 0 0 0 0 0 0 0 0 1
  0 0 0 0 0 0 0 0 0 1 0 0 0 0 0 0 0 0 0]
 [0 0 1 0 0 0 0 0 0 0 0 0 0 0 0 0 0 0 0 0 0 0 0 0 0 0 0 0 0 0 0 0 0 0 0 0
  0 0 0 0 0 0 1 0 0 0 0 0 0 0 0 0 0 0 0 0 0 1 0 0 0 0 0 0 0 0 0 0 0 0 0 0
  0 0 1 0 0 0 0 1 0 0 1 0 0 0 0 0 0 0 1]
 [0 0 0 1 0 0 0 0 0 0 0 0 1 0 0 0 0 1 0 0 0 0 0 0 0 0 0 0 0 0 0 0 0 0 0 0
  0 0 0 0 0 1 0 0 0 1 0 1 0 0 1 0 0 0 1 0 0 0 0 0 0 0 0 0 0 0 0 0 0 0 0 0
  0 0 0 0 0 0 0 0 0 0 0 0 0 0 0 0 0 1 0]
 [0 0 0 0 0 0 0 0 0 1 0 0 0 0 0 0 0 0 0 0 0 1 0 0 0 0 0 0 1 0 0 0 0 0 0 0
  0 0 0 0 0 0 0 0 0 0 1 0 0 0 0 0 0 0 0 0 0 0 0 0 0 0 0 0 0 1 0 1 0 0 1 0
  0 0 0 0 0 0 0 0 0 0 0 0 0 0 0 0 0 0 0]
 [0 0 0 0 0 0 0 0 0 0 0 1 0 0 0 0 0 0 0 0 0 0 1 0 0 0 0 0 0 0 0 1 0 0 0 1
  1 0 0 0 0 0 0 0 0 0 0 0 0 0 0 0 0 1 0 0 0 0 1 1 0 0 0 0 0 0 0 0 0 0 0 0
  0 0 0 0 0 0 1 0 0 0 0 0 0 0 1 0 0 0 0]
 [0 0 0 0 0 1 0 0 0 0 0 0 0 0 0 1 0 0 0 0 0 0 0 0 1 0 0 0 0 0 0 0 0 0 0 0
  0 0 0 0 0 0 0 0 0 0 0 0 0 0 0 0 0 0 0 0 0 0 0 0 0 1 1 0 0 0 0 0 0 0 0 0
  0 0 0 0 1 0 0 0 1 0 0 0 0 0 0 1 0 0 0]
 [0 0 0 0 1 0 0 0 1 0 1 0 0 1 0 0 0 0 0 0 0 0 0 0 0 1 0 1 0 0 0 0 0 0 0 0
  0 0 0 0 0 0 0 0 0 0 0 0 0 0 0 1 0 0 0 0 0 0 0 0 0 0 0 0 0 0 0 0 0 1 0 0
  0 0 0 0 0 0 0 0 0 0 0 0 1 1 0 0 0 0 0]
 [0 0 0 0 0 0 0 1 0 0 0 0 0 0 0 0 0 0 0 0 0 0 0 0 0 0 0 0 0 0 0 0 0 1 0 0
  0 0 0 0 0 0 0 0 0 0 0 0 0 1 0 0 0 0 0 0 0 0 0 0 0 0 0 0 0 0 0 0 0 0 0 0
  0 1 0 0 0 1 0 0 0 0 0 0 0 0 0 0 1 0 0]
 [0 0 0 0 0 0 1 0 0 0 0 0 0 0 1 0 1 0 0 1 0 0 0 0 0 0 0 0 0 0 0 0 1 0 0 0
  0 0 1 0 0 0 0 0 0 0 0 0 0 0 0 0 0 0 0 0 0 0 0 0 0 0 0 0 0 0 1 0 0 0 0 0
  0 0 0 0 0 0 0 0 0 0 0 0 0 0 0 0 0 0 0]
 [0 0 0 0 0 0 0 0 0 0 0 0 0 0 0 0 0 0 0 0 0 0 0 0 0 0 0 0 0 0 1 0 0 0 1 0
  0 0 0 0 0 0 0 0 0 0 0 0 0 0 0 0 0 0 0 0 0 0 0 0 1 0 0 0 1 0 0 0 0 0 0 0
  0 0 0 1 0 0 0 0 0 0 0 0 0 0 0 0 0 0 0]
 [0 0 0 0 0 0 0 0 0 0 0 0 0 0 0 0 0 0 0 0 0 0 0 0 0 0 0 0 0 0 0 0 0 0 0 0
  0 1 0 1 0 0 0 0 0 0 0 0 0 0 0 0 0 0 0 0 0 0 0 0 0 0 0 1 0 0 0 0 1 0 0 0
  0 0 0 0 0 0 0 0 0 0 0 1 0 0 0 0 0 0 0]]
end
