mac
8
end
job
100
end
fam
5
end
proc_times
[[  0  38   9  90  34  62  82  18  82  38  57  22  17  44  58  48  35  91
   74  79  33  65  53   6  90  34  54  34  11  59  75  91  55  29  80  22
   78  29  98  65   2  20  17  14  19 100  85  50  26  26  17  79  94  28
   27  19  68  36  36  31  80  43  99  68  99  58  94  98  65  40  67  42
    2  63  93  25   3 100  26  16  25  13  50  93  61  88  95  61  74  96
   89  66  25  94  76  69   5  13  52  14  82]
 [  0  47  17  50  58  71  83  46  94  13  34   2  33  65  93   2  84  40
   84  34  79  63  35  27  96  21  91  91  77 100  70  95  32  15  28  27
  100  60   2  10  96  74  48  93   4  48  14  55  50  47  14  70  50  23
   32  72  40  78  93  47  97  85   5   2  52  78  93  86  73  95  97  62
   51  15  19  29  42  45  19  78  75  71  96  62  84  50  41  86   4  39
   75  34  35  10  49   2   9  86  74  89  71]
 [  0  43  33  39   1  63  52  41  28  88  72  81  17  94  13  95  62  53
   74  84  44  17  80  75  87   6  32  85  50  84   9  72  69  57  22  95
   69  75  14  42  14  34  55  33  86  31  75  75  88  30  88  91  15  46
    3  66  23  55  42  39  50  74  60   5  95  10  88  64   5  66  27 100
   57  20  74   4  83  80  39  56  20  78   3  45  80  84  58  60  64  78
   79  64  76  39  99  37  34  77  91  62   9]
 [  0  54  90  36  58  69  45  37  51  28  60  43  74  22  80  75  52  41
   92  87  23  37   3  77  85  88  28  33  45  99  26   5  66  11  86  84
   57  16  56  79  75  95  98  13  35  32  58  80  74  99   3  47  28  20
   22  85  69  35  52  34  91  76  10  91  39 100  52  74  62  93  28  48
   64  14  79  71  80  98  70   7  57   8   2  80  44  41  71  16   9  96
   38  95  11  96  50  54  22   6  33  10   2]
 [  0  71  49  69  98  93  85  96  69  88  28  96  38  67  77  56  56  52
   29  19  91  16  19  76  35  96  33  90  53  17   2  24  97  34   1   4
   51  52  85  13  67  63  17  88  16  74  57  28  15  84  48  54  11  95
   39  55  45  77   6  15  72  12  36  53  66  76  39  21  75  87  72 100
   86  68  70  67  22  33  85  72  36  93  67  65  88  74  59  40  44  14
    7  18  25  53  24  40  11  86   7  14  87]
 [  0  78  39  12  88  97  11  72  55  10  52  42   1  37  30  79  44  48
   90  82  59   2  73  25  31   3  39   3  11  88  13  16  18  72  80  13
   58  17  30  50  99  17  79  46  48  84  40  46  70  62  75  20  17  11
   22  65  10  88  48  52  87  43  54  37  50  34  86  95  81  10  54  84
   21  66  36  19   5  28  13  50  43  94  89   2  47  52  90  92  28  55
   70  64  43  45  88  54  10  21   8  43  86]
 [  0  51  68  70   7  48  95  68  43  22  35  58  66  17  55  25   3  21
   95  83  77  63  40  92  56  46   3  18  32  69 100  75   2  52  57  49
   44  59  20  74  41  10   4  49  68  25  12  19  36  29  90  43  14   3
   61  51  74  65  80  91  77  72  37  94  87  15  38  23  73   9  57  74
   92  29  92  98  20  28  68  51  20  85  90  14  28  91   5  15  98  61
   92  20  38  21  64  32  96  26  34   1  98]
 [  0  69  95  66  84  35  55  19  47  42  57  83  34  24  60  44  15  62
   59  84  50  42  63   1  17  16   3  60  96  23  67  35  40  90  81  98
   91  51  51  35  22  36  43  68  12  19   3  15  74  13  28  40  99  66
   40  65  24  11  62  54  94  18  96  67  44  37  56  57  58  67  82  52
   26  44  90  26  49  39  96  58  49  51  60  49  82 100  95  36  77  15
    1   6  14  54  68  57  52  62  60  60  29]]
end
weight
[[ 0 82 58 83 66 77 60 13 27 77 47 49 95 50 11 51 35 82 76 79 53 63 67 70
  62 39 17 96 40 26 55 96 93 44 72 73 90 53 76 72 71 38 29 59 16 40 61 60
   3 59 34  2 11 73 15 61 15 74 18 11 47 19 24 23  1 84 28 40 99 47 88 68
  75 26 13 19 57 67 81 81  9 94 59 19 43 61 44 94 91 94 94 63 95 58  4 47
  50 92 53 83 84]]
end
setup_times
[[[ 0 49 57 48 45 56]
  [ 0  0 34 39 33 35]
  [ 0 48  0 54 55 56]
  [ 0 36 59  0 52 35]
  [ 0 58 38 34  0 53]
  [ 0 59 45 43 32  0]]

 [[ 0 42 31 36 59 59]
  [ 0  0 30 45 33 37]
  [ 0 36  0 42 33 53]
  [ 0 45 53  0 42 58]
  [ 0 47 35 30  0 33]
  [ 0 41 59 31 52  0]]

 [[ 0 48 39 30 32 34]
  [ 0  0 50 31 42 40]
  [ 0 43  0 43 56 50]
  [ 0 31 47  0 53 32]
  [ 0 41 34 58  0 32]
  [ 0 40 35 52 56  0]]

 [[ 0 57 44 59 38 55]
  [ 0  0 35 55 40 50]
  [ 0 40  0 42 44 58]
  [ 0 54 39  0 54 39]
  [ 0 54 31 53  0 52]
  [ 0 58 44 40 59  0]]

 [[ 0 36 52 53 47 49]
  [ 0  0 54 34 38 37]
  [ 0 46  0 44 56 51]
  [ 0 42 58  0 44 39]
  [ 0 33 48 49  0 50]
  [ 0 55 53 58 31  0]]

 [[ 0 41 54 58 48 47]
  [ 0  0 42 42 57 52]
  [ 0 44  0 59 39 36]
  [ 0 54 41  0 59 49]
  [ 0 39 39 36  0 56]
  [ 0 50 43 44 47  0]]

 [[ 0 39 32 40 43 48]
  [ 0  0 38 36 31 40]
  [ 0 42  0 44 42 59]
  [ 0 55 33  0 43 37]
  [ 0 39 59 53  0 50]
  [ 0 42 37 34 36  0]]

 [[ 0 54 34 30 58 56]
  [ 0  0 45 34 49 56]
  [ 0 58  0 49 42 43]
  [ 0 49 39  0 45 52]
  [ 0 45 34 33  0 42]
  [ 0 59 40 52 58  0]]]
end
fixed_cost
[[2830 2768 2802 2814 2727 2795 2810 2752]]
end
unit_cost
[[44 39 45 68 67 47 65 57]]
end
job2fam
[[1 0 0 0 0 0 0 0 0 0 0 0 0 0 0 0 0 0 0 0 0 0 0 0 0 0 0 0 0 0 0 0 0 0 0 0
  0 0 0 0 0 0 0 0 0 0 0 0 0 0 0 0 0 0 0 0 0 0 0 0 0 0 0 0 0 0 0 0 0 0 0 0
  0 0 0 0 0 0 0 0 0 0 0 0 0 0 0 0 0 0 0 0 0 0 0 0 0 0 0 0 0]
 [0 0 0 0 0 0 0 0 0 0 0 0 0 0 0 0 1 0 1 0 0 0 0 0 0 0 0 1 0 0 0 0 0 0 0 0
  0 1 0 0 1 0 0 0 0 1 0 0 0 0 0 0 0 1 1 1 0 0 0 0 1 0 1 1 0 0 0 0 0 0 0 0
  0 0 0 0 1 0 0 0 0 0 1 0 0 0 0 0 1 1 1 0 0 0 0 0 0 1 0 0 0]
 [0 0 1 0 0 0 1 1 0 0 1 0 0 0 0 1 0 0 0 0 0 0 1 0 0 0 1 0 0 0 0 1 0 1 0 0
  0 0 0 0 0 0 0 1 0 0 0 0 1 0 0 1 1 0 0 0 0 0 0 0 0 0 0 0 0 0 1 1 0 0 0 1
  0 0 0 0 0 1 0 0 0 0 0 0 0 0 1 0 0 0 0 1 0 1 0 0 1 0 1 0 0]
 [0 1 0 0 1 0 0 0 0 0 0 0 1 1 1 0 0 1 0 0 1 0 0 0 1 0 0 0 0 1 0 0 0 0 0 1
  1 0 0 0 0 1 0 0 0 0 0 0 0 1 1 0 0 0 0 0 0 1 0 0 0 0 0 0 0 0 0 0 1 1 0 0
  0 0 0 1 0 0 0 0 0 1 0 0 1 0 0 0 0 0 0 0 0 0 0 0 0 0 0 0 0]
 [0 0 0 0 0 1 0 0 1 1 0 0 0 0 0 0 0 0 0 1 0 1 0 0 0 0 0 0 1 0 0 0 1 0 0 0
  0 0 1 1 0 0 1 0 0 0 1 0 0 0 0 0 0 0 0 0 0 0 0 1 0 0 0 0 1 1 0 0 0 0 1 0
  1 0 0 0 0 0 1 0 1 0 0 1 0 1 0 0 0 0 0 0 1 0 1 0 0 0 0 0 1]
 [0 0 0 1 0 0 0 0 0 0 0 1 0 0 0 0 0 0 0 0 0 0 0 1 0 1 0 0 0 0 1 0 0 0 1 0
  0 0 0 0 0 0 0 0 1 0 0 1 0 0 0 0 0 0 0 0 1 0 1 0 0 1 0 0 0 0 0 0 0 0 0 0
  0 1 1 0 0 0 0 1 0 0 0 0 0 0 0 1 0 0 0 0 0 0 0 1 0 0 0 1 0]]
end
