mac
8
end
job
100
end
fam
5
end
proc_times
[[  0  52  92  96  80  39  49  59  43  70  65  24  27  76   5  11  39  14
   99   3  68  73  19  21  22  28  21  51  66  76  89  55  98  83   2  96
   23  69  61  37  75  28  63  36  72  30  27  87  58  58  35   3  69  44
   59  81  84  85  52  21   3   3  55  79  46  18  17  88  76  86  73  86
   79  59  93  53  98   4  58  71  10  65  33  83  17  74  95  61  38  95
   39  71   7  85  86  52  49  57  45  44  88]
 [  0  26  66  96  14  98  69   6  14   9  39  43  65  96  42  29  57  86
   21  19  18  91  43  14 100  46  72  96  98  62  51  46   4   3  50  91
   94  58  45  60  81  67  88  62  67  52  54  62  83  13  93  46  61  67
   81  67  33  22  47  54  45  77  82  95  87  93  32   2  48  71  50  12
   40  72  35  69  19  26  76  83  58   8  41  97  60   6  44   2   8  27
   80  26  80  89  67  27  15  99  66  84   4]
 [  0  51  75  76   4  45  51  68  25  21  30  41   5  59  91  62  68  26
   45  70  66  55  50  35  28  86  52  36  45  90  69  61  96  11  42  15
   97  14  96  32  88  27  34  81 100  91  90  17  94  69  64  66  53   5
   98  52  52  87  62  79  85  38  52  61  42  45   3  39  97  83  94  22
   26  85   9  35   8  70  22   6  31  43  75   6  19  31  71  20  12  40
   19  77  97  79  33  89  12  19  50  32  53]
 [  0  49  83  39  75  80  45  52  59  12  96  13  61  61  74   3  55  67
   83  94  56   4  26  67  51  18  44  15  18  34   7  99  57  45  97  90
   92  76  89  19  57   8  25  33  21  22   6  70  92  87  34 100  82  16
    7  69  58  27  86  47   6  68  95  37  22  40  39  34  70  78   3  60
   58  98  62  55   7  58   5  79  36  66 100  51  84  78  64  25  63  45
   29  22  27  69  38  85  56  17  39  31  57]
 [  0  50  52  16  86  81  71  86  85  74  46  78  86  12  25  50  35  55
   42  40  67  70  53  39  86  27  68  52  20  70   5  91  72   7  12  40
   29  73  91  40  33  22  23  51  29  39  17  14  76  92  24  61  91  65
   65  96  51  59  60  53  85  91  89  23  71  93  21  98  33  52  26  89
   82  81  64  67  18  58  40  22  71  74  45  58  69  82  90  87  88   9
   16  82  85  44   1  20  40  25  23  42  73]
 [  0  77  68  43  28  68  36   6  20  11  63  54  66  13  34  38  27  97
   79  22  10  29  90  46   1   9   7  86  12  69  74   3  24  49  29  28
    8  16  76  47  91  50   8  36  68  51  87  55  56  16   8   1  24  85
   66  20  10  26  16  75  36  21   5  55  71   2  83  75  84  34  79  77
   58  64  20  96  77  52  91  45  15  30  34   4  71  53  95  65  19  65
   25  94  76  73  61  46  43  85  61  19  52]
 [  0  69  79  56  89  18  56  61  62  50   8  37  29  36  77  36  61  78
   57   3 100  26  57  81  27  17  47   4  24  39  58  58  79  45  80  72
   32  22  60  58  25  53  27  92  43  94  29  23  54  87  48  62  39  78
   60  61  94  93  32  66  10  86  39  21  65  29  95   1  45  96  98   3
   80  90  43  64  56  91  76  43  49  69  48  50  57  35  31  77  37  76
   67  62  73  65  73  32  28  30  74  90  86]
 [  0  40  76  30  92  10  94  79  96  57  65   1   1  77   9  37  15  15
   13  86   9  56  97  53  47  87  19   2  56  69  80  87  34  40  83   4
    1  16  98  80  73  13   6  93  63  85  57  21  23   5  32  96  59  11
   33  36  34  14  36  69  70  75  50  96  34  45  31  51  59  53  75  73
   40  73  55  11  48  11  79  52   3  56  96  60  62  33  18  10  21  53
   45  55  15  82  73  56  91   9  52  52  34]]
end
weight
[[ 0 66 18 30  3 80  5 13 54 74 32 34 43 79 97 58 98 66  9 52 23 64 68 64
  11 46 78 24 58 78 98 27 58 34  5 43 27 51 28 56 62 28 62  2 69 93 12 87
  24 10 12 83 88 75 34 85 44 83 18 51 16 74 66 62 73 63 13 89 94 91 75 64
  18 14 74 31 60 94 95 89 83 59  1  6 58 25 79  9  4  5 46 48 88 98 13 13
  94 17 68 72 86]]
end
setup_times
[[[ 0 42 36 53 58 47]
  [ 0  0 50 33 43 37]
  [ 0 48  0 42 43 33]
  [ 0 47 36  0 44 31]
  [ 0 40 44 48  0 42]
  [ 0 47 49 38 38  0]]

 [[ 0 35 58 47 42 39]
  [ 0  0 43 57 49 36]
  [ 0 47  0 32 49 55]
  [ 0 59 36  0 35 57]
  [ 0 40 55 39  0 38]
  [ 0 58 38 39 33  0]]

 [[ 0 51 44 40 37 43]
  [ 0  0 34 51 41 57]
  [ 0 49  0 43 41 48]
  [ 0 57 34  0 40 52]
  [ 0 41 49 57  0 51]
  [ 0 42 55 35 43  0]]

 [[ 0 52 31 43 38 54]
  [ 0  0 34 57 31 58]
  [ 0 41  0 34 59 36]
  [ 0 32 37  0 59 58]
  [ 0 46 46 55  0 52]
  [ 0 31 43 44 35  0]]

 [[ 0 55 42 41 36 33]
  [ 0  0 30 42 32 44]
  [ 0 36  0 49 43 37]
  [ 0 33 39  0 43 55]
  [ 0 38 42 34  0 47]
  [ 0 47 38 38 31  0]]

 [[ 0 48 51 54 59 58]
  [ 0  0 33 32 40 45]
  [ 0 57  0 49 44 56]
  [ 0 38 49  0 42 46]
  [ 0 31 55 46  0 33]
  [ 0 44 48 46 37  0]]

 [[ 0 38 34 38 39 46]
  [ 0  0 47 37 47 49]
  [ 0 42  0 39 45 34]
  [ 0 35 38  0 51 46]
  [ 0 54 52 44  0 32]
  [ 0 39 55 42 53  0]]

 [[ 0 40 39 51 51 55]
  [ 0  0 41 37 33 59]
  [ 0 30  0 38 59 34]
  [ 0 41 40  0 59 59]
  [ 0 50 33 49  0 36]
  [ 0 35 37 33 33  0]]]
end
fixed_cost
[[2801 2823 2789 2851 2789 2850 2800 2836]]
end
unit_cost
[[59 67 53 66 51 46 49 45]]
end
job2fam
[[1 0 0 0 0 0 0 0 0 0 0 0 0 0 0 0 0 0 0 0 0 0 0 0 0 0 0 0 0 0 0 0 0 0 0 0
  0 0 0 0 0 0 0 0 0 0 0 0 0 0 0 0 0 0 0 0 0 0 0 0 0 0 0 0 0 0 0 0 0 0 0 0
  0 0 0 0 0 0 0 0 0 0 0 0 0 0 0 0 0 0 0 0 0 0 0 0 0 0 0 0 0]
 [0 0 0 0 0 0 0 0 0 0 0 0 0 0 0 0 1 0 1 0 0 0 0 0 0 0 0 1 0 0 0 0 0 0 0 0
  0 1 0 0 1 0 0 0 0 1 0 0 0 0 0 0 0 1 1 1 0 0 0 0 1 0 1 1 0 0 0 0 0 0 0 0
  0 0 0 0 1 0 0 0 0 0 1 0 0 0 0 0 1 1 1 0 0 0 0 0 0 1 0 0 0]
 [0 0 1 0 0 0 1 1 0 0 1 0 0 0 0 1 0 0 0 0 0 0 1 0 0 0 1 0 0 0 0 1 0 1 0 0
  0 0 0 0 0 0 0 1 0 0 0 0 1 0 0 1 1 0 0 0 0 0 0 0 0 0 0 0 0 0 1 1 0 0 0 1
  0 0 0 0 0 1 0 0 0 0 0 0 0 0 1 0 0 0 0 1 0 1 0 0 1 0 1 0 0]
 [0 1 0 0 1 0 0 0 0 0 0 0 1 1 1 0 0 1 0 0 1 0 0 0 1 0 0 0 0 1 0 0 0 0 0 1
  1 0 0 0 0 1 0 0 0 0 0 0 0 1 1 0 0 0 0 0 0 1 0 0 0 0 0 0 0 0 0 0 1 1 0 0
  0 0 0 1 0 0 0 0 0 1 0 0 1 0 0 0 0 0 0 0 0 0 0 0 0 0 0 0 0]
 [0 0 0 0 0 1 0 0 1 1 0 0 0 0 0 0 0 0 0 1 0 1 0 0 0 0 0 0 1 0 0 0 1 0 0 0
  0 0 1 1 0 0 1 0 0 0 1 0 0 0 0 0 0 0 0 0 0 0 0 1 0 0 0 0 1 1 0 0 0 0 1 0
  1 0 0 0 0 0 1 0 1 0 0 1 0 1 0 0 0 0 0 0 1 0 1 0 0 0 0 0 1]
 [0 0 0 1 0 0 0 0 0 0 0 1 0 0 0 0 0 0 0 0 0 0 0 1 0 1 0 0 0 0 1 0 0 0 1 0
  0 0 0 0 0 0 0 0 1 0 0 1 0 0 0 0 0 0 0 0 1 0 1 0 0 1 0 0 0 0 0 0 0 0 0 0
  0 1 1 0 0 0 0 1 0 0 0 0 0 0 0 1 0 0 0 0 0 0 0 1 0 0 0 1 0]]
end
