mac
8
end
job
100
end
fam
5
end
proc_times
[[  0  78  81  56  24  66  96   3   8  76  44   3  12  56  67  90  24  28
   67  10   7  51   2  69  14  61  19  35  15   5  86  64  22  21  59  92
    6  51  29   8  32  10  96  50  43  19  35  81  50  19  55  19  19  98
    7  14  56  93  44  29  21  57  48  70  92  81  88  42  67  10  88   3
   46   3  93  83  23  60  52  36  73  91  24  43  89  86  47  62  97   6
   45  52  11  34  59  48   6  41  18  25  21]
 [  0  85  87  97   4  82  54  50  32  27  78  17  40  39  57 100  11   9
   48  78  21  16  46  64  85  34  63  24 100  52  68  15  15  70  49  45
   58  86  77  56   1  16  79  68  45  38  84  47  52  85  32  45  53  14
   42  70  72  39  40  12  29  61  48  13   1  79 100  14  42  97  63  93
   62  63   7  45  45  87  31  68  61  98  14  92  73   8  36  76  37  66
   95  87  51   8  12  97  43  69  38  54  83]
 [  0  61  14  47  20  51  38  35  11  80  12  43   7  73  36  58  44  83
   94  67  18  73  64  83  22   3  90  17  57  13  48  69  48  33  40  49
   97  21  21  78  67  99  33  37  24  40  71  40   2   9  34  22   3  88
   70  19  49  68  98  16  35  41  61  13  53  19  24  11  96  95  57  89
   31  99  18  46  82  23  27  67  33  66  22  89  60  15  49  96  87  84
   48  60  81  96  36  32  76  54  10  30  40]
 [  0  50  16   5  74  63  58  22  53  29  28  18  75  64  12  61  21  52
   67  81  40  14   7  84  93  55  91  56  41  59  39  79  78  34  46  66
   23  42  56  68  16  72   9  36  50  93  98  57  44  83  62  15  53  46
    9  84  20  92  50  81  69  20  29  94  84  79  77  95  23  18  85   5
   43  37  98  25  13  34  49   7  20  15  40  59  35  20  20  14  27  84
    4   2  67  51 100  66   1  13  62  99  50]
 [  0   2  43  25  64  45  41   8  69  45  88  67  62  75  66  10  56   3
   45  69   5  63  76  37  87  68  49  96  30  64  85  55  99  42  63  79
   47  26  39  24  90  73   4  77   7   2   6  95  74  20  22  41  44  32
   30  70  44  46  91  98  49  80  81  18  54  62  45   7  76  69  98  76
   30  59  10  94  73  72   5  56  50  54  24  89  20   8   8  15  65  65
   97  71  53  32  93  15  79  55  60  23  40]
 [  0  53  27  15  92  35  43  82  59   8  17  87  45  79  69  93  84  46
   57  79  54  36  21   8  64  92  35  49  57   5  94  35  47  96  29  53
   70  28  12  10  26  96  79  59  66  32  37  91  22  11  28  42  33  93
    1  30  26  96  46  71  20   6  12  31  50  72  31  59  13   2  14  64
   43  43   8  41  96  73  20  77  59  75  53  21   2  96  61  69   2  50
   27  54  90  92  12  14  48  21  92  43  34]
 [  0  43  64  44  28  20  59  93  12  99  27  32  16  83  81  69  26  84
   98  24   7  51  29  85  89  85  46  54  44  78  39  78  47  74  79  26
   47  82  68  94  52  71  94  34  45  55  78  12  12  78  77  54  11  11
   32  43  67  42  76  41  53  13  48  54  50  35   8  68  43  60  74  14
   62  60  61  13  87  11  41  62  98  79  49   1  23  92  90  23  30  37
   50  17  89  68  70  86  16  42  46   1  45]
 [  0  13   7  13  66  95  36  51  82  69  51  96  92  39  53  76  97  89
   19  94  97  63  77  37  17  74  67  10  83  74  50   2  73  59  63  45
   46  34  74  48  12  73  44  18  25  31   3  54  16  92  45  38  23  23
   87   6  37  34 100  79  20  39  27  72  66  69  88  50  81  69  74  81
   44  53  27  46  65  59   7  63  78  41  82  69  97   6  64  50  76  64
   56  97   6  64  11   1  30  85  34  85  95]]
end
weight
[[ 0 66 53 83 17  6 68  9 28 54 66 41  2 29 64 24 77 74 47 47 86 17 61  4
  93 65 74 10 16 11 62 70 63 15 87 29 37 36 91 13 98 99 17 55 43 34 79 81
  22 43 36 31 83 25 81  1 11  7 85 77 94 37 44 69 36 29 27 55 99  7 84 66
  30 49 58 38 23 99 23 80  4 92 67 11 41 82 79 14  9 21 86 47 11 27 83 94
   4  1 17 93 86]]
end
setup_times
[[[ 0 59 33 52 55 58]
  [ 0  0 46 46 49 56]
  [ 0 47  0 31 45 38]
  [ 0 45 46  0 39 43]
  [ 0 55 45 30  0 43]
  [ 0 48 37 45 36  0]]

 [[ 0 45 38 53 55 44]
  [ 0  0 47 47 44 47]
  [ 0 37  0 38 42 52]
  [ 0 32 56  0 53 44]
  [ 0 53 35 31  0 36]
  [ 0 42 57 31 36  0]]

 [[ 0 37 58 30 49 40]
  [ 0  0 30 53 40 50]
  [ 0 37  0 30 46 58]
  [ 0 40 47  0 33 31]
  [ 0 52 54 45  0 47]
  [ 0 33 34 31 55  0]]

 [[ 0 47 57 40 46 45]
  [ 0  0 56 49 42 31]
  [ 0 42  0 58 49 46]
  [ 0 40 59  0 37 32]
  [ 0 38 39 31  0 37]
  [ 0 59 42 57 33  0]]

 [[ 0 55 33 53 40 53]
  [ 0  0 40 55 57 48]
  [ 0 30  0 56 40 56]
  [ 0 56 57  0 33 52]
  [ 0 53 56 55  0 41]
  [ 0 46 58 55 35  0]]

 [[ 0 59 35 43 54 46]
  [ 0  0 42 39 48 35]
  [ 0 35  0 41 38 56]
  [ 0 52 39  0 55 34]
  [ 0 51 56 53  0 36]
  [ 0 54 31 57 47  0]]

 [[ 0 37 37 59 40 58]
  [ 0  0 33 48 48 59]
  [ 0 49  0 50 57 38]
  [ 0 36 41  0 46 38]
  [ 0 38 32 30  0 38]
  [ 0 31 44 59 58  0]]

 [[ 0 41 39 48 52 41]
  [ 0  0 49 40 38 30]
  [ 0 53  0 52 37 48]
  [ 0 32 53  0 46 30]
  [ 0 35 40 52  0 50]
  [ 0 33 57 49 32  0]]]
end
fixed_cost
[[2205 2242 2268 2234 2221 2221 2243 2283]]
end
unit_cost
[[61 34 43 35 64 52 33 42]]
end
job2fam
[[1 0 0 0 0 0 0 0 0 0 0 0 0 0 0 0 0 0 0 0 0 0 0 0 0 0 0 0 0 0 0 0 0 0 0 0
  0 0 0 0 0 0 0 0 0 0 0 0 0 0 0 0 0 0 0 0 0 0 0 0 0 0 0 0 0 0 0 0 0 0 0 0
  0 0 0 0 0 0 0 0 0 0 0 0 0 0 0 0 0 0 0 0 0 0 0 0 0 0 0 0 0]
 [0 0 0 0 0 0 0 0 0 0 0 0 0 0 0 0 1 0 1 0 0 0 0 0 0 0 0 1 0 0 0 0 0 0 0 0
  0 1 0 0 1 0 0 0 0 1 0 0 0 0 0 0 0 1 1 1 0 0 0 0 1 0 1 1 0 0 0 0 0 0 0 0
  0 0 0 0 1 0 0 0 0 0 1 0 0 0 0 0 1 1 1 0 0 0 0 0 0 1 0 0 0]
 [0 0 1 0 0 0 1 1 0 0 1 0 0 0 0 1 0 0 0 0 0 0 1 0 0 0 1 0 0 0 0 1 0 1 0 0
  0 0 0 0 0 0 0 1 0 0 0 0 1 0 0 1 1 0 0 0 0 0 0 0 0 0 0 0 0 0 1 1 0 0 0 1
  0 0 0 0 0 1 0 0 0 0 0 0 0 0 1 0 0 0 0 1 0 1 0 0 1 0 1 0 0]
 [0 1 0 0 1 0 0 0 0 0 0 0 1 1 1 0 0 1 0 0 1 0 0 0 1 0 0 0 0 1 0 0 0 0 0 1
  1 0 0 0 0 1 0 0 0 0 0 0 0 1 1 0 0 0 0 0 0 1 0 0 0 0 0 0 0 0 0 0 1 1 0 0
  0 0 0 1 0 0 0 0 0 1 0 0 1 0 0 0 0 0 0 0 0 0 0 0 0 0 0 0 0]
 [0 0 0 0 0 1 0 0 1 1 0 0 0 0 0 0 0 0 0 1 0 1 0 0 0 0 0 0 1 0 0 0 1 0 0 0
  0 0 1 1 0 0 1 0 0 0 1 0 0 0 0 0 0 0 0 0 0 0 0 1 0 0 0 0 1 1 0 0 0 0 1 0
  1 0 0 0 0 0 1 0 1 0 0 1 0 1 0 0 0 0 0 0 1 0 1 0 0 0 0 0 1]
 [0 0 0 1 0 0 0 0 0 0 0 1 0 0 0 0 0 0 0 0 0 0 0 1 0 1 0 0 0 0 1 0 0 0 1 0
  0 0 0 0 0 0 0 0 1 0 0 1 0 0 0 0 0 0 0 0 1 0 1 0 0 1 0 0 0 0 0 0 0 0 0 0
  0 1 1 0 0 0 0 1 0 0 0 0 0 0 0 1 0 0 0 0 0 0 0 1 0 0 0 1 0]]
end
