mac
8
end
job
100
end
fam
8
end
proc_times
[[  0  47  28  90  43  55  67  71  37  62  21   6  65  69  95  50  38  46
   16  88  31  18  84  21  71  68  66  98  24  98  10  39   8  39  74  72
   42   7  63  71   8  47  58  57  89  22  17  60  74  79   4  75  41  74
   13  16  18  48  83  39  22  77  16  35  61  31  23  29  24  45   4  23
   79  53  46   8  40  36 100  56  68  61  29   9  11  11  61  47  82  74
   94  62  23  78  19  26  40  83  32  36  43]
 [  0  46  82  11  36   7   2  18   5  49  63   8  40  29  44  81  19  90
    6  40  94  16  49  49  43  15  21  30 100  72  41  14  23  73  75  95
   64  55  11  63  71  82  76  89  97  61  70  83  71  66  37  98   1  76
   30  18  71  18  28  36   2   9  78  48  14  97  68  15  77  21  87  41
   24  27  25  85  23  19   8  92   8  88  45  65  82  93  50  32  72   4
   16  24  33  87  39  62  38  70  36  17  44]
 [  0  69  64  60  95  13  75  40  83  42  90  40  42   8   2  13  61  11
   39  65   2  72  17  30   2  51   2  24  14  24  77   3  11  72  35  85
   17  25  65  95  78  61  44  62  36  99   4  68  69  87  22  29  36  74
   84  17  86   2  64  69  46  99  24  45  91  26  78  83  11  20  58  82
   27  91  86  98  72  15  89  84  94  25  73  22  32  66  72  13   1   1
   27  66   4  97  95  95  82   7  20  18  15]
 [  0  80  20  77  69  53  37  43  26  13   3  45  31  95  86  45  29  19
   66   9  81  61  16  52  67  40  52  54  78  95  21  19  77  15   2  52
   39  92  25  43  36  83  40  94  73  39  29   4  11  58  91  15  58   1
   83  48  39  17  99   7  97  66  29  48  56  46  29  44  29  54   6  23
   84  94  53  65  40  28  63   9  39   3  48  86   7  75  13  87  50  56
    4  25  95  39  44  30   8  47  11  90  27]
 [  0  56  58  66  11  43  15  73  24  66  83  76  88  25   9  69  53  22
   59  48  74  30  45  33  30  74  20   8  55  43  29  54  41  38  67  52
   41  33  45   2  38  66  35  57  33  32  34  73  25  50  71  89  51  66
   70  39  51  79  93  24   6  44  81  43   7  84  62  61   9  37  56  37
   33   4  46  64  72  37  85  44  87  63  11  92  89  24  19  97  35  83
   23  10  49  63  46  86  94  33 100  23  74]
 [  0  52  67  35  92  80  52  35  39  24  13  31  27  69  40  35  94  51
   12  46  28  25  35 100 100   7  12  87  95  79  25  82  51 100  22  36
   20  86  86  64  22  96  89  59  57  38  18  28  47  74  31   5  63   8
   60  49  53  49   6  55  53  38  87  81  35   3  30  40  67  80  19  27
   92  90  48  95  95  84  85  10  84  23  39  50  12  16  38  33  48  36
   26  76  49  47   7  71  49  27  82  15  80]
 [  0  87  32  29  24  75 100  53  69  57  23  45  99  57  55  88  44  53
   95   3  50  24  79  15   3  41  13  86  92  32  51  16  39  38  86  63
   41  99  86  77  89  14   6  98  37  29  42  28  15  79  47  53  36  55
   80  94  23  46  98  69  40  15  22  92  61 100  38   9  77  50  32 100
   56  65  53  92   8  89  42  71  55  86  18  49  56  47  15 100  20  34
   97  59  47  67  17  37  78  63  36  92  59]
 [  0  75  99  33  65  64  55  88  34   6  26  95  97  90  72  89   9  71
   83  87  38  69  34  60  80  11   3  32  61  43  82  29  85  76  29  46
   65  43   1  76  78   4  39  89  77  26  45  49  78  39  30  15  55  16
   61  83  46  13  12  82  30  20  60   3  51  15  59  58  52  86  95  39
   67  53  17  66   5  37  56  77  71  72  52  14  88  40  38   2  38  57
   21  20  89  28  82  89  20  41  48  93  82]]
end
weight
[[ 0 78 17 90 93 35 70 70 17 51 74 88 31 81 80 33 34  4 44 54 31 43 76 17
  42 29  5 97 94 56 29 15 36 63 51 25  1 18 13 15 54 49 79 98 81 18 34 86
  42 51  3 56 40 68 89 40 24 47 67 69 82 68 52 95 10 22 39 60 63 90 36 14
  90  2  3 96 49 61 85  3 85 28 60 80 76  4  3 66 44 72 75 35  1 42 40 26
  67 59 55 10 37]]
end
setup_times
[[[ 0 52 30 47 39 49 49 35 45]
  [ 0  0 58 40 34 59 34 52 33]
  [ 0 50  0 39 59 55 51 36 57]
  [ 0 40 43  0 57 57 35 47 43]
  [ 0 41 59 54  0 39 49 43 53]
  [ 0 54 41 57 56  0 31 44 47]
  [ 0 45 32 54 37 37  0 42 53]
  [ 0 40 58 57 45 33 41  0 46]
  [ 0 57 57 30 57 31 30 36  0]]

 [[ 0 51 34 56 57 50 39 52 30]
  [ 0  0 34 58 48 54 40 48 49]
  [ 0 33  0 35 42 42 44 58 54]
  [ 0 56 59  0 34 36 52 30 34]
  [ 0 53 49 39  0 46 33 41 56]
  [ 0 34 56 57 50  0 33 58 55]
  [ 0 46 39 45 58 44  0 30 43]
  [ 0 38 31 47 33 38 32  0 30]
  [ 0 33 57 44 50 36 35 45  0]]

 [[ 0 43 50 33 36 56 55 43 32]
  [ 0  0 38 40 38 36 59 30 39]
  [ 0 39  0 43 47 38 55 55 51]
  [ 0 53 44  0 47 48 34 38 39]
  [ 0 56 32 36  0 59 38 58 59]
  [ 0 49 36 47 38  0 43 39 47]
  [ 0 33 34 39 40 38  0 53 53]
  [ 0 49 53 50 33 55 46  0 34]
  [ 0 50 58 47 55 59 38 34  0]]

 [[ 0 39 47 54 45 31 46 32 48]
  [ 0  0 37 53 54 39 32 59 48]
  [ 0 30  0 44 33 44 53 32 30]
  [ 0 34 48  0 31 31 54 33 45]
  [ 0 31 54 43  0 56 33 49 47]
  [ 0 33 58 44 44  0 44 42 41]
  [ 0 50 39 43 52 30  0 57 32]
  [ 0 43 54 31 48 32 39  0 43]
  [ 0 50 45 38 53 31 35 59  0]]

 [[ 0 48 57 42 58 46 42 30 32]
  [ 0  0 57 38 56 36 34 43 51]
  [ 0 39  0 48 42 31 46 38 51]
  [ 0 30 53  0 57 40 52 32 48]
  [ 0 43 30 39  0 59 53 50 35]
  [ 0 54 36 55 45  0 42 35 48]
  [ 0 43 58 57 59 54  0 38 47]
  [ 0 51 47 31 47 37 45  0 34]
  [ 0 39 55 56 37 39 43 57  0]]

 [[ 0 58 40 49 30 42 55 48 35]
  [ 0  0 39 47 49 53 39 41 57]
  [ 0 56  0 54 37 32 31 56 32]
  [ 0 39 46  0 36 46 45 50 47]
  [ 0 37 32 34  0 39 47 44 35]
  [ 0 35 59 34 54  0 53 35 41]
  [ 0 33 38 50 48 58  0 31 59]
  [ 0 55 43 37 42 44 47  0 47]
  [ 0 31 53 39 38 46 34 53  0]]

 [[ 0 44 52 49 35 47 32 34 47]
  [ 0  0 59 56 41 56 30 55 31]
  [ 0 55  0 36 52 43 52 43 36]
  [ 0 33 47  0 37 42 43 41 41]
  [ 0 56 57 39  0 47 46 40 49]
  [ 0 50 55 32 54  0 36 43 39]
  [ 0 40 32 46 46 49  0 41 42]
  [ 0 34 43 42 49 50 48  0 49]
  [ 0 54 51 59 56 34 40 57  0]]

 [[ 0 44 55 42 46 40 52 53 59]
  [ 0  0 39 59 47 51 59 37 57]
  [ 0 36  0 33 56 56 42 43 46]
  [ 0 32 34  0 47 30 45 52 31]
  [ 0 53 33 46  0 45 36 38 42]
  [ 0 54 55 35 50  0 46 44 39]
  [ 0 44 40 48 41 41  0 42 40]
  [ 0 42 54 33 58 47 41  0 50]
  [ 0 34 46 34 57 32 43 56  0]]]
end
fixed_cost
[[2537 2536 2596 2577 2575 2553 2605 2627]]
end
unit_cost
[[63 42 42 62 55 45 48 61]]
end
job2fam
[[1 0 0 0 0 0 0 0 0 0 0 0 0 0 0 0 0 0 0 0 0 0 0 0 0 0 0 0 0 0 0 0 0 0 0 0
  0 0 0 0 0 0 0 0 0 0 0 0 0 0 0 0 0 0 0 0 0 0 0 0 0 0 0 0 0 0 0 0 0 0 0 0
  0 0 0 0 0 0 0 0 0 0 0 0 0 0 0 0 0 0 0 0 0 0 0 0 0 0 0 0 0]
 [0 0 0 0 0 0 0 0 0 0 0 0 0 0 0 0 0 0 0 0 0 0 0 0 0 0 0 0 0 0 0 0 1 0 0 0
  0 0 0 0 0 1 0 0 0 0 0 0 1 0 1 0 1 0 0 0 0 0 0 0 1 0 1 0 0 0 0 0 0 0 0 0
  0 0 0 0 0 0 0 1 0 0 1 0 0 0 0 0 0 0 0 0 0 0 0 0 0 0 0 0 0]
 [0 0 0 0 0 0 1 0 0 0 0 0 0 0 0 0 1 0 1 0 0 0 1 0 1 0 0 0 0 0 0 0 0 0 0 0
  0 1 0 0 0 0 1 0 0 0 0 0 0 1 0 0 0 0 0 0 0 0 0 0 0 0 0 0 0 0 0 0 0 0 0 0
  0 0 1 0 0 0 0 0 0 0 0 1 0 0 0 0 0 0 0 0 1 0 0 0 0 0 0 1 0]
 [0 1 1 0 0 0 0 0 1 0 0 0 1 0 0 1 0 0 0 0 0 0 0 0 0 0 1 0 0 1 0 0 0 0 0 0
  0 0 0 0 0 0 0 0 0 0 0 0 0 0 0 0 0 0 1 0 0 1 0 0 0 0 0 1 1 0 1 1 0 0 1 0
  1 0 0 0 0 0 0 0 0 0 0 0 0 0 0 0 0 1 0 1 0 1 0 0 0 0 1 0 0]
 [0 0 0 0 0 0 0 0 0 0 0 0 0 1 1 0 0 0 0 1 0 0 0 0 0 0 0 0 0 0 0 1 0 0 0 1
  1 0 0 0 0 0 0 0 0 1 0 1 0 0 0 0 0 0 0 0 0 0 0 1 0 0 0 0 0 1 0 0 0 1 0 0
  0 0 0 0 0 0 0 0 0 0 0 0 0 0 1 0 0 0 0 0 0 0 1 0 1 1 0 0 0]
 [0 0 0 0 0 0 0 1 0 0 0 0 0 0 0 0 0 0 0 0 0 0 0 0 0 0 0 0 0 0 0 0 0 0 1 0
  0 0 0 0 0 0 0 0 1 0 0 0 0 0 0 0 0 0 0 1 0 0 1 0 0 0 0 0 0 0 0 0 1 0 0 0
  0 0 0 0 0 0 0 0 1 0 0 0 0 0 0 0 0 0 1 0 0 0 0 0 0 0 0 0 0]
 [0 0 0 0 0 1 0 0 0 1 0 0 0 0 0 0 0 0 0 0 1 0 0 0 0 1 0 0 0 0 0 0 0 1 0 0
  0 0 0 0 1 0 0 1 0 0 0 0 0 0 0 0 0 0 0 0 0 0 0 0 0 0 0 0 0 0 0 0 0 0 0 0
  0 1 0 0 0 1 0 0 0 1 0 0 1 0 0 1 1 0 0 0 0 0 0 1 0 0 0 0 0]
 [0 0 0 1 1 0 0 0 0 0 0 1 0 0 0 0 0 0 0 0 0 1 0 0 0 0 0 0 0 0 1 0 0 0 0 0
  0 0 0 1 0 0 0 0 0 0 0 0 0 0 0 1 0 1 0 0 0 0 0 0 0 1 0 0 0 0 0 0 0 0 0 0
  0 0 0 1 0 0 1 0 0 0 0 0 0 1 0 0 0 0 0 0 0 0 0 0 0 0 0 0 0]
 [0 0 0 0 0 0 0 0 0 0 1 0 0 0 0 0 0 1 0 0 0 0 0 1 0 0 0 1 1 0 0 0 0 0 0 0
  0 0 1 0 0 0 0 0 0 0 1 0 0 0 0 0 0 0 0 0 1 0 0 0 0 0 0 0 0 0 0 0 0 0 0 1
  0 0 0 0 1 0 0 0 0 0 0 0 0 0 0 0 0 0 0 0 0 0 0 0 0 0 0 0 1]]
end
