mac
8
end
job
100
end
fam
12
end
proc_times
[[  0  92  77  34  44  73  65  74  21  27  18  37  10  14  13  47  23  65
   12  75  82  33  64  32  50  78  19  88  87  76  68  48  68  95  66  37
   77  41  68  50  75  41 100  81  77  37  40  26  66  13  34  16  67  81
   16  88  52  14  78  80  62  13  96   8  14  44  48  27  50  51  59  20
   12  59  25  33  97  33 100  16  92  46  21  43   3  94  60   6  50  82
   51   4  83  10  62  67  90  79 100  31  15]
 [  0  30  48  55  48  11  29  23  89  21  12  71  43  81  10  78   8  12
   66  94  37   2  87  48   5  94  27  82  15  17  13  18  43  26  31  72
   81  47  13  50  23  88  67  97  10  41  58  65  93  74   4  64  41  35
   17  28  78  59  25  80   7  33  35  11  17  96  84  70  32  92  90  74
   62  75  72  29  41  62  42  83  98   8  66  21  20  69  76  62  81  17
    8  90  20  67  89   1  20  38  31  55  87]
 [  0  53  29  97  25   8  27  96  36  61   5   2  63  99  19   2  10  75
   33  55  80  86  34   7  60  97  54  16  30  65  97  10   7  47  10   1
   13  36  35  53  58  88  75  18  28  39  50  22  11  38  83  52  57  44
   12  22   5  35  27  85  60  27  39   9  27  71  42  55   4  81  64  60
   78  17  88  68   9  95  22  40  50  66  24  40  81  71   7  61  82   9
   88  12  47  82  70  44  74  56  77   6  80]
 [  0  54  47  56  45  69  41  67  51  96  79  67  57  52  70  71  23  68
   83  26  54  25   4  14  91  63  59   9  98  12  99  37  23  37   9  94
   39  10  74  22  66  86  29  23  41  73  87  28  64  39  48  32  10   9
   50  66  97  35  71  44   1  22  21  58  35  73  61  92  21  39   2   9
   69  91  13  42  97  92  20   9   8  53  55  68   8   3  67   5  41  47
    3  53  53  68  46  13  29  63  46   6  49]
 [  0  38   7  41  98  83  13  46   5  17  42  67  88  29  52   6  16  20
   42  25  80  27  61  26  14  14  34  94   9  60  45  47  45  59  94  80
   51  28  25  85  31   6  31  39  65  93  74  12  38  85  14  71   3  81
   30  35  95  33   8  14  41  56  89  95  51  37  30  50  48  52  39  62
   98 100  45  44  72  17  16  78   9  58  55  22  45  86   2  88  37  50
    3   2  93  92  14  39  19  86  42  40  51]
 [  0  57  17  42  32  82  61  17  57   8  67  20  93  58  52  93  36  39
   71  30  67  46  42  11  71  34  49  86  90  38  51  30  81  38  53  66
   46  13   5  69  14  63  17  74  53  93  27   5  89  67  55  36  79  53
   82  13  88  20  71  91  66  92  65  59  98   9  85  44   8  96  77  27
   44  14   7  42  52  21   1  84  27  65   6  25  64  37  89  52  18   2
   25  19  34  35  46  87   4  36  54  32  65]
 [  0  93  50  53  10  77  34  68  39  30 100  25  29 100  41  18  15  60
   34  27   6  33  95  56  50  68  80  92   5  58   6  67   1  19  67  37
   56  44   5  72  81  99  46  46  48  49  60   6  71  50  45  62  63  63
   97  92   9  10  97  41  48  22  29  67  42  94  52  57  96   4  74  84
   51  25  30  61  36  71  35  96  59  47  92  73  78  81  34  39   3  59
   93  86  46  34  20   9   7   8   8  95  89]
 [  0  25  47  71  36  73  13  95  21  35  22  56  96  55  22  31  30  61
   41  39  44  55  50  76  12  83  48   3  65  55  21  66  14  67  28  39
    3  81  62  11  42  96   9   5  33  86  18  99   1  78  26  29  83  40
   35  43  87  16   8  55  66  87  17  58  67  51  54  12  38  54  35  32
   51  79  78  17  55  92  83  98  63  33  96  98   9  12  23  19  42  86
   14  17  66  90  36  78  25  24  18  88  61]]
end
weight
[[ 0 47 65 28 97 66 53 43 26 52 10 85 48  1 95 20 17 17  4 19 89 17 13 93
  22 36 16 21  6 14 19 82 61 22 12 94 30 24 96 37 68 90 57  4 12 73 37 96
  78 92 47 30 27 40 60  4  9  8 60 99 17 66 43 31 33 80  8 33 95 24 30 87
   7 48 53 34 77 50 17  2 65 27 37 97 74 11 66 92 47 44 43 58 13 63 51  2
  38 51 41  6  9]]
end
setup_times
[[[ 0 35 47 33 52 58 31 46 32 31 51 47 31]
  [ 0  0 31 38 35 52 46 30 38 42 44 36 47]
  [ 0 33  0 37 36 40 39 54 44 46 53 58 34]
  [ 0 54 48  0 32 41 55 49 37 58 43 37 44]
  [ 0 46 57 34  0 45 51 52 59 41 35 32 57]
  [ 0 40 57 56 52  0 47 41 39 45 55 48 53]
  [ 0 36 58 53 57 50  0 45 50 33 35 51 48]
  [ 0 44 32 46 45 44 43  0 37 47 32 45 38]
  [ 0 58 49 59 44 45 46 38  0 57 55 42 43]
  [ 0 40 33 40 35 37 57 53 56  0 31 50 43]
  [ 0 49 30 49 46 35 36 32 54 47  0 51 31]
  [ 0 57 36 51 35 32 53 45 38 40 55  0 46]
  [ 0 39 37 50 49 54 41 58 30 33 54 59  0]]

 [[ 0 35 38 54 31 34 52 34 40 32 50 50 52]
  [ 0  0 49 59 38 34 43 54 48 35 48 50 53]
  [ 0 35  0 59 30 59 32 35 44 46 52 56 49]
  [ 0 53 43  0 40 35 42 40 48 50 41 32 32]
  [ 0 52 44 30  0 57 33 55 53 42 30 47 35]
  [ 0 50 31 44 47  0 33 42 54 38 33 40 35]
  [ 0 56 57 43 34 32  0 50 59 59 46 41 48]
  [ 0 54 52 36 50 33 42  0 46 38 51 37 54]
  [ 0 39 58 36 49 45 50 46  0 47 50 34 42]
  [ 0 44 31 33 47 46 38 49 34  0 53 49 44]
  [ 0 56 48 54 55 32 38 49 57 49  0 44 39]
  [ 0 48 51 30 31 34 40 41 55 48 36  0 31]
  [ 0 59 33 46 45 46 38 49 38 49 55 51  0]]

 [[ 0 57 53 53 30 32 55 35 48 40 40 49 49]
  [ 0  0 47 57 59 31 34 50 36 43 50 59 40]
  [ 0 32  0 53 56 37 38 48 49 57 46 45 56]
  [ 0 37 34  0 33 50 45 55 48 40 33 43 52]
  [ 0 39 59 56  0 31 57 38 42 40 40 46 59]
  [ 0 41 44 40 46  0 59 56 35 31 58 49 57]
  [ 0 35 42 37 52 48  0 35 51 46 59 39 57]
  [ 0 43 50 56 45 50 39  0 34 55 47 33 41]
  [ 0 34 38 58 37 48 52 53  0 30 45 48 47]
  [ 0 54 30 41 47 38 51 39 54  0 42 45 51]
  [ 0 52 33 38 57 59 41 43 49 34  0 56 58]
  [ 0 53 45 33 55 38 51 50 30 56 49  0 58]
  [ 0 39 39 55 55 54 46 59 42 57 40 53  0]]

 [[ 0 49 54 38 38 30 43 58 41 45 42 42 44]
  [ 0  0 52 39 49 38 31 38 54 50 34 31 43]
  [ 0 48  0 54 55 31 56 43 52 34 45 40 31]
  [ 0 44 31  0 54 36 30 35 57 57 36 54 56]
  [ 0 36 58 59  0 59 30 54 36 43 57 42 31]
  [ 0 31 37 55 54  0 49 46 42 43 47 39 54]
  [ 0 46 49 43 45 50  0 49 50 54 56 40 45]
  [ 0 59 59 53 49 51 55  0 51 32 41 32 57]
  [ 0 47 33 51 52 52 41 54  0 41 50 56 41]
  [ 0 32 50 48 35 32 37 34 54  0 49 59 51]
  [ 0 50 44 42 52 31 46 33 46 58  0 37 46]
  [ 0 37 56 31 57 35 55 32 33 46 44  0 55]
  [ 0 32 45 43 30 38 33 47 59 30 36 45  0]]

 [[ 0 48 35 38 50 39 56 57 31 33 55 44 44]
  [ 0  0 43 46 37 52 30 53 48 53 34 47 36]
  [ 0 36  0 52 41 47 44 31 41 37 43 36 43]
  [ 0 56 45  0 52 57 55 31 42 54 43 36 40]
  [ 0 40 33 50  0 49 47 39 53 32 40 59 59]
  [ 0 49 43 51 52  0 58 41 57 44 44 43 48]
  [ 0 33 54 58 35 55  0 38 55 36 53 36 36]
  [ 0 55 37 34 41 36 36  0 46 36 52 31 56]
  [ 0 57 57 48 34 34 34 41  0 44 39 51 52]
  [ 0 44 33 33 54 58 48 53 46  0 36 44 51]
  [ 0 55 53 49 47 50 43 37 32 59  0 39 58]
  [ 0 53 30 55 45 32 36 33 35 52 39  0 31]
  [ 0 40 43 31 49 43 46 54 37 31 50 51  0]]

 [[ 0 33 56 32 30 37 54 36 46 47 47 57 46]
  [ 0  0 48 31 42 34 36 42 45 48 56 55 31]
  [ 0 35  0 37 46 35 49 44 56 38 51 55 51]
  [ 0 40 52  0 44 59 56 48 46 50 57 47 49]
  [ 0 31 54 58  0 54 55 37 38 54 48 49 54]
  [ 0 41 39 57 42  0 32 56 32 30 54 56 46]
  [ 0 48 48 30 41 55  0 50 54 48 40 50 33]
  [ 0 55 45 51 31 55 42  0 44 38 54 53 35]
  [ 0 37 47 34 55 39 54 50  0 53 31 52 42]
  [ 0 59 33 37 32 43 51 46 53  0 39 49 30]
  [ 0 36 58 39 32 42 55 51 49 59  0 35 45]
  [ 0 34 53 36 46 47 56 39 38 34 33  0 51]
  [ 0 44 42 44 31 33 40 54 33 37 53 49  0]]

 [[ 0 32 52 53 30 48 55 40 38 42 34 46 44]
  [ 0  0 45 59 44 36 52 51 41 53 39 49 46]
  [ 0 46  0 33 50 47 58 48 33 40 44 53 34]
  [ 0 44 58  0 37 44 45 33 30 36 57 31 53]
  [ 0 56 52 39  0 43 44 53 51 44 48 30 33]
  [ 0 47 37 37 43  0 58 52 59 42 47 57 49]
  [ 0 36 30 33 35 49  0 44 55 40 41 53 46]
  [ 0 55 50 48 50 31 41  0 59 39 40 38 31]
  [ 0 53 51 42 33 46 41 53  0 51 37 56 51]
  [ 0 43 57 44 40 49 48 32 42  0 44 39 52]
  [ 0 55 45 30 58 46 51 56 36 31  0 55 50]
  [ 0 49 35 44 31 57 41 35 42 38 55  0 39]
  [ 0 34 59 39 40 58 41 45 57 45 55 30  0]]

 [[ 0 46 59 44 59 58 51 53 43 35 50 57 36]
  [ 0  0 46 36 44 50 47 55 34 43 59 33 55]
  [ 0 51  0 41 59 58 35 46 52 47 38 51 35]
  [ 0 38 56  0 52 51 49 59 36 35 53 34 36]
  [ 0 33 39 31  0 50 52 42 36 52 41 59 53]
  [ 0 48 57 36 57  0 46 38 53 46 51 54 58]
  [ 0 50 43 57 35 49  0 52 33 56 55 37 31]
  [ 0 40 35 54 39 31 45  0 50 40 47 45 59]
  [ 0 51 39 47 57 56 46 58  0 49 34 42 57]
  [ 0 48 53 31 44 50 42 46 40  0 49 44 42]
  [ 0 56 45 50 34 40 39 39 46 30  0 50 30]
  [ 0 36 59 57 34 34 47 38 47 55 47  0 55]
  [ 0 48 41 54 33 42 34 44 58 38 57 45  0]]]
end
fixed_cost
[[2099 2088 2085 2099 2065 2095 2091 2041]]
end
unit_cost
[[28 46 51 34 52 43 31 59]]
end
job2fam
[[1 0 0 0 0 0 0 0 0 0 0 0 0 0 0 0 0 0 0 0 0 0 0 0 0 0 0 0 0 0 0 0 0 0 0 0
  0 0 0 0 0 0 0 0 0 0 0 0 0 0 0 0 0 0 0 0 0 0 0 0 0 0 0 0 0 0 0 0 0 0 0 0
  0 0 0 0 0 0 0 0 0 0 0 0 0 0 0 0 0 0 0 0 0 0 0 0 0 0 0 0 0]
 [0 0 0 0 0 1 0 1 0 0 0 0 0 0 1 0 0 0 0 0 0 0 0 0 0 0 0 0 0 0 0 0 0 0 0 0
  0 0 0 0 0 0 0 0 0 0 0 0 0 0 0 0 0 0 0 0 0 0 0 0 1 0 0 0 0 0 0 0 0 0 0 0
  0 0 0 0 0 0 0 0 0 1 0 0 0 0 0 1 0 0 0 0 0 0 0 0 0 0 0 0 0]
 [0 0 0 0 0 0 0 0 0 1 1 0 0 0 0 0 0 1 0 0 0 0 1 0 0 0 0 0 0 0 0 0 0 0 0 0
  0 0 0 0 0 0 0 0 0 0 0 0 0 0 1 0 0 0 0 0 1 0 0 0 0 1 0 0 0 0 0 0 0 0 0 0
  0 0 0 0 1 0 0 0 0 0 0 0 0 0 0 0 0 0 0 0 0 0 0 1 1 0 0 0 0]
 [0 0 0 0 0 0 1 0 0 0 0 0 0 0 0 0 0 0 0 0 0 0 0 0 0 0 0 0 0 0 0 0 0 0 0 1
  0 0 0 0 0 0 0 0 0 0 0 0 0 0 0 0 0 0 0 0 0 1 0 0 0 0 0 0 0 0 0 0 0 0 1 0
  0 0 0 0 0 0 0 0 0 0 0 0 0 0 0 0 0 0 0 0 1 0 0 0 0 0 0 0 0]
 [0 0 0 0 0 0 0 0 0 0 0 1 1 0 0 0 0 0 0 1 0 0 0 1 0 1 0 0 0 0 0 0 1 0 0 0
  0 1 0 0 0 0 0 0 0 0 0 0 0 1 0 0 0 0 0 0 0 0 1 0 0 0 1 0 1 0 0 0 0 0 0 0
  0 0 0 1 0 0 0 0 0 0 0 0 0 0 0 0 0 0 0 0 0 0 0 0 0 0 0 0 0]
 [0 0 0 0 0 0 0 0 0 0 0 0 0 1 0 1 0 0 0 0 0 0 0 0 0 0 0 0 0 1 0 0 0 0 1 0
  0 0 0 0 0 0 0 0 0 0 0 0 0 0 0 0 0 1 0 0 0 0 0 0 0 0 0 0 0 0 1 0 0 0 0 0
  0 0 0 0 0 0 0 0 0 0 0 0 1 1 0 0 0 0 0 0 0 0 0 0 0 0 0 0 0]
 [0 0 0 0 1 0 0 0 0 0 0 0 0 0 0 0 1 0 0 0 0 0 0 0 0 0 0 0 0 0 0 1 0 0 0 0
  1 0 0 0 0 0 1 1 1 0 0 0 0 0 0 0 0 0 1 0 0 0 0 1 0 0 0 0 0 1 0 1 0 0 0 1
  0 0 0 0 0 0 0 0 0 0 0 1 0 0 0 0 0 0 0 0 0 0 0 0 0 0 0 1 0]
 [0 0 0 0 0 0 0 0 0 0 0 0 0 0 0 0 0 0 0 0 0 0 0 0 0 0 0 0 0 0 0 0 0 1 0 0
  0 0 0 0 0 0 0 0 0 0 0 0 0 0 0 1 0 0 0 0 0 0 0 0 0 0 0 0 0 0 0 0 0 0 0 0
  0 0 0 0 0 1 0 1 0 0 0 0 0 0 1 0 0 0 0 1 0 0 0 0 0 0 0 0 0]
 [0 0 1 0 0 0 0 0 1 0 0 0 0 0 0 0 0 0 0 0 0 1 0 0 0 0 0 0 1 0 0 0 0 0 0 0
  0 0 0 0 0 0 0 0 0 0 0 0 1 0 0 0 0 0 0 1 0 0 0 0 0 0 0 0 0 0 0 0 0 0 0 0
  0 0 0 0 0 0 0 0 0 0 0 0 0 0 0 0 0 0 0 0 0 0 0 0 0 0 0 0 1]
 [0 1 0 0 0 0 0 0 0 0 0 0 0 0 0 0 0 0 0 0 0 0 0 0 1 0 0 1 0 0 1 0 0 0 0 0
  0 0 1 0 0 0 0 0 0 1 0 0 0 0 0 0 0 0 0 0 0 0 0 0 0 0 0 0 0 0 0 0 0 0 0 0
  0 0 1 0 0 0 0 0 0 0 0 0 0 0 0 0 0 0 1 0 0 1 0 0 0 0 0 0 0]
 [0 0 0 0 0 0 0 0 0 0 0 0 0 0 0 0 0 0 0 0 0 0 0 0 0 0 0 0 0 0 0 0 0 0 0 0
  0 0 0 0 0 0 0 0 0 0 1 1 0 0 0 0 1 0 0 0 0 0 0 0 0 0 0 1 0 0 0 0 0 0 0 0
  1 0 0 0 0 0 1 0 0 0 1 0 0 0 0 0 1 1 0 0 0 0 1 0 0 0 0 0 0]
 [0 0 0 1 0 0 0 0 0 0 0 0 0 0 0 0 0 0 1 0 0 0 0 0 0 0 0 0 0 0 0 0 0 0 0 0
  0 0 0 0 0 0 0 0 0 0 0 0 0 0 0 0 0 0 0 0 0 0 0 0 0 0 0 0 0 0 0 0 0 1 0 0
  0 0 0 0 0 0 0 0 0 0 0 0 0 0 0 0 0 0 0 0 0 0 0 0 0 1 0 0 0]
 [0 0 0 0 0 0 0 0 0 0 0 0 0 0 0 0 0 0 0 0 1 0 0 0 0 0 1 0 0 0 0 0 0 0 0 0
  0 0 0 1 1 1 0 0 0 0 0 0 0 0 0 0 0 0 0 0 0 0 0 0 0 0 0 0 0 0 0 0 1 0 0 0
  0 1 0 0 0 0 0 0 1 0 0 0 0 0 0 0 0 0 0 0 0 0 0 0 0 0 1 0 0]]
end
