mac
10
end
job
60
end
fam
5
end
proc_times
[[  0  90  41  94  12  98  24   6  36  65  83  37  12  32  69  25  73  19
   81  36  60  98  52  60  17  62  96  34  68  90  38  78  46  10  25  70
   13  95  42  77  89  36  20  23  27  71  13  93  49  59  69  53  61 100
   70  90  29  43  87  86  42]
 [  0  42   1  45  66  69  70  60   4  41  22  14  16  51  84  58  70  40
   28  19  49  13  29  79  70  41  36  59  27  81  65  21  92  83  44  81
   59   3  60  47  48  26  65  49  71  19  19  81  68  96  13  39  61   4
   19 100  39   6  44  84  51]
 [  0  87  69  97  45  87  51  50  36  15  57  34  34  90  55  84  75  30
   32  36  98  92   9  16  27  11  92  72  22  20  68  17  33  74  95  96
   22   5  54  88  76  37  88  68  73  96  28  43  16  67  92  89  81  78
    8  41  36  49  96  11  33]
 [  0  31  94  49  67  95  31  74  88  73  69   5  35  46  58  48  57  98
   47  38  34  23  60  47  67  36  46  68   7  85  22  45   9  33  24  47
   92  43  12  70  62  63  11  42  15  48  75  55  18  91  75  32  27  75
   30  23  32  96  78  67  43]
 [  0  71  18  33  93  29  77   8  89  17  37  22  27  61  47  90  72  74
   37  40  64  19  17  84  94  81  76  91  37  15  34  21  52  79  95  23
   27  21  89  86  37  10  25  92  50   9  30  17   4  39  98   1  53  25
   89  77  87  55  15  44  67]
 [  0  95  91  89  80  64  82  13  14  10  85  93  44  29  46  37   1  27
   99  84  48  22  83  66  34  39  65  73  83  66  88  92  69  18   4  20
   78  49  19  42  66  53  76  77  57  88   9  57  51  14  11  55  33  51
   65   9  45  48  93   5  17]
 [  0  51  50  63  80  97  84  53  56   5   6  77  39  59  36  77  65  87
   30   6  57  34  11  36  13  20  16   2  44  80  78  53  33  24  96  84
   87  70  79  39  73  90  34  22  79  20   4  27  10  84  13  86  70  85
   82  45  71  68  48  32  31]
 [  0  78  61  86  36  57  22  94  85  32  48  95  18  10  71  37  67  25
    8  26  23   1  39  78  48  95  66  11  36  87  47  31  45  39  97  50
   10  17   5  37  87  38  76  77  38  84  18  87  93  56  18   4  25  13
   22   1  79  13  65  50  84]
 [  0  88  15   9   5  59  73  79   1   8  48  40  32  72  26  77  95  85
   74  26  66   5 100  15  47  47  42  16  27  38  47  80  89  75  31  41
   49  66   8  32  34  32  95  91  93   7  58  37  92  81  22  48  29  16
   53  61  18  70  34  67  64]
 [  0  59  70  97  53  47  77  62  36  25  92  52  98  23  28  86  55  69
   22  18   8  32   8  48  91  28  81  31  75  80  38  72  80  74  56  31
    2  12   3  29  42  53  89   9  83  71  58  76  95  99  18 100   8  64
   69  99  42  66  37  68  21]]
end
weight
[[ 0 28 17 78 60 99 96 21 39  1 26 70 31 92 24 99 68 51 54 31 38 71 78 94
  21 35 92 82 13 27  1 37 94 52 13 67  8 26 20 16 67 88  8 97 87 68 82 70
  20 24 66 87 86 52  4 94  1 47 12 62 24]]
end
setup_times
[[[ 0 36 51 56 37 35]
  [ 0  0 36 57 59 41]
  [ 0 50  0 42 33 33]
  [ 0 34 30  0 33 47]
  [ 0 55 35 36  0 58]
  [ 0 41 47 57 45  0]]

 [[ 0 42 32 56 55 37]
  [ 0  0 58 42 54 48]
  [ 0 47  0 42 35 48]
  [ 0 57 50  0 38 38]
  [ 0 35 40 40  0 50]
  [ 0 39 53 46 36  0]]

 [[ 0 42 58 45 35 53]
  [ 0  0 33 55 37 46]
  [ 0 39  0 58 30 32]
  [ 0 47 40  0 41 42]
  [ 0 54 42 45  0 31]
  [ 0 43 52 39 44  0]]

 [[ 0 55 58 35 52 47]
  [ 0  0 42 44 31 56]
  [ 0 33  0 36 49 54]
  [ 0 38 33  0 56 39]
  [ 0 42 45 59  0 41]
  [ 0 59 50 37 41  0]]

 [[ 0 44 30 40 56 33]
  [ 0  0 38 32 36 41]
  [ 0 52  0 39 56 45]
  [ 0 45 31  0 50 45]
  [ 0 31 57 50  0 35]
  [ 0 51 36 50 56  0]]

 [[ 0 44 59 45 45 55]
  [ 0  0 59 35 58 55]
  [ 0 47  0 40 32 59]
  [ 0 52 50  0 39 48]
  [ 0 56 33 30  0 34]
  [ 0 35 34 49 56  0]]

 [[ 0 56 37 42 56 52]
  [ 0  0 57 42 47 43]
  [ 0 37  0 39 36 53]
  [ 0 53 33  0 37 40]
  [ 0 55 38 56  0 32]
  [ 0 42 46 37 31  0]]

 [[ 0 34 36 44 35 37]
  [ 0  0 35 58 57 47]
  [ 0 32  0 54 46 39]
  [ 0 51 32  0 48 36]
  [ 0 59 35 58  0 55]
  [ 0 59 46 54 56  0]]

 [[ 0 49 53 52 47 36]
  [ 0  0 47 40 49 48]
  [ 0 56  0 49 32 46]
  [ 0 31 33  0 42 39]
  [ 0 45 49 53  0 31]
  [ 0 49 54 44 42  0]]

 [[ 0 41 43 33 36 41]
  [ 0  0 55 58 48 37]
  [ 0 43  0 57 50 31]
  [ 0 34 51  0 38 46]
  [ 0 51 42 39  0 49]
  [ 0 35 53 48 52  0]]]
end
fixed_cost
[[2700 2726 2715 2724 2764 2736 2705 2690 2776 2721]]
end
unit_cost
[[51 62 58 67 54 57 51 66 39 34]]
end
job2fam
[[1 0 0 0 0 0 0 0 0 0 0 0 0 0 0 0 0 0 0 0 0 0 0 0 0 0 0 0 0 0 0 0 0 0 0 0
  0 0 0 0 0 0 0 0 0 0 0 0 0 0 0 0 0 0 0 0 0 0 0 0 0]
 [0 0 0 0 0 0 1 0 0 0 0 0 0 1 0 0 1 0 0 0 1 1 0 0 0 0 0 0 0 1 0 0 1 1 0 0
  1 0 0 0 0 0 0 0 0 0 0 0 1 1 0 0 1 0 0 0 0 0 0 1 0]
 [0 1 0 0 0 0 0 0 0 0 0 1 0 0 0 0 0 1 0 0 0 0 1 0 0 0 0 1 0 0 0 0 0 0 1 0
  0 1 1 0 0 0 0 0 0 0 1 0 0 0 0 0 0 1 0 0 1 0 0 0 0]
 [0 0 0 1 0 0 0 0 0 1 0 0 0 0 1 0 0 0 0 1 0 0 0 0 0 0 1 0 1 0 0 0 0 0 0 0
  0 0 0 0 1 1 1 0 1 0 0 1 0 0 0 1 0 0 0 1 0 1 0 0 1]
 [0 0 1 0 1 1 0 1 0 0 0 0 1 0 0 0 0 0 0 0 0 0 0 1 1 1 0 0 0 0 1 1 0 0 0 1
  0 0 0 0 0 0 0 0 0 1 0 0 0 0 1 0 0 0 1 0 0 0 1 0 0]
 [0 0 0 0 0 0 0 0 1 0 1 0 0 0 0 1 0 0 1 0 0 0 0 0 0 0 0 0 0 0 0 0 0 0 0 0
  0 0 0 1 0 0 0 1 0 0 0 0 0 0 0 0 0 0 0 0 0 0 0 0 0]]
end
