mac
10
end
job
60
end
fam
8
end
proc_times
[[  0   5  80  95   4  48  22  33  44  23  34  60  72  74  70  58  78  88
   46  75  92  51  44  44  52  14  67  63  38   1  73  11  67  77  98  96
   84  67  93  44  86  44  55  61 100  16  93   9  88  35  39  19  43  48
   72  49  51  20  29  60  75]
 [  0  93  36  99  54  41   4  16  77  71  20  65  96   6  48  75  59   7
   52  40  84  53  63  76  48  15  62  13  48  55  13  58  52  98   6 100
   28  52  88  96  86  36  90  73  97  51  69  87   2  69  46  71  81   7
   54  57  73  63  45  45  17]
 [  0  41  43  18  16  74  39  71  76 100  99  87  40  21  88  71  93  96
   29  25  55  35   8  49   1  99   4  29  90  95  12   1  61  45  76   1
   49  83   5  65  51  92  98   1  72   2  53  90  32  24  64  91  74  75
   11  43  41  43  22  78  91]
 [  0  30  77  77   8  15  80  37  54   9  46  38  44  11  72  30  98  26
   26  48  37  23  27   1  83  55  43  21  19  61  46  44  44  88  35  11
   49  16  62  73  73  18  41  61  65  79  92  35   6  28  13   5  52   1
   50  64  12  72  84  30  41]
 [  0  59  67  80   5  54  89  77  97   3  38  33  89  43   9  63  47  80
    1   4  26   6  68  74  42  30  96  81  66  79  85   1  15   8  82  90
   76   2  63  66   9   5  64  11  34  40  51   9  82  84  39  22  45  22
   37  50  15  58  55  70  98]
 [  0  15  92  99  71  89  39  35   5  29  40  90  41   9 100  19  78  35
   45  47  22   4  56  63  68  14  79  90  24  69  21  33   4  73  68  92
    6  27  51  25  97   3  20  31  97   2  20  81  35  26  89  95  56  66
   44  90  76   1  76  11  43]
 [  0  65  43  18  27  80  53  62  97  83  57  30  28   6  87  32  86  66
   75  69  16  28  80  31   1  37  18  45  70  67  50  19  26  55  97  90
   91  29  17  23   5  57  48  38  72  10  24  58  22  82  16  49  61  73
   85  18  24  30  34  24  38]
 [  0  20  46  37  72   7  61  25  40  23  74  63  30  38  96  26  39  63
    6  49  75  82   6  42 100  71  99  88  79  77  14  77  69  39  80  12
   78  20 100  98  90  74  17  34  63  26  62  84  84  10  95  70  60  96
   63   6  27  12  78  12   4]
 [  0  95  74  86  12  88  57  15  54   1  62  55  47 100  54  29   8  18
   15  60  86  84  23  26  87  95  85  85  72  22  47  31  95  98  69   7
   73  78  44  29  42  37  80  59  56  49  15  64   1  47  76   5  63  42
   47  81  18  25  15  27  54]
 [  0  54  37  99  32  99  68   7  75  31  97  50   9  22  16  32  97  69
   36  19  88  83   1  24  49  72  86  69   1  65   2  69  34  91  42  60
   19  64  23   3  11  27  47   8  15  24  75  50  18  65  38  69  26   3
   84  24  69  52   4  95  12]]
end
weight
[[ 0 95 37 73 83 61 69 57 92 99 37  3 32  7 40  6 43 60 85 65 25 13 47 87
  71 31 58 97 86 52 76 22 60  2 25 30 94  1 42 32 31 86 41 33 11 76 85 39
   6 77 49 80 57 10 61 71 31  1 11 49 16]]
end
setup_times
[[[ 0 38 31 58 48 39 37 43 51]
  [ 0  0 37 34 49 41 41 42 44]
  [ 0 36  0 42 41 35 57 59 47]
  [ 0 36 37  0 55 48 59 42 40]
  [ 0 55 59 39  0 51 51 50 53]
  [ 0 52 53 49 39  0 57 33 32]
  [ 0 44 31 58 45 35  0 34 51]
  [ 0 51 46 31 49 50 50  0 33]
  [ 0 31 30 55 53 37 48 48  0]]

 [[ 0 46 32 55 59 51 34 46 35]
  [ 0  0 43 31 35 30 32 39 30]
  [ 0 50  0 43 38 35 54 42 58]
  [ 0 40 48  0 37 52 49 31 54]
  [ 0 45 37 31  0 49 56 38 50]
  [ 0 36 58 51 45  0 50 44 46]
  [ 0 43 59 33 51 59  0 35 40]
  [ 0 45 51 39 53 50 41  0 35]
  [ 0 39 47 39 36 31 56 40  0]]

 [[ 0 54 43 43 34 48 46 36 37]
  [ 0  0 36 31 48 47 34 50 44]
  [ 0 35  0 46 44 35 33 42 48]
  [ 0 44 43  0 47 54 39 51 54]
  [ 0 37 51 35  0 37 45 43 34]
  [ 0 36 42 50 38  0 41 50 31]
  [ 0 37 49 37 45 46  0 41 34]
  [ 0 36 42 58 41 51 53  0 47]
  [ 0 36 46 45 53 41 34 37  0]]

 [[ 0 55 56 31 56 40 33 51 50]
  [ 0  0 31 39 41 40 59 32 53]
  [ 0 44  0 47 42 49 51 45 55]
  [ 0 36 50  0 54 51 45 53 47]
  [ 0 36 44 54  0 32 42 38 44]
  [ 0 37 59 58 56  0 49 53 35]
  [ 0 48 39 31 33 31  0 51 43]
  [ 0 30 43 32 39 51 57  0 31]
  [ 0 43 41 51 35 41 43 58  0]]

 [[ 0 52 39 34 54 49 46 53 33]
  [ 0  0 45 35 46 35 40 37 49]
  [ 0 52  0 37 47 30 55 39 59]
  [ 0 46 51  0 48 47 39 46 45]
  [ 0 51 51 51  0 30 34 49 30]
  [ 0 43 42 45 56  0 47 51 57]
  [ 0 47 48 54 46 58  0 51 30]
  [ 0 33 40 38 37 39 58  0 33]
  [ 0 35 35 56 44 54 36 48  0]]

 [[ 0 41 32 32 38 46 30 40 35]
  [ 0  0 39 43 50 35 44 59 46]
  [ 0 59  0 35 39 54 38 44 46]
  [ 0 43 50  0 41 53 46 45 31]
  [ 0 35 36 46  0 33 57 44 35]
  [ 0 35 46 53 49  0 39 55 41]
  [ 0 32 49 43 47 47  0 31 41]
  [ 0 47 54 57 33 44 56  0 51]
  [ 0 39 49 48 54 50 52 56  0]]

 [[ 0 35 34 57 54 47 35 32 59]
  [ 0  0 43 57 35 53 36 58 32]
  [ 0 49  0 41 56 49 36 44 54]
  [ 0 39 48  0 55 56 57 48 52]
  [ 0 54 37 41  0 40 49 49 34]
  [ 0 50 30 57 34  0 52 33 53]
  [ 0 53 42 38 50 41  0 46 32]
  [ 0 30 44 39 37 33 46  0 55]
  [ 0 45 45 42 44 31 38 53  0]]

 [[ 0 51 42 43 53 34 36 47 56]
  [ 0  0 55 44 48 58 31 40 31]
  [ 0 52  0 53 43 40 39 50 56]
  [ 0 45 32  0 54 45 37 50 41]
  [ 0 34 42 31  0 37 39 41 47]
  [ 0 58 47 36 39  0 48 33 49]
  [ 0 51 38 49 32 41  0 47 42]
  [ 0 41 33 33 55 45 37  0 59]
  [ 0 54 38 32 37 56 55 51  0]]

 [[ 0 30 49 51 57 47 49 35 49]
  [ 0  0 55 36 50 47 37 45 30]
  [ 0 57  0 35 50 34 50 56 55]
  [ 0 36 59  0 33 58 31 50 35]
  [ 0 58 42 59  0 30 48 55 55]
  [ 0 55 48 57 42  0 46 49 54]
  [ 0 58 47 41 31 54  0 33 32]
  [ 0 52 35 52 41 48 58  0 46]
  [ 0 36 33 36 43 32 55 40  0]]

 [[ 0 55 35 31 36 36 56 50 34]
  [ 0  0 47 44 39 49 53 57 49]
  [ 0 36  0 39 52 32 57 32 32]
  [ 0 54 57  0 41 32 48 50 33]
  [ 0 30 40 59  0 48 47 55 32]
  [ 0 58 43 50 51  0 33 49 58]
  [ 0 44 39 40 54 48  0 37 39]
  [ 0 40 40 33 51 57 54  0 39]
  [ 0 35 51 42 53 37 30 37  0]]]
end
fixed_cost
[[2510 2502 2572 2560 2589 2527 2593 2541 2541 2506]]
end
unit_cost
[[54 63 51 47 58 47 31 64 29 63]]
end
job2fam
[[1 0 0 0 0 0 0 0 0 0 0 0 0 0 0 0 0 0 0 0 0 0 0 0 0 0 0 0 0 0 0 0 0 0 0 0
  0 0 0 0 0 0 0 0 0 0 0 0 0 0 0 0 0 0 0 0 0 0 0 0 0]
 [0 0 0 0 0 0 0 0 0 0 0 0 0 0 0 0 0 0 0 0 0 0 0 0 0 0 0 1 0 1 0 0 0 0 0 0
  1 0 0 0 0 1 1 0 0 1 0 0 0 0 0 0 0 0 0 0 0 0 0 1 0]
 [0 1 0 0 0 0 0 0 0 0 0 0 0 1 0 0 0 0 0 0 0 0 0 1 1 0 0 0 0 0 0 0 1 0 0 0
  0 0 0 0 0 0 0 0 0 0 1 0 0 1 1 0 0 0 0 0 1 0 0 0 0]
 [0 0 0 0 0 0 0 0 0 0 0 0 0 0 0 0 1 0 0 1 0 0 0 0 0 0 0 0 0 0 0 0 0 0 1 0
  0 0 0 0 0 0 0 1 0 0 0 0 1 0 0 0 0 0 1 0 0 0 0 0 0]
 [0 0 0 1 0 0 0 0 0 1 0 0 0 0 1 0 0 1 0 0 0 0 0 0 0 1 0 0 0 0 0 0 0 1 0 0
  0 1 1 0 0 0 0 0 0 0 0 1 0 0 0 0 0 0 0 0 0 0 0 0 0]
 [0 0 0 0 1 0 1 0 1 0 0 0 0 0 0 0 0 0 0 0 0 0 1 0 0 0 1 0 0 0 0 0 0 0 0 0
  0 0 0 0 1 0 0 0 1 0 0 0 0 0 0 0 0 0 0 0 0 0 0 0 0]
 [0 0 0 0 0 1 0 1 0 0 1 0 0 0 0 0 0 0 1 0 0 1 0 0 0 0 0 0 0 0 1 1 0 0 0 0
  0 0 0 1 0 0 0 0 0 0 0 0 0 0 0 0 1 0 0 1 0 0 1 0 0]
 [0 0 1 0 0 0 0 0 0 0 0 1 1 0 0 1 0 0 0 0 1 0 0 0 0 0 0 0 1 0 0 0 0 0 0 1
  0 0 0 0 0 0 0 0 0 0 0 0 0 0 0 0 0 1 0 0 0 1 0 0 1]
 [0 0 0 0 0 0 0 0 0 0 0 0 0 0 0 0 0 0 0 0 0 0 0 0 0 0 0 0 0 0 0 0 0 0 0 0
  0 0 0 0 0 0 0 0 0 0 0 0 0 0 0 1 0 0 0 0 0 0 0 0 0]]
end
