mac
10
end
job
60
end
fam
8
end
proc_times
[[  0  73  73  64  34  72  10  75  20  72   5  89   4  22  12  87   7   7
   11  28  18 100  13  15  67  25  75  98  51  65  54  81  43  20  83  88
    1  56  78  46  76  95  68  27  28  33   2  38  50  67   3  49  76  16
   64  21  46  67  44  68  17]
 [  0  90  43  23   1  18  65   1  25  38  55  79  22  68  64  85  99  46
   79  99  69  20   6  47   3  30 100  45  24  16  55  53 100  13  28  50
   99  49  29  58  10  62  45  58  78  76  98  34  67  76  66  14  57  20
   63  88  16  49  64  20  57]
 [  0  65  94  30  19  76  17  96  97  10  41  87  63  19  16  95  62   5
   92  65  16  20  94  38  12  25   2  81  23  71  71  40  18  50  20  64
   96  49  13  94  92  23  93   7   8   1  35  25  80  14  11  46  45  29
   49  69  83  36   7  34  29]
 [  0  81  51  43  26  83  86  80  54  25  33  82   9  61  74  71  42  42
   83  28  25  56  78   7  96  77  68  31  88  75  66  70  48  43  99   1
    1  72  12  95   1  98  97  54  50  68  96  55  55  23  57  84  12  47
   77  72  75  12  26  68  13]
 [  0  43  59  99  98  39  14  92  20  46  88  91  92  58  30  54  83  99
   58  22  58  45  23  97  47   3  93  44  67  77  73  58  10  11  39  59
   35  92  12  60   3  60   9  36  70  81  97  31  26  76  36  82  28  44
   88  92  35   3  10  40  54]
 [  0  36  90  93  70  72  58  93  95  10  90  70  76  34  55  63   3  96
   25  20  94  27  51  22  78  14  69  69  18  91  27  40  72  12  26  42
   31  73   1  92  28  42  50  64  30  38  43  39   2  83  13  95  37  89
   72  81  79  84  69  47  26]
 [  0  52  86  74  65  77  24   3  14   9  68  36  42  29  46   5  76  25
   89  75  74  56  15  35  91  54  31   7  25  97  86  63  47  20  16  52
   20  37  48  31  86 100  73  88  51  48  28  66  97   3  40  84  40  96
   25  74  43  86   4  99  27]
 [  0  16  74  28   5   3  74  76  20 100  59  72  72  82  64  11  21  82
   71  80  31  45  87  33  25  45  75   1  11  76  19  60  97  32  57  49
   64  38  83  82   2  74  39  62   2  11  75  78  26  24  46  29  84   7
   86  11  19  42  33   9  73]
 [  0  12  90  43  97  45  14  28  13  61  17  58  12  34  77  78  66  68
   76   5  73  27  19  82  91  16  87   7  56  83  69  72  92  84  67  44
   38  24  27  79  54  63  10  14  40  72   7  84  24   4  62  86  68  69
   67  42  30  66  75  43  90]
 [  0  69  30  44  81  93  28  36  72  63  38  12  74  74  83   4  10  57
   88  77  22  38  73  11  15  10   4  57  87  72  86  38  20  16  69  99
   98  14  63  66  51  43  89  33  61  48  70  56  78  67  25  16  60  91
   15  96  71  84   7  27  22]]
end
weight
[[ 0 20 56 21  3 26 82 43 93 68 41 64 77 82 30 24 90  2 79 82 39 51 75 55
  22 97 50 51 75 86 31  8 80 86 17 65  4 44 84 27 94 34 60 97 25 96 23 78
   5 95  7 26 46 22 87 87 44 93 52 32 19]]
end
setup_times
[[[ 0 53 47 43 43 31 32 57 34]
  [ 0  0 47 37 40 42 53 33 55]
  [ 0 54  0 35 54 38 49 41 35]
  [ 0 32 31  0 30 41 41 51 59]
  [ 0 32 45 33  0 49 37 50 44]
  [ 0 43 57 41 51  0 57 54 43]
  [ 0 39 31 57 33 41  0 35 47]
  [ 0 36 32 47 50 44 58  0 58]
  [ 0 39 31 31 38 30 42 49  0]]

 [[ 0 56 51 36 47 47 45 39 37]
  [ 0  0 46 33 30 37 57 34 36]
  [ 0 33  0 37 46 44 56 44 53]
  [ 0 33 57  0 45 54 30 49 53]
  [ 0 59 45 55  0 52 59 34 45]
  [ 0 57 39 46 48  0 39 39 56]
  [ 0 57 44 32 56 57  0 37 59]
  [ 0 47 45 33 49 48 54  0 50]
  [ 0 31 41 47 58 54 58 59  0]]

 [[ 0 58 38 39 40 58 53 37 36]
  [ 0  0 48 34 56 33 33 58 42]
  [ 0 54  0 39 59 53 32 53 38]
  [ 0 39 30  0 44 32 47 39 56]
  [ 0 36 47 42  0 51 37 59 31]
  [ 0 33 45 51 57  0 34 46 30]
  [ 0 38 51 40 55 33  0 48 45]
  [ 0 53 49 58 33 47 57  0 59]
  [ 0 32 47 58 52 44 32 37  0]]

 [[ 0 59 39 40 45 41 55 35 48]
  [ 0  0 44 56 51 37 49 35 54]
  [ 0 54  0 36 45 53 57 39 44]
  [ 0 55 49  0 57 42 53 45 42]
  [ 0 56 56 44  0 43 52 43 35]
  [ 0 31 55 34 57  0 36 52 38]
  [ 0 35 42 37 36 40  0 59 59]
  [ 0 55 44 50 30 36 44  0 45]
  [ 0 53 39 50 49 37 44 32  0]]

 [[ 0 57 56 43 35 40 37 53 44]
  [ 0  0 48 47 53 47 31 36 38]
  [ 0 51  0 43 57 46 50 38 56]
  [ 0 59 42  0 42 56 43 50 40]
  [ 0 46 34 39  0 35 55 35 50]
  [ 0 44 34 37 51  0 56 56 51]
  [ 0 43 46 50 52 48  0 42 47]
  [ 0 30 50 54 30 34 59  0 35]
  [ 0 44 41 47 55 54 58 36  0]]

 [[ 0 49 49 46 51 40 31 42 57]
  [ 0  0 52 35 33 59 32 44 53]
  [ 0 42  0 48 54 38 40 41 32]
  [ 0 40 47  0 53 40 39 39 56]
  [ 0 46 57 37  0 41 31 52 59]
  [ 0 49 49 43 51  0 42 36 32]
  [ 0 34 52 54 47 58  0 48 47]
  [ 0 38 54 36 47 31 53  0 46]
  [ 0 33 36 52 55 31 59 53  0]]

 [[ 0 43 57 49 55 59 42 55 31]
  [ 0  0 48 57 31 45 52 36 54]
  [ 0 51  0 51 43 59 58 54 43]
  [ 0 55 47  0 42 41 55 30 33]
  [ 0 30 54 46  0 49 40 43 35]
  [ 0 49 56 32 44  0 57 35 53]
  [ 0 42 39 59 34 33  0 38 55]
  [ 0 42 58 36 43 51 53  0 44]
  [ 0 55 54 37 48 30 44 48  0]]

 [[ 0 56 38 52 55 44 34 35 36]
  [ 0  0 48 31 41 52 35 39 31]
  [ 0 58  0 48 41 37 59 45 54]
  [ 0 47 38  0 50 44 54 52 49]
  [ 0 46 46 30  0 33 39 37 55]
  [ 0 54 48 55 56  0 52 36 35]
  [ 0 53 59 34 41 50  0 42 32]
  [ 0 44 39 36 37 40 45  0 40]
  [ 0 35 52 52 50 47 56 39  0]]

 [[ 0 35 38 45 49 37 53 32 47]
  [ 0  0 33 37 33 55 53 55 30]
  [ 0 32  0 56 48 50 36 40 48]
  [ 0 59 47  0 47 56 45 53 49]
  [ 0 34 46 32  0 59 31 34 38]
  [ 0 48 55 50 58  0 47 34 36]
  [ 0 38 46 38 59 30  0 55 35]
  [ 0 37 31 55 49 30 55  0 43]
  [ 0 55 33 42 52 36 46 41  0]]

 [[ 0 59 58 41 35 59 39 35 38]
  [ 0  0 46 54 43 44 31 55 53]
  [ 0 40  0 43 38 30 32 46 59]
  [ 0 59 51  0 48 45 39 37 56]
  [ 0 43 53 56  0 32 41 59 32]
  [ 0 41 46 51 36  0 47 44 44]
  [ 0 35 43 45 37 49  0 37 59]
  [ 0 43 41 58 42 40 32  0 44]
  [ 0 46 49 38 37 50 30 49  0]]]
end
fixed_cost
[[2811 2818 2797 2861 2859 2858 2777 2787 2855 2771]]
end
unit_cost
[[69 34 50 40 56 45 67 61 71 65]]
end
job2fam
[[1 0 0 0 0 0 0 0 0 0 0 0 0 0 0 0 0 0 0 0 0 0 0 0 0 0 0 0 0 0 0 0 0 0 0 0
  0 0 0 0 0 0 0 0 0 0 0 0 0 0 0 0 0 0 0 0 0 0 0 0 0]
 [0 0 0 0 0 0 0 0 0 0 0 0 0 0 0 0 0 0 0 0 0 0 0 0 0 0 0 1 0 1 0 0 0 0 0 0
  1 0 0 0 0 1 1 0 0 1 0 0 0 0 0 0 0 0 0 0 0 0 0 1 0]
 [0 1 0 0 0 0 0 0 0 0 0 0 0 1 0 0 0 0 0 0 0 0 0 1 1 0 0 0 0 0 0 0 1 0 0 0
  0 0 0 0 0 0 0 0 0 0 1 0 0 1 1 0 0 0 0 0 1 0 0 0 0]
 [0 0 0 0 0 0 0 0 0 0 0 0 0 0 0 0 1 0 0 1 0 0 0 0 0 0 0 0 0 0 0 0 0 0 1 0
  0 0 0 0 0 0 0 1 0 0 0 0 1 0 0 0 0 0 1 0 0 0 0 0 0]
 [0 0 0 1 0 0 0 0 0 1 0 0 0 0 1 0 0 1 0 0 0 0 0 0 0 1 0 0 0 0 0 0 0 1 0 0
  0 1 1 0 0 0 0 0 0 0 0 1 0 0 0 0 0 0 0 0 0 0 0 0 0]
 [0 0 0 0 1 0 1 0 1 0 0 0 0 0 0 0 0 0 0 0 0 0 1 0 0 0 1 0 0 0 0 0 0 0 0 0
  0 0 0 0 1 0 0 0 1 0 0 0 0 0 0 0 0 0 0 0 0 0 0 0 0]
 [0 0 0 0 0 1 0 1 0 0 1 0 0 0 0 0 0 0 1 0 0 1 0 0 0 0 0 0 0 0 1 1 0 0 0 0
  0 0 0 1 0 0 0 0 0 0 0 0 0 0 0 0 1 0 0 1 0 0 1 0 0]
 [0 0 1 0 0 0 0 0 0 0 0 1 1 0 0 1 0 0 0 0 1 0 0 0 0 0 0 0 1 0 0 0 0 0 0 1
  0 0 0 0 0 0 0 0 0 0 0 0 0 0 0 0 0 1 0 0 0 1 0 0 1]
 [0 0 0 0 0 0 0 0 0 0 0 0 0 0 0 0 0 0 0 0 0 0 0 0 0 0 0 0 0 0 0 0 0 0 0 0
  0 0 0 0 0 0 0 0 0 0 0 0 0 0 0 1 0 0 0 0 0 0 0 0 0]]
end
