mac
10
end
job
60
end
fam
12
end
proc_times
[[  0  71  81  29  40  60   7   9  43  18  86  82  86  90  34  90  19  31
   39  99  87  82  48  72  16  44  53  83  24  90  55  69  91  79  32  44
   22  79   7 100  51  20  85  13  32  69  75  62  57  18  31  91  86  33
   58  22  46  27  84  27  62]
 [  0   4  89  37  92  85  10  51  29  88  10  30  93  11  25  94  16  18
   72  60 100  87  24  81  74  74  24  18  95  34  99  94  21  42  97  21
   56  45  47  95  43  97  37  47  79  84  65  67  64  73  61  14  86  61
   97  28  39  79  94  95  31]
 [  0  95  78  80  68  34   2  37  65  45  29  77  31  31  34  27  32  96
   15  72  59  73  85  54  70  50  67  45  18  74   9  70  69  98 100  24
   77  90  68  74  97  47  80  15  97  28  47  78  27   4  44  13  89  85
   23  98  84  33  38  64  76]
 [  0  33   6  28  33  42  50  77  53  70  76  28  51  39   7  57  44  43
   96  54   9  97  80  84  39  97  25  55  25  66  76  86  91   4  89  86
   21  95  16  87  59  62  76  13 100  63  70  85  97  45  15   3  12  68
   97  85  50  74  97  18  64]
 [  0  47  32  22  37   6  32  54  29  70  10  51  39  75  87  13  84  15
   13  70  31  63  13  84  27  74   6  95  63  88  56  41  85  90  62  89
   81  12  10  58 100  23  41  86  99  63  52  96  38  75  74  78   1  63
   35  42  36  38  81  88  52]
 [  0  26  43  25  24  67  85  24  78  51  76  22  53   5  74  42  42  64
   42  80  11  85  15  20  71  87  15  34  62  35  40  64  32  62  61  34
   77  65  73  80  90   8  13  21  94  78  52  78  17  28  58  77  53   3
   68  74   7  79  41  33  93]
 [  0  11  33  10   2  49  79  50  87  23   4  32  15  46  26   1  35  70
   21  62  59  53  69  50  66  14  12  53  26  64  83   5  98  17  65  82
   11  33  71  85  38  52  59  66   5  73  51  42  27  76  60  10  21  14
   58  80  50  81  78  29 100]
 [  0  46  49  27  38  20  48  67  30  57  68  96  86  42  26  46  65  22
   88  12  38  75   6  50  38  20  42   1  94  95  81  91  32  45  47  27
    7  78  95  45  31  66  12   5  43  18  38  89  94  72  90  62  95  27
   65  43  50  24  51  60  10]
 [  0  47  17  92  88  41  23  29  34  74  72  13 100   2 100  81  99  47
   50  28  67  26  13  48   3  41  29  63   3  79  42  72  98  81  81  46
   19  50  65  23  34  41  45  14 100  16  91  77  98  59  19  22  45  47
   27  38  98  95  59  62  59]
 [  0 100  27  61  77  35  65  92  68  37  16  96  52  11  17   6  69   7
    1  68  63  45  49  12  56   4  63  84  47  41  30  18  18  50  58  27
   58  34  53  95  55  80  80  14  10  79  72   8  32  74  30  35  62  57
   96  46  15  92   2  32   6]]
end
weight
[[ 0 82 94 13 72 54 59 88 60 22 48 36 88 22 28 23 61  8 44 52 60 28  6 76
  76 35  9 30 20 53 18 86 79 72 44 27 16 53  2 39 49 71 65 34 28 27 64 28
  31 50 66 45 93 70  9 65 25 36  7 50 92]]
end
setup_times
[[[ 0 49 46 32 47 34 55 56 39 52 41 35 46]
  [ 0  0 46 46 38 43 34 55 45 42 35 43 50]
  [ 0 36  0 30 36 46 43 32 49 36 42 50 41]
  [ 0 57 37  0 45 49 44 43 48 47 55 37 57]
  [ 0 46 58 38  0 44 49 49 34 50 43 44 59]
  [ 0 41 54 42 52  0 37 45 32 54 40 37 30]
  [ 0 49 42 59 36 38  0 32 53 34 42 43 40]
  [ 0 36 48 44 45 50 37  0 53 40 42 31 50]
  [ 0 43 51 43 49 34 36 33  0 48 35 49 57]
  [ 0 49 51 51 44 59 45 40 58  0 51 51 40]
  [ 0 54 33 31 43 53 37 40 45 50  0 32 39]
  [ 0 49 50 44 58 45 42 44 58 55 55  0 46]
  [ 0 34 56 46 59 57 48 30 30 47 45 53  0]]

 [[ 0 36 47 42 54 56 46 41 38 37 55 56 55]
  [ 0  0 44 55 38 47 55 41 32 33 48 35 37]
  [ 0 44  0 59 41 54 59 45 30 42 43 33 38]
  [ 0 39 46  0 49 41 54 56 38 31 37 43 35]
  [ 0 48 49 54  0 45 53 58 59 50 59 30 56]
  [ 0 39 40 57 48  0 46 39 32 30 45 34 58]
  [ 0 45 31 55 38 35  0 58 58 49 33 34 47]
  [ 0 58 32 47 31 42 40  0 49 52 44 38 38]
  [ 0 50 30 58 30 52 34 38  0 37 39 55 56]
  [ 0 56 36 59 46 31 36 58 51  0 30 37 33]
  [ 0 51 31 33 50 36 56 33 38 39  0 41 54]
  [ 0 51 41 48 35 31 36 38 38 48 50  0 35]
  [ 0 35 54 39 58 55 51 58 43 53 55 46  0]]

 [[ 0 43 32 35 34 56 38 50 50 41 42 31 45]
  [ 0  0 54 34 48 41 36 46 33 34 34 57 39]
  [ 0 51  0 45 34 55 31 41 35 48 36 56 46]
  [ 0 43 44  0 45 49 52 42 47 45 49 39 35]
  [ 0 52 39 40  0 34 57 40 51 57 35 47 32]
  [ 0 42 57 47 34  0 58 47 55 55 34 58 43]
  [ 0 34 33 30 34 52  0 41 46 49 43 39 40]
  [ 0 56 53 46 39 57 39  0 53 39 57 40 35]
  [ 0 57 49 45 58 51 54 59  0 46 54 30 43]
  [ 0 40 43 46 52 54 40 58 59  0 30 37 32]
  [ 0 46 56 57 47 51 52 44 52 37  0 53 55]
  [ 0 45 51 55 44 39 56 46 56 52 52  0 48]
  [ 0 50 48 58 55 42 49 40 56 45 48 45  0]]

 [[ 0 51 34 39 46 55 54 37 45 32 39 35 50]
  [ 0  0 38 55 52 34 36 54 45 55 48 39 46]
  [ 0 33  0 38 43 58 45 38 44 53 30 31 39]
  [ 0 57 32  0 52 30 53 59 55 47 37 46 55]
  [ 0 57 30 50  0 36 35 44 31 47 47 36 59]
  [ 0 41 42 52 56  0 55 31 44 41 41 57 35]
  [ 0 33 48 54 50 48  0 55 30 45 58 43 30]
  [ 0 45 59 57 36 59 37  0 57 48 43 30 51]
  [ 0 58 40 36 53 58 42 42  0 42 58 30 36]
  [ 0 34 31 44 44 39 58 41 45  0 35 44 55]
  [ 0 47 49 56 52 50 32 38 38 31  0 37 49]
  [ 0 50 46 42 59 32 50 33 56 41 48  0 40]
  [ 0 59 42 55 34 52 37 34 38 56 30 53  0]]

 [[ 0 51 58 36 55 59 36 33 58 58 50 59 51]
  [ 0  0 42 31 49 50 58 56 32 52 37 30 50]
  [ 0 43  0 39 32 34 43 35 44 49 53 42 41]
  [ 0 37 44  0 55 41 41 34 53 31 57 30 50]
  [ 0 40 55 42  0 42 35 51 56 46 45 38 53]
  [ 0 35 47 51 48  0 55 59 31 53 45 52 48]
  [ 0 58 33 51 37 56  0 50 33 41 52 55 54]
  [ 0 41 49 59 32 42 53  0 36 53 44 47 55]
  [ 0 30 40 54 40 42 51 54  0 46 32 34 59]
  [ 0 56 32 42 30 48 45 44 42  0 57 55 35]
  [ 0 44 41 34 44 33 35 40 57 32  0 35 42]
  [ 0 38 47 50 43 57 57 40 40 31 41  0 47]
  [ 0 44 51 42 53 37 55 34 57 58 47 48  0]]

 [[ 0 40 39 54 36 59 31 35 53 44 54 44 43]
  [ 0  0 39 46 31 52 56 51 44 32 41 51 36]
  [ 0 43  0 40 51 47 57 54 49 38 42 49 38]
  [ 0 41 40  0 59 44 36 34 56 41 37 54 54]
  [ 0 55 47 49  0 54 50 52 43 37 53 37 44]
  [ 0 45 54 47 43  0 52 37 31 38 43 53 51]
  [ 0 38 45 54 57 44  0 45 34 43 57 36 37]
  [ 0 32 41 56 56 56 52  0 41 58 47 54 41]
  [ 0 41 48 53 34 52 39 51  0 38 33 31 42]
  [ 0 33 53 51 57 43 35 31 33  0 41 56 51]
  [ 0 59 53 56 56 40 51 46 31 34  0 31 36]
  [ 0 59 53 53 37 41 46 50 42 55 53  0 49]
  [ 0 52 55 55 44 50 49 38 49 50 41 38  0]]

 [[ 0 55 41 55 51 32 48 43 53 52 52 43 50]
  [ 0  0 43 33 48 30 33 43 31 56 55 56 46]
  [ 0 30  0 34 50 42 50 38 54 34 40 38 44]
  [ 0 37 35  0 40 42 41 57 51 49 52 41 37]
  [ 0 45 31 54  0 51 49 53 43 59 53 38 38]
  [ 0 30 40 53 37  0 30 54 35 56 32 52 35]
  [ 0 39 35 31 59 38  0 41 47 38 48 47 42]
  [ 0 37 51 55 32 55 45  0 39 51 37 50 58]
  [ 0 46 45 35 53 49 30 57  0 49 53 59 51]
  [ 0 59 44 30 44 58 35 42 49  0 48 42 37]
  [ 0 42 30 37 48 41 51 51 33 45  0 52 39]
  [ 0 48 39 49 40 59 30 30 42 42 30  0 30]
  [ 0 52 42 59 39 42 43 36 38 55 55 54  0]]

 [[ 0 34 53 30 36 33 59 48 56 43 55 36 48]
  [ 0  0 59 58 38 38 52 34 38 53 30 52 58]
  [ 0 55  0 57 52 52 50 39 51 45 38 45 38]
  [ 0 50 53  0 45 35 56 32 36 47 35 30 51]
  [ 0 57 36 42  0 45 42 49 34 30 48 48 33]
  [ 0 31 56 43 43  0 43 31 43 50 55 51 49]
  [ 0 55 56 46 54 52  0 31 42 42 40 32 50]
  [ 0 38 34 48 33 38 37  0 42 52 53 56 30]
  [ 0 58 49 58 30 40 46 56  0 55 46 34 49]
  [ 0 45 56 37 38 31 54 49 31  0 49 36 38]
  [ 0 44 40 48 44 33 57 54 50 51  0 58 48]
  [ 0 40 36 45 36 58 39 58 58 35 51  0 59]
  [ 0 57 39 36 53 58 47 48 44 34 31 31  0]]

 [[ 0 50 36 43 36 58 44 51 54 39 54 45 31]
  [ 0  0 37 47 33 35 37 58 57 59 58 34 42]
  [ 0 38  0 30 35 48 52 52 35 34 49 37 33]
  [ 0 30 42  0 44 36 43 46 55 42 59 31 45]
  [ 0 31 51 36  0 52 46 41 38 59 59 31 40]
  [ 0 57 52 53 51  0 36 54 45 56 55 42 32]
  [ 0 54 32 58 57 51  0 41 50 47 48 51 39]
  [ 0 48 58 37 33 30 42  0 46 54 55 30 45]
  [ 0 34 59 33 48 46 55 47  0 49 37 49 42]
  [ 0 57 55 51 36 38 41 47 32  0 32 49 56]
  [ 0 54 30 40 35 49 58 46 48 35  0 58 44]
  [ 0 58 42 42 45 50 32 57 59 48 33  0 39]
  [ 0 46 36 58 58 39 35 30 55 34 35 30  0]]

 [[ 0 50 39 43 59 30 57 48 39 50 32 34 55]
  [ 0  0 48 31 47 37 54 30 31 45 56 56 32]
  [ 0 33  0 35 57 36 33 48 31 54 54 56 34]
  [ 0 50 48  0 34 34 39 58 54 48 53 46 58]
  [ 0 53 41 40  0 54 33 45 53 54 54 59 40]
  [ 0 52 59 30 31  0 53 52 32 54 59 31 46]
  [ 0 52 58 41 46 57  0 39 35 40 40 39 40]
  [ 0 41 45 32 54 47 33  0 40 32 39 50 43]
  [ 0 47 53 43 53 49 44 41  0 38 49 48 36]
  [ 0 37 50 42 44 32 43 32 54  0 30 46 35]
  [ 0 52 41 46 47 32 55 52 52 41  0 49 59]
  [ 0 33 31 33 39 46 33 36 37 39 38  0 39]
  [ 0 37 34 52 31 43 54 44 31 39 37 40  0]]]
end
fixed_cost
[[2611 2574 2603 2610 2589 2563 2626 2586 2564 2563]]
end
unit_cost
[[41 51 46 60 42 67 58 33 62 40]]
end
job2fam
[[1 0 0 0 0 0 0 0 0 0 0 0 0 0 0 0 0 0 0 0 0 0 0 0 0 0 0 0 0 0 0 0 0 0 0 0
  0 0 0 0 0 0 0 0 0 0 0 0 0 0 0 0 0 0 0 0 0 0 0 0 0]
 [0 1 0 0 0 0 0 0 0 0 0 0 0 0 0 0 0 0 0 0 1 0 0 0 0 0 0 0 0 1 1 0 0 1 0 0
  0 0 0 0 0 0 0 0 0 0 0 0 0 0 0 0 0 0 0 0 0 0 0 0 0]
 [0 0 0 0 0 0 0 0 0 0 0 0 0 0 0 0 0 0 0 0 0 0 0 1 0 0 0 0 0 0 0 0 0 0 0 0
  0 0 0 0 0 0 0 0 1 0 0 0 0 1 0 0 0 0 0 0 1 1 0 0 0]
 [0 0 0 0 0 0 0 0 0 0 1 0 0 1 0 0 0 0 0 1 0 0 0 0 0 0 0 0 0 0 0 0 0 0 0 0
  0 0 0 0 0 0 0 0 0 0 0 0 1 0 0 0 0 0 0 1 0 0 0 0 0]
 [0 0 0 1 0 1 0 1 0 0 0 0 0 0 0 0 0 0 0 0 0 0 0 0 0 1 0 0 0 0 0 0 0 0 0 0
  0 0 0 0 0 1 0 0 0 0 1 0 0 0 0 0 0 0 0 0 0 0 0 0 0]
 [0 0 0 0 0 0 0 0 1 0 0 0 0 0 1 0 1 0 0 0 0 0 0 0 0 0 0 0 0 0 0 0 0 0 0 0
  0 1 0 0 0 0 0 0 0 0 0 0 0 0 0 0 0 0 0 0 0 0 0 0 0]
 [0 0 0 0 0 0 0 0 0 1 0 0 0 0 0 0 0 0 1 0 0 0 0 0 0 0 0 0 0 0 0 1 0 0 1 1
  0 0 0 0 0 0 0 0 0 0 0 0 0 0 1 0 0 0 0 0 0 0 0 0 0]
 [0 0 0 0 0 0 0 0 0 0 0 0 0 0 0 1 0 1 0 0 0 1 0 0 0 0 1 0 1 0 0 0 1 0 0 0
  0 0 0 0 0 0 0 0 0 0 0 0 0 0 0 0 0 0 0 0 0 0 0 0 0]
 [0 0 0 0 0 0 0 0 0 0 0 0 0 0 0 0 0 0 0 0 0 0 1 0 1 0 0 0 0 0 0 0 0 0 0 0
  0 0 0 0 0 0 0 0 0 0 0 1 0 0 0 1 0 1 0 0 0 0 0 0 0]
 [0 0 0 0 0 0 0 0 0 0 0 0 1 0 0 0 0 0 0 0 0 0 0 0 0 0 0 1 0 0 0 0 0 0 0 0
  0 0 1 1 0 0 1 0 0 0 0 0 0 0 0 0 0 0 0 0 0 0 0 0 1]
 [0 0 1 0 1 0 0 0 0 0 0 1 0 0 0 0 0 0 0 0 0 0 0 0 0 0 0 0 0 0 0 0 0 0 0 0
  1 0 0 0 1 0 0 1 0 0 0 0 0 0 0 0 1 0 1 0 0 0 0 1 0]
 [0 0 0 0 0 0 0 0 0 0 0 0 0 0 0 0 0 0 0 0 0 0 0 0 0 0 0 0 0 0 0 0 0 0 0 0
  0 0 0 0 0 0 0 0 0 1 0 0 0 0 0 0 0 0 0 0 0 0 1 0 0]
 [0 0 0 0 0 0 1 0 0 0 0 0 0 0 0 0 0 0 0 0 0 0 0 0 0 0 0 0 0 0 0 0 0 0 0 0
  0 0 0 0 0 0 0 0 0 0 0 0 0 0 0 0 0 0 0 0 0 0 0 0 0]]
end
