mac
10
end
job
60
end
fam
12
end
proc_times
[[  0   1  96  41  25  42  83  95  98  53  37  42  95   2   4  35  80  87
   40  11  48  10  50   4  99  67  70   6  99  79  35  60  13  15  51  20
   88  10  33  19  81  34  99  29  58  56  97  10  82  75  26  25   1  20
   20  83  73  78  76   4  92]
 [  0  72  15  18  60  30  40  62  11   7   1  82  68  74  76  77  65  57
   28  71  27  34  76   7  44   8  83  89  20  32  15  41  98  23  40  92
   25  48  73  44  98  49  80  15  98  49  38  39  39   6  91  24  98  69
   10   2  62  17  35  44   7]
 [  0  12  30  70  31  80   4  78  16  70  38  38   3  54  35  62   1  91
   69  31   4  57  21  21  48  46  95  85  43  84  30  25  58  27  97  26
   77  49  86  78  34  98  17   6  32  46  88  56  43  29  50  74  29  45
   45  97  33  76  84  15  27]
 [  0  47  42  76  69  72  99  57  87  96  45  60  83  15   3  91  40  89
   24  61  90  41  33  50  18  60  28  36  82  56  45  99  20  97  97  84
   38  11  73  76   8  43  68  95  72  99  43  15  15  93  17  34  77  41
   71  43  12  49  77  51   6]
 [  0  59  49  10   5  12   4  52  91  43  18  77  42  94  88  87  30   3
   31  28  90  93  54  52  73  71  76  47  66  56  56  96  77  56  32  49
   52  77 100  16  16   7  94  86  41   9  41  68  80   2  52  16  50  83
   43  45  54  35  77  20  26]
 [  0  91  61  22  63  70  21  85  64  45  69  73   6  18  74  28  23  95
   54  38  10  37  78  25  79  27   6  35  65  15  66  94  18  11  82  53
   81  67  20   3  83  21  12  39  34  30  17  41  77  55  22  63  47  68
   69  23  46   2  56   5   2]
 [  0  16  93  82  83   3  21   4 100   8  35  73  90  91  53   3  52   4
   17  39  19  66  24  22  82  83  70  99  35   2  79  68  72  91  77  37
   82  49  35  59  90  39  58  42  29  86  10  80  79  99   6   2   4  23
   61 100  73  49  74  33  31]
 [  0  44  18  79  87   3   2  35  85  63  99  35  73   2  16  72  42  34
   13  67  98  68  14  57  56  44  69  69  46  36  46  33  26  70  42  58
    7  12  14  67  60   7  67  58  72  90  39  36  81  38  34  56  47  74
   18  60  29  41  94  56  34]
 [  0  64  95  66  76  74  82  25  19  13  74   2  29  72  22  64  55  24
   72  40  83  81  32  60  56  97  89  73  81  80  16  51   8  42  20  36
   22  29  17  31  26 100  45  46  75  69  22  20  75  90  26  15   2  94
   23  19  78  73   9   5   5]
 [  0  38  72  73  88  70  97  44   6  82   8  78  13  27  22  87  14   2
   53  48  75  70  10  30  33  70  13  60  43  44  12  69  19  83  49  75
   85  34  87  25  85  98  90  14  79  91  99  34  84  57  72   3 100  13
   12  82  80 100  19  42   6]]
end
weight
[[ 0 17 92 84 63 38 68 81 52 96 92 38 27 14 74 34 64 44  6 23 29 93 93 53
  30 44 27 70 47  9 20 24 53  9 12 69 70 52 86 55 20 97 61 77 92 89 59  1
  35 22 44 65 69 58 28 92 56 84 27 96 42]]
end
setup_times
[[[ 0 56 58 48 35 34 58 54 49 36 37 33 58]
  [ 0  0 56 50 52 37 55 53 43 34 43 38 44]
  [ 0 36  0 50 54 59 36 52 50 43 41 38 32]
  [ 0 50 32  0 35 35 50 52 48 47 30 36 34]
  [ 0 30 45 58  0 48 48 53 48 31 54 33 35]
  [ 0 40 39 37 36  0 53 35 30 54 53 40 31]
  [ 0 37 47 44 57 44  0 42 35 44 56 35 43]
  [ 0 46 53 56 47 58 47  0 49 30 49 48 38]
  [ 0 52 41 57 54 57 55 43  0 38 55 44 31]
  [ 0 35 45 39 49 40 44 36 31  0 36 39 34]
  [ 0 52 30 51 38 40 51 40 54 54  0 50 41]
  [ 0 32 33 42 31 51 46 52 36 33 49  0 36]
  [ 0 53 43 54 43 43 48 57 56 43 52 45  0]]

 [[ 0 47 35 38 37 56 47 47 58 50 45 51 32]
  [ 0  0 30 42 47 51 58 57 50 53 32 54 37]
  [ 0 44  0 43 40 57 43 53 36 42 39 47 49]
  [ 0 30 55  0 44 44 33 34 45 37 42 31 49]
  [ 0 41 46 43  0 59 45 32 42 49 45 36 41]
  [ 0 37 43 38 32  0 40 35 46 34 46 49 47]
  [ 0 36 59 32 42 32  0 35 49 59 41 50 31]
  [ 0 41 51 33 53 43 44  0 50 48 49 34 51]
  [ 0 44 58 38 51 46 52 49  0 37 49 40 34]
  [ 0 30 33 33 53 41 39 45 50  0 44 33 44]
  [ 0 32 59 31 33 48 40 54 33 37  0 53 51]
  [ 0 32 55 39 47 58 45 40 34 49 36  0 38]
  [ 0 53 56 40 39 58 38 34 54 57 37 38  0]]

 [[ 0 49 33 53 48 52 30 35 45 53 39 30 55]
  [ 0  0 33 35 46 46 53 59 50 41 45 52 54]
  [ 0 45  0 56 33 40 38 56 38 55 31 35 58]
  [ 0 33 50  0 48 45 56 31 37 46 40 33 38]
  [ 0 36 41 57  0 51 43 42 34 50 50 46 34]
  [ 0 46 50 41 40  0 32 54 59 39 59 33 46]
  [ 0 51 32 32 37 44  0 57 51 48 32 51 49]
  [ 0 53 53 43 53 36 52  0 35 33 58 32 32]
  [ 0 43 35 53 53 38 44 42  0 42 55 32 46]
  [ 0 59 53 58 59 37 51 50 46  0 54 35 40]
  [ 0 35 39 57 50 59 36 52 58 55  0 37 59]
  [ 0 35 41 36 49 36 48 39 33 38 40  0 52]
  [ 0 46 51 33 41 41 31 56 37 47 30 53  0]]

 [[ 0 34 49 57 50 55 52 36 48 49 52 46 42]
  [ 0  0 36 37 39 51 30 37 30 59 35 49 52]
  [ 0 47  0 39 46 58 58 48 53 30 58 56 53]
  [ 0 41 48  0 48 52 39 37 33 31 51 36 30]
  [ 0 51 50 56  0 59 35 41 54 55 48 32 32]
  [ 0 59 43 36 46  0 58 42 37 32 55 37 31]
  [ 0 55 46 58 58 57  0 37 39 50 49 33 34]
  [ 0 55 45 54 57 48 54  0 50 41 42 43 32]
  [ 0 51 59 33 54 46 45 33  0 50 39 33 50]
  [ 0 38 37 52 58 59 35 41 44  0 30 58 39]
  [ 0 35 32 35 55 51 35 37 30 54  0 48 35]
  [ 0 47 44 41 52 58 35 40 34 45 32  0 40]
  [ 0 39 31 45 40 47 31 57 35 57 57 56  0]]

 [[ 0 30 53 30 34 45 41 51 31 46 54 50 47]
  [ 0  0 42 42 59 58 40 36 42 44 43 41 56]
  [ 0 49  0 35 54 36 38 30 33 38 53 41 36]
  [ 0 32 33  0 55 41 35 55 36 57 59 48 41]
  [ 0 35 32 35  0 46 39 49 58 42 57 59 36]
  [ 0 42 45 32 59  0 50 57 56 59 48 41 35]
  [ 0 37 58 56 35 35  0 47 55 51 34 50 52]
  [ 0 36 30 43 42 55 58  0 37 31 30 58 47]
  [ 0 33 43 51 53 53 50 54  0 34 49 30 32]
  [ 0 30 34 54 30 44 38 46 41  0 43 43 38]
  [ 0 38 33 39 38 56 45 38 38 35  0 30 57]
  [ 0 37 48 34 43 40 34 48 38 32 48  0 44]
  [ 0 45 50 50 54 41 35 52 45 43 55 49  0]]

 [[ 0 50 57 44 47 58 49 59 46 43 35 59 35]
  [ 0  0 49 45 58 47 56 35 51 55 32 56 45]
  [ 0 40  0 57 43 49 37 47 58 30 57 36 50]
  [ 0 36 56  0 57 58 49 46 30 30 32 51 37]
  [ 0 45 33 40  0 33 30 41 59 44 59 31 57]
  [ 0 38 59 30 49  0 40 51 44 51 58 52 43]
  [ 0 31 50 39 42 44  0 35 55 37 31 42 49]
  [ 0 56 31 53 39 52 46  0 57 53 49 44 48]
  [ 0 57 56 32 58 50 46 52  0 58 59 36 36]
  [ 0 36 31 36 41 56 51 42 51  0 35 36 56]
  [ 0 51 46 59 31 56 35 32 32 52  0 44 37]
  [ 0 47 49 30 58 31 51 42 36 53 51  0 58]
  [ 0 56 37 31 57 39 40 58 32 54 51 52  0]]

 [[ 0 49 55 32 38 58 32 42 39 42 51 43 38]
  [ 0  0 57 31 40 59 48 53 36 42 44 38 36]
  [ 0 37  0 33 58 31 58 38 46 57 47 53 51]
  [ 0 47 54  0 45 47 31 55 53 48 39 30 32]
  [ 0 48 39 34  0 40 50 47 50 45 51 52 58]
  [ 0 46 51 43 48  0 39 58 56 55 41 51 41]
  [ 0 36 42 38 44 35  0 53 38 58 56 55 30]
  [ 0 45 33 51 54 33 50  0 55 50 54 58 41]
  [ 0 48 48 46 33 59 42 41  0 38 38 48 50]
  [ 0 30 33 41 55 38 31 37 57  0 50 40 42]
  [ 0 42 37 58 54 30 31 37 57 31  0 38 58]
  [ 0 41 44 37 47 34 35 59 39 39 37  0 39]
  [ 0 56 33 41 33 33 32 48 34 59 35 48  0]]

 [[ 0 32 47 59 47 44 36 46 58 50 44 41 34]
  [ 0  0 47 35 48 56 41 40 52 43 30 59 40]
  [ 0 56  0 41 38 46 46 37 48 39 53 43 33]
  [ 0 55 45  0 53 45 44 41 41 54 59 30 34]
  [ 0 32 55 49  0 30 39 36 30 46 47 50 57]
  [ 0 51 50 50 59  0 46 59 41 49 35 33 57]
  [ 0 32 45 44 42 35  0 53 48 39 36 51 41]
  [ 0 40 37 42 59 30 59  0 43 44 55 31 41]
  [ 0 39 52 38 48 45 46 48  0 38 32 41 32]
  [ 0 34 43 32 38 47 56 31 55  0 32 54 55]
  [ 0 39 46 33 32 42 38 51 50 39  0 43 31]
  [ 0 43 37 52 51 48 54 59 56 42 53  0 57]
  [ 0 52 35 33 48 36 32 55 58 57 54 54  0]]

 [[ 0 52 41 35 42 37 35 53 41 42 34 34 56]
  [ 0  0 55 47 35 54 38 46 55 36 34 33 55]
  [ 0 52  0 40 36 48 57 54 35 56 53 31 42]
  [ 0 40 39  0 34 34 42 54 36 53 31 44 31]
  [ 0 38 30 56  0 39 54 46 37 34 35 40 57]
  [ 0 38 41 35 34  0 44 32 39 53 36 39 35]
  [ 0 50 57 32 51 53  0 33 58 49 53 47 59]
  [ 0 57 39 33 52 30 37  0 30 48 39 48 30]
  [ 0 54 50 55 30 31 35 30  0 52 49 52 36]
  [ 0 41 33 49 56 54 37 42 59  0 40 39 56]
  [ 0 42 59 59 38 31 44 31 38 46  0 47 59]
  [ 0 38 33 36 41 51 37 51 53 30 35  0 56]
  [ 0 57 55 36 41 44 38 49 59 46 35 55  0]]

 [[ 0 34 49 58 52 52 33 52 38 33 49 50 52]
  [ 0  0 50 40 58 38 45 52 34 33 53 30 51]
  [ 0 39  0 49 53 30 30 37 52 47 48 44 56]
  [ 0 44 38  0 37 34 48 45 52 49 57 37 37]
  [ 0 38 59 49  0 48 57 58 30 57 50 47 49]
  [ 0 38 33 40 51  0 39 34 49 35 59 48 39]
  [ 0 41 35 38 47 42  0 51 46 49 56 46 56]
  [ 0 59 48 58 59 48 47  0 42 46 55 44 48]
  [ 0 47 57 45 48 46 57 41  0 58 58 39 53]
  [ 0 43 41 40 41 43 48 43 48  0 55 30 33]
  [ 0 53 44 45 56 53 32 46 31 46  0 50 30]
  [ 0 54 55 47 38 40 49 38 32 33 37  0 32]
  [ 0 58 58 32 41 42 36 46 32 59 30 45  0]]]
end
fixed_cost
[[2460 2521 2514 2453 2476 2448 2523 2480 2480 2462]]
end
unit_cost
[[36 71 67 48 33 41 34 57 48 68]]
end
job2fam
[[1 0 0 0 0 0 0 0 0 0 0 0 0 0 0 0 0 0 0 0 0 0 0 0 0 0 0 0 0 0 0 0 0 0 0 0
  0 0 0 0 0 0 0 0 0 0 0 0 0 0 0 0 0 0 0 0 0 0 0 0 0]
 [0 1 0 0 0 0 0 0 0 0 0 0 0 0 0 0 0 0 0 0 1 0 0 0 0 0 0 0 0 1 1 0 0 1 0 0
  0 0 0 0 0 0 0 0 0 0 0 0 0 0 0 0 0 0 0 0 0 0 0 0 0]
 [0 0 0 0 0 0 0 0 0 0 0 0 0 0 0 0 0 0 0 0 0 0 0 1 0 0 0 0 0 0 0 0 0 0 0 0
  0 0 0 0 0 0 0 0 1 0 0 0 0 1 0 0 0 0 0 0 1 1 0 0 0]
 [0 0 0 0 0 0 0 0 0 0 1 0 0 1 0 0 0 0 0 1 0 0 0 0 0 0 0 0 0 0 0 0 0 0 0 0
  0 0 0 0 0 0 0 0 0 0 0 0 1 0 0 0 0 0 0 1 0 0 0 0 0]
 [0 0 0 1 0 1 0 1 0 0 0 0 0 0 0 0 0 0 0 0 0 0 0 0 0 1 0 0 0 0 0 0 0 0 0 0
  0 0 0 0 0 1 0 0 0 0 1 0 0 0 0 0 0 0 0 0 0 0 0 0 0]
 [0 0 0 0 0 0 0 0 1 0 0 0 0 0 1 0 1 0 0 0 0 0 0 0 0 0 0 0 0 0 0 0 0 0 0 0
  0 1 0 0 0 0 0 0 0 0 0 0 0 0 0 0 0 0 0 0 0 0 0 0 0]
 [0 0 0 0 0 0 0 0 0 1 0 0 0 0 0 0 0 0 1 0 0 0 0 0 0 0 0 0 0 0 0 1 0 0 1 1
  0 0 0 0 0 0 0 0 0 0 0 0 0 0 1 0 0 0 0 0 0 0 0 0 0]
 [0 0 0 0 0 0 0 0 0 0 0 0 0 0 0 1 0 1 0 0 0 1 0 0 0 0 1 0 1 0 0 0 1 0 0 0
  0 0 0 0 0 0 0 0 0 0 0 0 0 0 0 0 0 0 0 0 0 0 0 0 0]
 [0 0 0 0 0 0 0 0 0 0 0 0 0 0 0 0 0 0 0 0 0 0 1 0 1 0 0 0 0 0 0 0 0 0 0 0
  0 0 0 0 0 0 0 0 0 0 0 1 0 0 0 1 0 1 0 0 0 0 0 0 0]
 [0 0 0 0 0 0 0 0 0 0 0 0 1 0 0 0 0 0 0 0 0 0 0 0 0 0 0 1 0 0 0 0 0 0 0 0
  0 0 1 1 0 0 1 0 0 0 0 0 0 0 0 0 0 0 0 0 0 0 0 0 1]
 [0 0 1 0 1 0 0 0 0 0 0 1 0 0 0 0 0 0 0 0 0 0 0 0 0 0 0 0 0 0 0 0 0 0 0 0
  1 0 0 0 1 0 0 1 0 0 0 0 0 0 0 0 1 0 1 0 0 0 0 1 0]
 [0 0 0 0 0 0 0 0 0 0 0 0 0 0 0 0 0 0 0 0 0 0 0 0 0 0 0 0 0 0 0 0 0 0 0 0
  0 0 0 0 0 0 0 0 0 1 0 0 0 0 0 0 0 0 0 0 0 0 1 0 0]
 [0 0 0 0 0 0 1 0 0 0 0 0 0 0 0 0 0 0 0 0 0 0 0 0 0 0 0 0 0 0 0 0 0 0 0 0
  0 0 0 0 0 0 0 0 0 0 0 0 0 0 0 0 0 0 0 0 0 0 0 0 0]]
end
