mac
10
end
job
60
end
fam
12
end
proc_times
[[  0  33  67  64  40  84  70  11   3   6  24  48  99  45  49  83  43  22
   83  51  54   2  14  30  24  71  51  24  67  97  10  52   8  97  75  14
   38  69  24  94  43  46  79  97  92  93  11  32  88  76  18   8  16  25
   49  83  12  63  36  67   5]
 [  0  94  70  51  71  95  29  59  12  41 100  78  44   9  85  88  47  92
    8  98  10  78   7  28  56  17  93  70   3   3  65  82  81  21  39  36
   86  37  48  40  80  45  66  14  88  68   2  70  34  17  74  18  27   2
   56  80   7  72  36  23  40]
 [  0  74  35  26   9  54  78  76  59  66  15  76  54  84  61  13  45  30
   79   4  29  98  37   7  32  30  56  80  81  46  39   4  65  96  71  21
   29  41   3   2  93   1  43  93  95  71  72   3  49  44   8  16  77  23
   71  37  70  98  16  54  27]
 [  0  38  76  41  72  93  88  94  10  59  11  48  95  14  46  17  46  48
   65  88  13  10  40  67  68  10  94  69  28  28  42  51  77  89   8  91
   95  17  43  26  48  10  38   5  53  62  64  27  47  21  96  44  75  50
   17  18  89  84  50  75  35]
 [  0  48  67  79  55  56  77   1  13  46  59  38  61  13   4  13  19  81
   65  31  75  21  62  22  87  70  74  94  72  48  99  53  30  46  11  10
   55  35  96  73  78  35  45  58  44  57  94   7  74 100  31  23  98   6
   56   9  86  69  40   6  33]
 [  0  66  50  96  13  92  66  20  30  36  57  30   6   9  42  97  74  96
   33  38  24  11  85  54  88  74  35   8  76  22  59  35  50  21  64  14
   36  64  34  75  37  69  67  17  66  56  40  62  19  76  29  87  72  59
   26   3  15  42   1  27  70]
 [  0  94   3  17  13  39  64  54  93  76  10  73   8  56  39   6  54  69
    1  87  65  80  15  87  39  76  88  67  28  96  94  91  30  87  53  53
   42  33  12  81  69  61  76  75   3  72  59  11  91  17  23  59  44  24
   47  66  72  98   1  36  56]
 [  0  11  80  88  45  76  29  38  66  45  74  62  60  36  41  68  16   8
   90 100  82  54  49  97  69  72  13  89  85  90  80  25  50  53  68  40
   46  97  18  12  40  75  35  70  66   1   4  44  34  22  38  93  67   5
   74  76   1  59  68  44  43]
 [  0   9  50  97  68  61  81  70  48  67  17  42  34  44  95  83  80   2
   10  43  36  98   4  94  57  48  92  94  68  93  28  35  96  83  57  89
   73   8  46  12  68  72  76  92  65  58  98  60  16  20  81  64  16   2
   64  39   1  26  89  31  92]
 [  0  49  46   9  77  93  30  78  44  23  25  70  90   9  14  72  11  53
   70  81  74  75  98  61  77  21  17  31  53  30  61  12  48  42  68  90
   46  12   1  73  70  96   7   3  60  75  26  73  92  17  42  44  55  29
   27  35  77  42  10  52  96]]
end
weight
[[ 0 94 47 17 52 87 81 19 67 61 38 82 27 57 12 97 58  4 67  4 34 40 96 84
  78 61 48  1  1 25 17 41 36 55  3  6 64 37 53 34 31 67 13 95 87 70 43 82
  76 82 83 14  3 75 54 55 14 49 41  8 68]]
end
setup_times
[[[ 0 38 56 42 46 35 44 42 38 46 40 44 37]
  [ 0  0 46 34 40 50 48 44 48 32 51 32 41]
  [ 0 39  0 33 43 30 35 56 33 30 53 52 38]
  [ 0 50 41  0 36 44 45 44 59 36 56 50 50]
  [ 0 59 50 47  0 40 57 43 45 37 50 48 42]
  [ 0 32 44 49 41  0 32 35 45 59 48 36 51]
  [ 0 32 33 38 55 59  0 53 39 55 36 30 53]
  [ 0 38 55 43 59 39 38  0 50 50 47 38 39]
  [ 0 51 58 52 44 30 46 40  0 37 31 30 44]
  [ 0 33 31 56 43 41 47 34 53  0 58 36 43]
  [ 0 39 31 38 32 49 45 44 36 50  0 47 57]
  [ 0 56 31 46 30 44 42 36 46 30 50  0 52]
  [ 0 48 36 43 36 35 45 59 52 46 35 57  0]]

 [[ 0 57 38 41 38 33 50 47 53 32 54 48 53]
  [ 0  0 38 55 38 44 51 32 35 51 56 44 56]
  [ 0 31  0 54 41 52 47 34 55 55 47 51 41]
  [ 0 42 31  0 33 49 35 58 33 40 38 56 51]
  [ 0 33 57 33  0 59 43 54 34 37 33 51 42]
  [ 0 48 57 43 51  0 46 56 42 35 45 45 35]
  [ 0 57 51 38 57 45  0 56 56 42 37 36 44]
  [ 0 58 56 54 59 59 35  0 39 41 33 59 44]
  [ 0 55 58 55 54 42 43 35  0 50 58 38 48]
  [ 0 30 36 36 48 52 33 37 42  0 35 39 31]
  [ 0 38 54 49 45 48 47 43 50 48  0 50 52]
  [ 0 44 57 56 54 40 44 58 46 43 33  0 45]
  [ 0 55 42 38 37 57 53 59 59 44 33 36  0]]

 [[ 0 36 44 53 56 44 48 56 39 45 30 30 56]
  [ 0  0 43 49 53 40 37 39 40 49 35 46 38]
  [ 0 39  0 32 50 52 55 36 53 35 30 31 30]
  [ 0 41 35  0 53 53 55 52 32 48 49 47 37]
  [ 0 48 37 48  0 30 35 30 44 36 37 32 52]
  [ 0 35 56 40 58  0 50 46 52 48 39 30 46]
  [ 0 31 30 43 39 57  0 32 58 30 43 31 42]
  [ 0 43 42 55 42 55 44  0 32 51 35 48 51]
  [ 0 38 47 32 57 45 39 32  0 41 53 41 52]
  [ 0 47 47 51 36 58 39 50 32  0 36 56 49]
  [ 0 36 37 46 44 46 43 35 40 41  0 54 48]
  [ 0 46 36 44 38 36 53 31 46 30 42  0 49]
  [ 0 38 50 52 32 47 42 42 52 41 59 40  0]]

 [[ 0 40 55 44 53 45 59 36 38 52 36 51 58]
  [ 0  0 34 48 58 54 55 48 41 53 47 44 41]
  [ 0 59  0 53 51 41 49 30 48 49 59 49 33]
  [ 0 35 55  0 57 41 36 57 47 35 59 40 40]
  [ 0 56 30 36  0 36 55 36 46 35 53 52 48]
  [ 0 42 36 33 51  0 40 51 32 49 30 49 48]
  [ 0 31 38 37 32 34  0 52 37 45 35 53 57]
  [ 0 49 57 43 45 32 46  0 35 43 57 59 43]
  [ 0 38 33 53 56 35 57 40  0 31 57 34 43]
  [ 0 30 41 33 37 32 43 32 39  0 59 32 50]
  [ 0 30 54 44 34 52 44 50 42 54  0 39 42]
  [ 0 32 35 55 30 41 42 46 43 34 31  0 41]
  [ 0 53 37 38 42 40 54 59 34 31 47 50  0]]

 [[ 0 45 39 30 44 36 46 59 30 53 31 51 39]
  [ 0  0 54 43 37 39 40 38 34 53 47 59 31]
  [ 0 53  0 32 38 45 36 47 37 30 46 38 59]
  [ 0 55 49  0 41 32 40 48 59 43 42 56 48]
  [ 0 31 48 54  0 39 33 42 59 43 31 49 48]
  [ 0 32 48 54 54  0 57 42 39 58 51 32 59]
  [ 0 30 53 32 48 32  0 44 55 41 56 50 39]
  [ 0 41 38 37 57 46 33  0 38 53 36 30 45]
  [ 0 33 57 39 37 44 36 56  0 40 49 49 39]
  [ 0 30 40 59 56 43 39 39 51  0 55 59 39]
  [ 0 40 41 46 39 32 45 52 55 59  0 51 41]
  [ 0 34 31 32 55 44 48 44 33 49 34  0 58]
  [ 0 36 47 53 49 39 47 50 49 44 57 56  0]]

 [[ 0 38 35 30 54 37 40 58 38 53 56 42 33]
  [ 0  0 54 33 53 34 51 33 56 46 31 36 31]
  [ 0 35  0 30 58 35 51 51 32 42 43 33 34]
  [ 0 51 52  0 51 44 32 59 54 32 36 57 48]
  [ 0 37 55 32  0 59 30 47 31 50 59 49 46]
  [ 0 54 57 45 46  0 45 52 49 58 51 58 56]
  [ 0 37 39 47 53 42  0 32 49 44 45 56 49]
  [ 0 53 41 39 42 39 43  0 34 47 53 38 33]
  [ 0 57 52 51 37 34 48 33  0 43 32 46 56]
  [ 0 56 54 32 39 31 36 46 30  0 37 54 33]
  [ 0 39 42 58 53 40 32 47 50 45  0 51 51]
  [ 0 30 50 45 50 38 59 55 34 42 51  0 37]
  [ 0 43 39 31 46 58 59 54 53 50 48 34  0]]

 [[ 0 39 57 42 50 55 40 31 46 45 38 41 44]
  [ 0  0 30 37 41 47 50 34 43 43 34 58 41]
  [ 0 31  0 57 52 59 36 39 35 34 38 52 43]
  [ 0 50 55  0 38 50 46 36 54 46 53 58 43]
  [ 0 35 58 44  0 35 37 50 40 40 44 48 34]
  [ 0 59 54 49 39  0 30 45 33 40 54 45 45]
  [ 0 42 37 49 47 33  0 33 32 35 34 33 45]
  [ 0 54 40 54 58 42 55  0 31 46 48 47 35]
  [ 0 40 34 34 39 51 36 31  0 39 39 45 59]
  [ 0 59 34 31 55 32 52 35 52  0 48 34 31]
  [ 0 55 43 57 30 41 42 35 36 39  0 30 48]
  [ 0 46 32 39 36 33 32 46 50 43 53  0 43]
  [ 0 39 41 58 30 39 44 34 43 37 39 30  0]]

 [[ 0 46 55 56 36 43 55 50 39 53 55 35 41]
  [ 0  0 33 37 56 43 58 46 31 32 43 53 44]
  [ 0 34  0 31 38 38 32 54 36 42 31 38 30]
  [ 0 42 51  0 51 52 53 58 44 59 46 48 49]
  [ 0 34 41 35  0 41 42 52 58 50 48 38 54]
  [ 0 50 34 57 44  0 48 54 48 55 33 34 59]
  [ 0 54 55 56 47 39  0 42 36 34 48 58 49]
  [ 0 40 53 56 34 36 43  0 40 50 30 32 32]
  [ 0 42 40 47 36 52 44 36  0 41 55 32 32]
  [ 0 47 34 57 31 48 58 56 56  0 32 57 35]
  [ 0 58 38 39 47 43 59 41 47 49  0 58 56]
  [ 0 58 39 47 43 31 47 36 44 35 40  0 37]
  [ 0 57 40 32 45 30 57 55 47 49 56 48  0]]

 [[ 0 39 40 42 30 33 36 38 39 50 47 58 55]
  [ 0  0 50 52 47 34 57 52 38 51 59 54 42]
  [ 0 56  0 53 32 50 30 52 56 52 42 52 34]
  [ 0 53 41  0 55 33 34 43 50 40 47 40 45]
  [ 0 45 41 54  0 48 32 51 46 46 56 35 43]
  [ 0 45 56 52 55  0 55 30 39 46 31 52 32]
  [ 0 57 46 44 41 44  0 49 54 56 40 52 54]
  [ 0 33 30 58 45 39 32  0 30 39 32 45 34]
  [ 0 35 57 55 47 31 49 46  0 40 52 50 43]
  [ 0 42 43 45 38 37 36 48 37  0 49 36 54]
  [ 0 33 58 43 56 38 57 48 30 49  0 54 44]
  [ 0 59 40 40 56 39 41 47 37 45 59  0 47]
  [ 0 50 37 48 59 36 47 51 49 50 42 30  0]]

 [[ 0 53 43 35 36 53 46 43 55 34 40 42 37]
  [ 0  0 55 47 42 36 53 38 57 53 50 34 38]
  [ 0 55  0 43 52 42 36 39 55 42 58 56 55]
  [ 0 31 59  0 50 59 41 37 33 58 42 32 32]
  [ 0 44 42 36  0 50 36 59 53 53 48 43 46]
  [ 0 36 37 54 44  0 46 56 43 42 57 36 46]
  [ 0 40 39 41 36 40  0 54 32 48 57 45 33]
  [ 0 48 41 44 58 38 36  0 44 40 50 30 36]
  [ 0 36 48 54 43 40 41 55  0 33 50 44 38]
  [ 0 35 36 41 54 44 55 36 41  0 41 44 33]
  [ 0 41 44 55 51 49 49 32 38 49  0 44 45]
  [ 0 36 50 32 39 41 54 56 52 43 53  0 41]
  [ 0 32 46 47 35 44 38 42 40 31 59 35  0]]]
end
fixed_cost
[[2354 2417 2387 2431 2409 2377 2357 2382 2432 2357]]
end
unit_cost
[[41 51 42 43 43 39 63 38 67 44]]
end
job2fam
[[1 0 0 0 0 0 0 0 0 0 0 0 0 0 0 0 0 0 0 0 0 0 0 0 0 0 0 0 0 0 0 0 0 0 0 0
  0 0 0 0 0 0 0 0 0 0 0 0 0 0 0 0 0 0 0 0 0 0 0 0 0]
 [0 1 0 0 0 0 0 0 0 0 0 0 0 0 0 0 0 0 0 0 1 0 0 0 0 0 0 0 0 1 1 0 0 1 0 0
  0 0 0 0 0 0 0 0 0 0 0 0 0 0 0 0 0 0 0 0 0 0 0 0 0]
 [0 0 0 0 0 0 0 0 0 0 0 0 0 0 0 0 0 0 0 0 0 0 0 1 0 0 0 0 0 0 0 0 0 0 0 0
  0 0 0 0 0 0 0 0 1 0 0 0 0 1 0 0 0 0 0 0 1 1 0 0 0]
 [0 0 0 0 0 0 0 0 0 0 1 0 0 1 0 0 0 0 0 1 0 0 0 0 0 0 0 0 0 0 0 0 0 0 0 0
  0 0 0 0 0 0 0 0 0 0 0 0 1 0 0 0 0 0 0 1 0 0 0 0 0]
 [0 0 0 1 0 1 0 1 0 0 0 0 0 0 0 0 0 0 0 0 0 0 0 0 0 1 0 0 0 0 0 0 0 0 0 0
  0 0 0 0 0 1 0 0 0 0 1 0 0 0 0 0 0 0 0 0 0 0 0 0 0]
 [0 0 0 0 0 0 0 0 1 0 0 0 0 0 1 0 1 0 0 0 0 0 0 0 0 0 0 0 0 0 0 0 0 0 0 0
  0 1 0 0 0 0 0 0 0 0 0 0 0 0 0 0 0 0 0 0 0 0 0 0 0]
 [0 0 0 0 0 0 0 0 0 1 0 0 0 0 0 0 0 0 1 0 0 0 0 0 0 0 0 0 0 0 0 1 0 0 1 1
  0 0 0 0 0 0 0 0 0 0 0 0 0 0 1 0 0 0 0 0 0 0 0 0 0]
 [0 0 0 0 0 0 0 0 0 0 0 0 0 0 0 1 0 1 0 0 0 1 0 0 0 0 1 0 1 0 0 0 1 0 0 0
  0 0 0 0 0 0 0 0 0 0 0 0 0 0 0 0 0 0 0 0 0 0 0 0 0]
 [0 0 0 0 0 0 0 0 0 0 0 0 0 0 0 0 0 0 0 0 0 0 1 0 1 0 0 0 0 0 0 0 0 0 0 0
  0 0 0 0 0 0 0 0 0 0 0 1 0 0 0 1 0 1 0 0 0 0 0 0 0]
 [0 0 0 0 0 0 0 0 0 0 0 0 1 0 0 0 0 0 0 0 0 0 0 0 0 0 0 1 0 0 0 0 0 0 0 0
  0 0 1 1 0 0 1 0 0 0 0 0 0 0 0 0 0 0 0 0 0 0 0 0 1]
 [0 0 1 0 1 0 0 0 0 0 0 1 0 0 0 0 0 0 0 0 0 0 0 0 0 0 0 0 0 0 0 0 0 0 0 0
  1 0 0 0 1 0 0 1 0 0 0 0 0 0 0 0 1 0 1 0 0 0 0 1 0]
 [0 0 0 0 0 0 0 0 0 0 0 0 0 0 0 0 0 0 0 0 0 0 0 0 0 0 0 0 0 0 0 0 0 0 0 0
  0 0 0 0 0 0 0 0 0 1 0 0 0 0 0 0 0 0 0 0 0 0 1 0 0]
 [0 0 0 0 0 0 1 0 0 0 0 0 0 0 0 0 0 0 0 0 0 0 0 0 0 0 0 0 0 0 0 0 0 0 0 0
  0 0 0 0 0 0 0 0 0 0 0 0 0 0 0 0 0 0 0 0 0 0 0 0 0]]
end
