mac
10
end
job
70
end
fam
5
end
proc_times
[[  0   1  81  25  24  59  43  14  34  93  91  26  80  17  29  95  65  50
   24  57  54  61  64  85   7  58  38  32  75  58   3   9  19  84  52  73
   66  26   3  53  24  54  78  85  22  13  73  19  16  66  11  53  36  77
    3  11  14   6  85  13  96  52  50   2   1  65  25  28  83  72  51]
 [  0  39  50  28  45  61  41   2  20  71 100  15   4  46  59  86  54  34
   90  45  93  20  28  82   5  70  29  89  66  53  98   9  95  86  33  76
   34  13  80  21  47  18  63  72  94  35  11  94  48  77  96  52  11   1
   43  53  26  94  40   6  14  32  17  83  96  17  98  99  15   4  95]
 [  0  30  63  48  48  65  35  48  51  37  54  10  19  48  11  43  58  20
   85  92  19  34  85  20  77  64  99  92   1  83  59  91   2  56  68  47
   28  52  26  82   1  91  13  75   5  49  59  97  58  37  39   8  40  85
   85  69  96  13  57  13  70  29  51  15  38  77  34  83  86  33  86]
 [  0  40  23  20  54  14  87  40  41  15  49   7  28  26  63  34  36  72
   69  53  86  87  23  96  88  97  73  29  84  74  37  85  94  87   3  82
    9  19  52  90  89  57   7  67  72  66  63  14  46  39  58  19  53  31
   41  37  41  51  80  22 100  10  94  37  47  80  22  37  74  40  64]
 [  0  70  32  20  16  38  26  36  65  84  89  96  95  96  67  32  60   9
   35  29   6  35  10  93  40  97  17  37  93  98  38   6  31   6  60  21
   32  49  89  83  35  11  17  80  67  88  37  71  76  85  85  19  15   5
   30  58  51  74   7  76  85  21  74  48  64  68  26   6  22  35  35]
 [  0  81  89  39  63  51  39  67   4   2  64  24  71  92  71  55  31  20
   80  93   3  25  52  16  89  36  95  61  69  35  50  95  44  96  37  62
   60  57  11  33  56  27   8  37  60  83  91  36  94  29  72  92  78  41
   46  41  28  44  67  91  60   3  23  81  48  50  48  61  97  67  84]
 [  0  27   6  53  71   6  22  33  96  46  37  11  87  94  86  37  52  26
   41  35  94  60  18  60  29  38  10  31  53  55  60  57  68  54  70  33
   46  24  24  45  35  94  44  73   8  28  60  44   7  99  21  47  42  35
   56  65  92  92  72  44  44  44  57  53  31  34  47  27  60  21   4]
 [  0  84  82  46  30  46  99  55  59  29   8  68  10  25  55  18  90   5
   14  12  15  24  35  93  85  84  82  21  31  50 100  45  95   5  23  55
   94  19  25  11   3  44  79  34  24  50  22  28  25  72  64  38  84  72
   58  64  73  24  75  37  24  15  86  62  23  47  29  40  13  65  19]
 [  0  37  15  80  98  72  12  13   4  20  43  16  79  81  94  62  66  95
   41  43  24   9  92  80  11  82  26  60  24  41   8  56  61  39  29  31
   10  34  37  79  82  61  13  42  45  48  99  65  34  59  97   5  67  75
   23  27  14  68  31  39  15  13  39  29   6  15  62  36   4   9  58]
 [  0   5  81  79  92  50  36  68  38  64   1  38  27  53  49  53  59  55
   53  22  78  72  35  77   8  56  23  30  56  19  41  82  36  96  91  17
   37  34  80  42  34  19  31  69  91   7  23   6  48  76  44  46  24  28
   71  82   5  21  73  12   4  59   6  50  63  61  71  77  92  47  17]]
end
weight
[[ 0 66 73 18 16 98 16 67 11 95 18 22 63  5 45 58 20 20 53 53 27 19 80 59
  63 85 55  6 23 10 23 17 63 96 77 72 49 85 95 91 63 71 27 37  9 60 27 30
  88 60 70 48 93 98 85 74 42 63 41 48 77 17 45 67 47 29 65 48 43 34 63]]
end
setup_times
[[[ 0 37 33 53 52 40]
  [ 0  0 30 31 31 39]
  [ 0 43  0 33 38 35]
  [ 0 51 39  0 55 57]
  [ 0 40 42 45  0 44]
  [ 0 49 40 58 52  0]]

 [[ 0 42 41 36 42 34]
  [ 0  0 42 40 51 36]
  [ 0 36  0 43 55 55]
  [ 0 39 46  0 34 56]
  [ 0 49 47 34  0 56]
  [ 0 46 54 41 31  0]]

 [[ 0 48 55 34 30 40]
  [ 0  0 39 52 37 34]
  [ 0 36  0 34 58 58]
  [ 0 39 43  0 54 30]
  [ 0 35 50 40  0 37]
  [ 0 43 52 51 50  0]]

 [[ 0 49 56 39 57 30]
  [ 0  0 51 40 54 41]
  [ 0 30  0 31 51 39]
  [ 0 37 30  0 36 35]
  [ 0 31 38 40  0 46]
  [ 0 44 34 35 35  0]]

 [[ 0 45 31 54 41 41]
  [ 0  0 45 52 40 39]
  [ 0 54  0 41 57 50]
  [ 0 51 42  0 37 41]
  [ 0 37 34 51  0 31]
  [ 0 36 57 41 49  0]]

 [[ 0 54 58 45 47 31]
  [ 0  0 32 45 45 45]
  [ 0 51  0 43 46 57]
  [ 0 39 40  0 40 42]
  [ 0 39 46 44  0 50]
  [ 0 46 42 52 59  0]]

 [[ 0 53 59 30 52 33]
  [ 0  0 40 49 53 35]
  [ 0 56  0 53 50 30]
  [ 0 44 46  0 35 40]
  [ 0 33 58 58  0 43]
  [ 0 43 53 47 33  0]]

 [[ 0 43 57 45 40 42]
  [ 0  0 46 59 50 54]
  [ 0 39  0 33 44 54]
  [ 0 36 49  0 37 58]
  [ 0 43 49 33  0 35]
  [ 0 30 44 35 33  0]]

 [[ 0 40 58 53 54 46]
  [ 0  0 45 42 43 33]
  [ 0 54  0 42 36 44]
  [ 0 50 50  0 54 56]
  [ 0 30 46 34  0 48]
  [ 0 47 37 52 36  0]]

 [[ 0 47 41 35 49 59]
  [ 0  0 41 43 45 39]
  [ 0 54  0 48 36 48]
  [ 0 37 32  0 38 36]
  [ 0 48 51 44  0 47]
  [ 0 31 52 59 54  0]]]
end
fixed_cost
[[2903 2829 2903 2893 2859 2906 2831 2878 2800 2895]]
end
unit_cost
[[69 51 65 67 61 63 32 54 67 60]]
end
job2fam
[[1 0 0 0 0 0 0 0 0 0 0 0 0 0 0 0 0 0 0 0 0 0 0 0 0 0 0 0 0 0 0 0 0 0 0 0
  0 0 0 0 0 0 0 0 0 0 0 0 0 0 0 0 0 0 0 0 0 0 0 0 0 0 0 0 0 0 0 0 0 0 0]
 [0 1 1 0 0 0 1 0 0 0 0 0 1 1 0 0 0 0 1 0 1 1 0 1 0 0 1 0 1 0 1 0 0 0 0 1
  0 0 0 0 0 0 0 1 0 0 1 0 0 0 0 0 0 0 0 0 0 0 0 0 0 0 0 0 1 0 0 0 0 0 0]
 [0 0 0 1 0 0 0 0 0 0 0 1 0 0 1 0 0 0 0 0 0 0 1 0 0 1 0 0 0 0 0 1 0 0 0 0
  1 0 0 0 0 0 0 0 1 1 0 0 0 0 0 0 0 1 0 0 0 0 0 0 0 0 0 1 0 0 0 1 1 0 0]
 [0 0 0 0 0 0 0 0 1 1 0 0 0 0 0 1 1 0 0 0 0 0 0 0 0 0 0 0 0 0 0 0 0 1 0 0
  0 0 1 0 1 1 0 0 0 0 0 0 1 0 0 1 0 0 1 0 0 0 0 1 0 0 1 0 0 0 1 0 0 1 0]
 [0 0 0 0 1 0 0 1 0 0 1 0 0 0 0 0 0 1 0 0 0 0 0 0 0 0 0 0 0 1 0 0 0 0 1 0
  0 1 0 1 0 0 1 0 0 0 0 1 0 0 0 0 1 0 0 1 1 1 1 0 1 1 0 0 0 0 0 0 0 0 1]
 [0 0 0 0 0 1 0 0 0 0 0 0 0 0 0 0 0 0 0 1 0 0 0 0 1 0 0 1 0 0 0 0 1 0 0 0
  0 0 0 0 0 0 0 0 0 0 0 0 0 1 1 0 0 0 0 0 0 0 0 0 0 0 0 0 0 1 0 0 0 0 0]]
end
