mac
10
end
job
70
end
fam
5
end
proc_times
[[  0  37  49  49  49   5  25  74  92  33  61  39  64  25  36  38  74  34
   59  26  57  63  78  24   5  40 100  24  97  56  75  65  19  98  18  97
   67  68  66  12  81  12  55  32  41  64  57  52  29  32  19  89  51   8
   61  60  53   2  22  95  12  81  27  22  93  22  42  41  99  83  40]
 [  0  69  59  75  98  88  62  33  90   7  26  75   9  83  12  35  41  37
   81  37  57   5  27  46  21  46  63  18  86  39  84  66  50  66  21   5
   47  25  61   9  94   2  73  95  75  35  88  10  34   2  22   1  95  32
   60  51  82  70  81   4   4  76  78   3  29  58  75  50  74  33  99]
 [  0  35  99  62  50  16  16  94  64  56  80  54  21  26  68  70  45  42
   23  67  80  67  35  12  89  67  40   9  57   4 100  86  12  92  93  96
   25  26  32  48  67  76  22  73  73  25  27  64  53  38  74  92  79  17
   73  86  48  76  51  70  45  14  55  46  75  80  27  85  40  83  31]
 [  0  47  35  63  75  61  68  90  76  31  51  15  52  49  89  33  97  12
   24  37  53  28  46 100  52  74   3  72  39  97  79  53  97  87  80  98
   43  58  67  31  37   3   6  81  71  80  97  19  26  38  85  52   7  13
    4  85  89  31 100  79  33  29  88  81  92  39  34  13   6  73  32]
 [  0  26  35  42  71  34  27  85 100  68  70  78  10  59  21  18  91  47
   46 100   3   8   7  68  64  89  12  58  64  15  29  53  29  74  69  94
   87  97  47   8  71   7  88  93  15  95  64  14  73  38  12  91  46  23
   39  38  13  47  26  99  69  76  28  85  66  63  59   2  98  49  13]
 [  0  72  30  18  61  68   8  17  91  65  19  74  40  95  33  49  86   3
    3   7  28  51  48  89  83  28  75  77  35  40  80   3  12  35  57  95
    8  99  42  88  76  36  56  46  83  98  80  45  11  26  60  54  19  80
   39  72  63  92  81  57  21  68  86  64  91  15   4  18   3  65  91]
 [  0  49   3  47  22  32  72  62  99   8   6  50   4   1  14   8  27  95
   82  92  99  50  52  51   1  53   4  24  56  86  42  80  36  68  73   5
   11  21  47   5  43  40  52  67  69  44  35  71  75  38  60  12  16  67
   37  61  99  74  19   3  44  39  99  10  89  49   2  31  56  28  67]
 [  0  87  91   4  13  88  75  71  49  90  75  58  43  40  81  58  53  35
   71   9  27  71  99  70  50  54  11  15  11   6  94  25  82  44  79  42
   54  18  70  43  69  19  99  26  12  11  70  89  62  58  54  87  18  43
   49  99  12  13   4  12  72  55  50   1  56  80 100  59  80   2  15]
 [  0  49  41  49  75  92  71  87  73  34  65  45  30  66  90  71  88  14
   18  66  84  61  67  61  12  63   6   1  58  45  71  42  65  96   1  20
   82  79  63  75  49  85  19  62  33  72  27  23  37  97  63  96  10  43
   15  60  10  33  77  62  68  98  51   4  46  30  43  87  15  93  88]
 [  0  30  59  14  28  80  91  70   9  64  22  67  74  77   1  45  77  38
   26   5  23  33  54  88  60  43  67  25  16  29   5  15  49  77  36  47
   38   5  63  44  15   4  76  76 100  58  26  52  37  90  24  50   2  14
   56  83  91  99   4  41  37  96  48  57  31   5  21  25  85  89  46]]
end
weight
[[ 0 78 31 11 58 72 80  3 45 92 48 68 35 43  2 20 48 60 69 81 43 67 92 33
  69 92 22 57 54 20 78 97  6 29 14 79 41 45 11 31 40  6 40 51 10 77 66 50
   7 80  8  9 43 96 70 98 26 71 89 96 79 57 77 33 49 76 83 99 80 86 20]]
end
setup_times
[[[ 0 30 59 44 36 54]
  [ 0  0 34 37 47 42]
  [ 0 55  0 51 34 45]
  [ 0 55 57  0 40 55]
  [ 0 50 55 45  0 36]
  [ 0 55 45 31 42  0]]

 [[ 0 59 59 36 49 35]
  [ 0  0 47 47 50 49]
  [ 0 31  0 54 34 57]
  [ 0 43 45  0 41 40]
  [ 0 52 59 35  0 30]
  [ 0 51 45 56 39  0]]

 [[ 0 34 31 55 49 45]
  [ 0  0 56 55 58 56]
  [ 0 32  0 32 30 33]
  [ 0 53 30  0 51 52]
  [ 0 57 48 56  0 36]
  [ 0 53 36 42 38  0]]

 [[ 0 55 57 54 56 49]
  [ 0  0 45 46 49 58]
  [ 0 30  0 41 43 36]
  [ 0 42 56  0 49 34]
  [ 0 46 34 35  0 46]
  [ 0 36 59 41 45  0]]

 [[ 0 45 54 54 30 41]
  [ 0  0 59 48 35 51]
  [ 0 52  0 35 54 44]
  [ 0 45 47  0 38 59]
  [ 0 50 58 48  0 59]
  [ 0 41 57 33 39  0]]

 [[ 0 59 54 39 58 31]
  [ 0  0 53 44 32 32]
  [ 0 51  0 41 30 47]
  [ 0 54 56  0 37 55]
  [ 0 35 43 41  0 39]
  [ 0 44 52 39 32  0]]

 [[ 0 35 36 37 40 38]
  [ 0  0 30 33 42 57]
  [ 0 43  0 49 45 44]
  [ 0 39 32  0 35 48]
  [ 0 49 53 36  0 55]
  [ 0 48 46 36 45  0]]

 [[ 0 44 41 53 56 53]
  [ 0  0 37 50 32 50]
  [ 0 51  0 47 57 36]
  [ 0 50 36  0 30 59]
  [ 0 49 32 34  0 32]
  [ 0 50 34 51 48  0]]

 [[ 0 31 44 53 42 42]
  [ 0  0 37 32 50 46]
  [ 0 51  0 51 55 39]
  [ 0 59 43  0 55 37]
  [ 0 40 36 38  0 41]
  [ 0 58 57 53 49  0]]

 [[ 0 33 35 37 47 41]
  [ 0  0 57 51 39 38]
  [ 0 30  0 58 52 38]
  [ 0 44 30  0 39 34]
  [ 0 57 30 36  0 38]
  [ 0 52 53 53 47  0]]]
end
fixed_cost
[[2692 2676 2694 2727 2646 2636 2644 2672 2684 2714]]
end
unit_cost
[[47 39 66 44 64 69 55 52 52 40]]
end
job2fam
[[1 0 0 0 0 0 0 0 0 0 0 0 0 0 0 0 0 0 0 0 0 0 0 0 0 0 0 0 0 0 0 0 0 0 0 0
  0 0 0 0 0 0 0 0 0 0 0 0 0 0 0 0 0 0 0 0 0 0 0 0 0 0 0 0 0 0 0 0 0 0 0]
 [0 1 1 0 0 0 1 0 0 0 0 0 1 1 0 0 0 0 1 0 1 1 0 1 0 0 1 0 1 0 1 0 0 0 0 1
  0 0 0 0 0 0 0 1 0 0 1 0 0 0 0 0 0 0 0 0 0 0 0 0 0 0 0 0 1 0 0 0 0 0 0]
 [0 0 0 1 0 0 0 0 0 0 0 1 0 0 1 0 0 0 0 0 0 0 1 0 0 1 0 0 0 0 0 1 0 0 0 0
  1 0 0 0 0 0 0 0 1 1 0 0 0 0 0 0 0 1 0 0 0 0 0 0 0 0 0 1 0 0 0 1 1 0 0]
 [0 0 0 0 0 0 0 0 1 1 0 0 0 0 0 1 1 0 0 0 0 0 0 0 0 0 0 0 0 0 0 0 0 1 0 0
  0 0 1 0 1 1 0 0 0 0 0 0 1 0 0 1 0 0 1 0 0 0 0 1 0 0 1 0 0 0 1 0 0 1 0]
 [0 0 0 0 1 0 0 1 0 0 1 0 0 0 0 0 0 1 0 0 0 0 0 0 0 0 0 0 0 1 0 0 0 0 1 0
  0 1 0 1 0 0 1 0 0 0 0 1 0 0 0 0 1 0 0 1 1 1 1 0 1 1 0 0 0 0 0 0 0 0 1]
 [0 0 0 0 0 1 0 0 0 0 0 0 0 0 0 0 0 0 0 1 0 0 0 0 1 0 0 1 0 0 0 0 1 0 0 0
  0 0 0 0 0 0 0 0 0 0 0 0 0 1 1 0 0 0 0 0 0 0 0 0 0 0 0 0 0 1 0 0 0 0 0]]
end
