mac
10
end
job
70
end
fam
5
end
proc_times
[[  0  93  66  94  91  17  66  51  67  31  76  24  57  63  84   5  22  69
   72  17  36  92  12  14  36  52  88 100  71  16  64  75  53  78  13  48
   26  96  11  79  15  33  36  36  80 100  92  21  75 100  92  77  20  85
   77  78  38  35  38  84  49  28  30   4  69  81  57  97  27  57  89]
 [  0  39  48  51  31  28  96  70   2  23  75  35   3  43  22  46  90  86
   93  69  35  43  20  28  10  27  97  38  38  88  57  26   8  69  54  52
   16  89  37  13  88  95  80  83  48  54  87   9  85  90  17  99  74  21
   21  23  91  97  86  92  76  86  58  10   6  68   1  34  10  78  50]
 [  0  55  60  98  85  27  70  23   1  27   4  51   3  99   7   7  83  79
   84  83  30  87  84  63  37   9  14  63  21   8  54  25  14   3  77  27
   25  40  49  82  39  96   8  49  52  97  79  38  18  95  30  78  89  58
   72  54  43  41  54  21  48  73  54  41  39  62  91  20  43  56  96]
 [  0  99  50  74   6  78  35  39  13  87  30 100  45  46  58  57  18  28
   49   7  54  81  25  57  10  66  41  27  78  90  51  24  38  47  71   8
   13  59  79  78  94   9   2  15   7  79  91  16  57  14  31  95  69  61
    6  74  31  77  21  23  48  10  61  43   9  46  75  31  55  46  37]
 [  0  91  12  55  81  14  60  99  85  17  77  98   7  45  66  80  97  32
   38  45  38  48  47  50  86   9  96  34  48   7  65  77  10  45  47   3
   51  33   3  89  86  69  81  33  92  32   8  99  96  92  55  92  87  36
   37  28  85  14  41  75  43  11  31  60  33  41   5  33  97  94  87]
 [  0  32  46  20  57  83  62  31  25  79  44  46  74  94   8  98  70  15
   85   1  39   8  75  60   2  44  33  16  31  59  20  13  82  45  21  10
   65  34  49  46  82   7  45  23  13  59  72  61  12   8  25  83  78  99
   84  92  40  47  40  90  47  27  54  48  37  21  37  14  14  27  92]
 [  0  46  12  46   2  31  59  59  35  82  43  68  32  12  45  18  96  74
   97  55  34  85  92  51  43  65  20  14  13  46 100  64  42  56  64  15
   49  28  91  35  75  51  10  16  91  18  11  10  99  77  42  93  31  10
   94  74  94  40  59  40  69  42  24  18  36  87  23  46  66  11  54]
 [  0  69  34 100   7  66  54  48  64  62  84  53  73  37  65  47  91  62
    4  44  64  83  75  12  67  76  13  60  73  98  32  76  22  35  18   4
   48  68  32  42   6  70  76  23  43  21  39  74  24  31  30   4  22  67
   78   9  44  66   4   2  15  78  98   6  13  39  67  11  61  32  77]
 [  0  81  67  45  14  39  98  60  75  39  63  59  39  92  96  37  40  32
   50  94  93  20  43  87  63  49  71  36  41  73  86  55  34  39  35  87
   33  78  81  50  75  76  19  68  16  91  58  15  77  67  89  84   1  12
   44  78  41   7  59  55  62  73   4  35   5  83   1  17 100   7  79]
 [  0  78  47  40  93  25  23  94  71  93  99  38  14  54  89  44  93  30
   69  67  60  45  58  36  49  72  42  20  58  73  28  82  52   1  29  64
   45  26  77  24  53   8  97  61  73  28  77  42  35  14   7  90  18  93
   43  54   9  62  14  74  34  68  75  62  72  47  32  92  94  91  92]]
end
weight
[[ 0 44 26 73 54 54 16 17 93 21 30 78 16 85  5 52 55 99 82 49 98 98 58 45
  77 47 71 63 47  2 37 97 19 87 18 16 31 32 96 65 45 70 35 92 68  4 86 93
  52 92 20 58 37 72 27 31 11 51  5 90  5 97 57 71 33  6 42 96 54 65 52]]
end
setup_times
[[[ 0 46 40 35 32 55]
  [ 0  0 40 57 42 47]
  [ 0 49  0 54 35 30]
  [ 0 49 37  0 32 32]
  [ 0 55 34 48  0 47]
  [ 0 30 47 48 57  0]]

 [[ 0 35 40 35 31 47]
  [ 0  0 47 55 35 34]
  [ 0 57  0 53 37 50]
  [ 0 54 47  0 44 32]
  [ 0 53 43 46  0 44]
  [ 0 56 36 59 33  0]]

 [[ 0 38 54 36 37 54]
  [ 0  0 44 59 45 43]
  [ 0 50  0 50 40 44]
  [ 0 58 56  0 50 50]
  [ 0 46 48 47  0 53]
  [ 0 50 45 54 57  0]]

 [[ 0 33 41 47 43 41]
  [ 0  0 54 52 51 39]
  [ 0 56  0 31 42 53]
  [ 0 34 37  0 38 53]
  [ 0 39 34 45  0 33]
  [ 0 34 54 46 54  0]]

 [[ 0 56 37 40 47 58]
  [ 0  0 55 41 35 40]
  [ 0 59  0 34 54 30]
  [ 0 53 33  0 58 58]
  [ 0 41 39 43  0 39]
  [ 0 51 32 37 58  0]]

 [[ 0 46 42 52 39 49]
  [ 0  0 46 58 52 48]
  [ 0 42  0 55 56 42]
  [ 0 30 43  0 51 41]
  [ 0 58 55 42  0 50]
  [ 0 39 52 42 41  0]]

 [[ 0 46 56 39 44 35]
  [ 0  0 34 49 36 48]
  [ 0 34  0 33 32 46]
  [ 0 47 53  0 50 56]
  [ 0 33 40 53  0 31]
  [ 0 59 31 54 31  0]]

 [[ 0 52 56 30 35 38]
  [ 0  0 47 49 40 49]
  [ 0 41  0 31 40 33]
  [ 0 43 49  0 31 40]
  [ 0 44 55 39  0 44]
  [ 0 35 58 59 53  0]]

 [[ 0 45 33 33 38 49]
  [ 0  0 48 51 35 50]
  [ 0 43  0 43 31 43]
  [ 0 47 45  0 37 35]
  [ 0 36 59 30  0 42]
  [ 0 40 50 30 54  0]]

 [[ 0 59 50 36 45 41]
  [ 0  0 36 47 59 42]
  [ 0 51  0 35 58 58]
  [ 0 45 56  0 58 36]
  [ 0 42 33 34  0 48]
  [ 0 41 42 55 45  0]]]
end
fixed_cost
[[2796 2779 2819 2822 2877 2873 2832 2864 2856 2836]]
end
unit_cost
[[54 56 69 56 58 49 53 45 71 45]]
end
job2fam
[[1 0 0 0 0 0 0 0 0 0 0 0 0 0 0 0 0 0 0 0 0 0 0 0 0 0 0 0 0 0 0 0 0 0 0 0
  0 0 0 0 0 0 0 0 0 0 0 0 0 0 0 0 0 0 0 0 0 0 0 0 0 0 0 0 0 0 0 0 0 0 0]
 [0 1 1 0 0 0 1 0 0 0 0 0 1 1 0 0 0 0 1 0 1 1 0 1 0 0 1 0 1 0 1 0 0 0 0 1
  0 0 0 0 0 0 0 1 0 0 1 0 0 0 0 0 0 0 0 0 0 0 0 0 0 0 0 0 1 0 0 0 0 0 0]
 [0 0 0 1 0 0 0 0 0 0 0 1 0 0 1 0 0 0 0 0 0 0 1 0 0 1 0 0 0 0 0 1 0 0 0 0
  1 0 0 0 0 0 0 0 1 1 0 0 0 0 0 0 0 1 0 0 0 0 0 0 0 0 0 1 0 0 0 1 1 0 0]
 [0 0 0 0 0 0 0 0 1 1 0 0 0 0 0 1 1 0 0 0 0 0 0 0 0 0 0 0 0 0 0 0 0 1 0 0
  0 0 1 0 1 1 0 0 0 0 0 0 1 0 0 1 0 0 1 0 0 0 0 1 0 0 1 0 0 0 1 0 0 1 0]
 [0 0 0 0 1 0 0 1 0 0 1 0 0 0 0 0 0 1 0 0 0 0 0 0 0 0 0 0 0 1 0 0 0 0 1 0
  0 1 0 1 0 0 1 0 0 0 0 1 0 0 0 0 1 0 0 1 1 1 1 0 1 1 0 0 0 0 0 0 0 0 1]
 [0 0 0 0 0 1 0 0 0 0 0 0 0 0 0 0 0 0 0 1 0 0 0 0 1 0 0 1 0 0 0 0 1 0 0 0
  0 0 0 0 0 0 0 0 0 0 0 0 0 1 1 0 0 0 0 0 0 0 0 0 0 0 0 0 0 1 0 0 0 0 0]]
end
