mac
10
end
job
70
end
fam
8
end
proc_times
[[  0  67  90  85  45  62  79  80  40  83  55  96  11  74  66  80  49  30
   88  24  64  70  27  34  25  30   9  81  44  48  58  26  67  68  36  67
   24  82  15  61   4  25  94  57  88  48  91  96  74  48  31  32   9  87
   38  51  47  12  99  82  62  40  75   7  96  72  87  15  41  13  25]
 [  0  37   5   7  77  52  36  36  50  62  16   2  76   9  81  76  60  34
   23  79  12  49  63  79  25   2   2  70  95  83  90  23  19   5  64  86
   96  53   7  54  43  58  28  17  66   2  43  86  28  75  12  75  76  86
  100  57   2  25  28   9  57  90  25  56  68  43  63  55   7   4  22]
 [  0  58  54  58  66  53  33  94  53   2  63  26   4  12  15  67  78  19
   43  27  11  81  49  79  38  40  86  46  71  88  31  83  68   9  77  67
   32  50  37  54  90  37  46  50  41  41  60  85  85  49  68  20  58  87
   82  95  41  49  93  77  15   8  24  27  58  42  37  44  58  15  19]
 [  0  66  52  75  29   7  14  48  47  17  63  41  28  91  29  88  55  67
   88  14  50  20  80  11  40  36  38  24  41  66  96  59  49  84  32   6
   34  28  75  97  57 100  98  53  35  52  79   4  88  66  51  43  15  27
   91  67  55  97  50  59  56  39  41  82   4  68  69  92  13  14  94]
 [  0  34  73  70  98  22  81  80  11  65  43  73  94  59  17  65  74  50
   66  27  53  79  89  86   5  19  82  47  47   9  16  55  13  77  53   9
   86  17  86 100  96  43  65  65  12  49  99  93  73  20  19  30  13  42
   67  97  78  17  78  64  47  78  48  11  39  47  48  28  75  99  96]
 [  0  17  27  78  67  42  84  87  77  49  16  95  64  86  88  59  54  55
   17  69   2  11  94  86 100  77  98  47  75  77  71  57  16  31  12  71
   70  77  95  80   6  32  20  66  22  91  47  44  24  51   8  47  89  94
  100  30  51  55  80  77  49 100  47  91  14  92  56  21  80   5  16]
 [  0  90  31  24  94  86  75  71  76  12  65  51  19  34  14  42  47  89
   22  71  15  76  52  53   3  42  85  44  76  84  17  14  86  57  99  87
   53  58  93  86  14  96  74   6  29  79  17  62  52   6  11  64  47  47
   58  53  98  15  27  37  24  13  89  74  25  12  75  34  48  11  97]
 [  0  21  60  58  65  49  99  43  50  96   9  73   6  38   3  65  29  75
    7  62  94  14  59  18  52  44  64  38  74  48  35  68  32  97  86  49
   29  57   5  35   4  21  13  85  62  55  90  28  35  44  15  95  86  68
   80  62  52  45  90  29  99  10  95  11  65  34  23  10  79   9  13]
 [  0   3  71  52  28  94  59  33  52   7  78  24   1  79   5  82  66  67
   83  58  89  28  89   5  33  93  36  55  66  97 100  65  59  67  72  73
    7  75  15   6  94  14  37  18  89  58  43  75  92  72  48  99  20  17
   72  84  81  47  76  48  91  72  65  79   1  58  50  67  22  57   4]
 [  0  63  99  33  24  12  53  94  56  30  97  48  16  27  74  86  15  37
   59  63  48   1  31  29   2  64  59  73  14   8  45  69  71  71  39  94
   35   5  71  25  58  87  54  57  51  33  53  31  98  30  97  17   2  61
   25  85  17  24  92  99  39  74  38  19  60  42  90  86  30  64  48]]
end
weight
[[ 0 32 16 36 33 82 92 92 94 85 69 52 98 94 77 55 36 57 12 34 90 83 61 49
   7 43  6 44  6 88 69 71 62 89 92  2 65 75 90 83 36  6 64 32 22 33 12 67
  82 22 58 65 91 97 15 42 13 87 83 13 68 79 78 93 15 19 68 12  7 30  1]]
end
setup_times
[[[ 0 36 52 56 45 36 39 47 31]
  [ 0  0 57 33 35 50 46 43 57]
  [ 0 39  0 40 33 42 45 53 56]
  [ 0 35 31  0 39 48 42 52 44]
  [ 0 52 31 41  0 33 45 45 46]
  [ 0 58 37 32 53  0 54 42 40]
  [ 0 41 52 59 50 48  0 53 53]
  [ 0 38 40 59 50 33 43  0 35]
  [ 0 45 39 33 46 37 55 37  0]]

 [[ 0 32 42 48 44 42 40 46 48]
  [ 0  0 50 59 55 53 50 57 43]
  [ 0 49  0 54 39 48 42 43 42]
  [ 0 57 47  0 56 52 36 32 52]
  [ 0 55 59 42  0 37 56 30 33]
  [ 0 42 52 37 51  0 58 45 41]
  [ 0 54 41 58 31 43  0 38 35]
  [ 0 37 41 59 48 57 59  0 47]
  [ 0 59 45 44 45 33 41 56  0]]

 [[ 0 56 57 35 37 43 39 51 51]
  [ 0  0 44 36 50 31 30 46 53]
  [ 0 51  0 44 31 36 46 33 53]
  [ 0 43 59  0 41 34 37 35 45]
  [ 0 55 53 47  0 42 57 31 40]
  [ 0 33 42 56 40  0 36 43 48]
  [ 0 53 52 50 50 53  0 42 41]
  [ 0 49 40 52 49 42 59  0 37]
  [ 0 56 55 52 38 52 30 43  0]]

 [[ 0 31 53 47 49 30 59 55 33]
  [ 0  0 50 34 37 46 58 53 36]
  [ 0 56  0 40 37 53 50 32 57]
  [ 0 57 33  0 40 48 33 54 44]
  [ 0 37 31 52  0 50 58 32 40]
  [ 0 34 39 48 53  0 31 43 42]
  [ 0 54 45 35 44 31  0 50 31]
  [ 0 42 48 35 46 39 42  0 45]
  [ 0 42 56 41 47 36 37 38  0]]

 [[ 0 40 50 42 39 46 32 53 51]
  [ 0  0 41 53 45 55 39 37 55]
  [ 0 39  0 54 39 58 46 37 54]
  [ 0 34 31  0 53 33 36 50 42]
  [ 0 37 51 49  0 33 46 41 33]
  [ 0 50 50 48 54  0 57 55 39]
  [ 0 49 37 55 48 55  0 31 57]
  [ 0 30 46 56 37 53 33  0 59]
  [ 0 31 36 42 37 51 46 51  0]]

 [[ 0 46 32 41 31 57 39 55 47]
  [ 0  0 52 51 45 32 40 33 52]
  [ 0 36  0 52 51 32 30 40 37]
  [ 0 43 44  0 47 51 43 46 54]
  [ 0 48 57 46  0 37 32 39 31]
  [ 0 44 50 34 50  0 40 55 58]
  [ 0 53 36 58 56 55  0 49 43]
  [ 0 55 33 55 52 32 30  0 31]
  [ 0 45 46 46 32 31 50 45  0]]

 [[ 0 36 46 42 38 49 36 36 42]
  [ 0  0 35 30 55 47 45 36 58]
  [ 0 47  0 57 43 59 44 57 45]
  [ 0 35 43  0 33 48 38 51 32]
  [ 0 37 54 42  0 59 34 51 30]
  [ 0 47 43 54 51  0 34 42 31]
  [ 0 48 58 56 57 32  0 50 54]
  [ 0 58 50 52 52 42 34  0 57]
  [ 0 47 37 37 44 46 32 56  0]]

 [[ 0 34 36 51 33 34 46 58 49]
  [ 0  0 31 36 33 39 31 35 33]
  [ 0 58  0 41 53 49 53 32 52]
  [ 0 58 43  0 32 48 37 55 49]
  [ 0 43 54 46  0 43 40 33 57]
  [ 0 34 59 53 34  0 48 40 38]
  [ 0 48 30 54 50 54  0 56 46]
  [ 0 49 44 38 34 47 36  0 30]
  [ 0 34 51 40 36 56 35 30  0]]

 [[ 0 50 33 55 34 39 53 57 45]
  [ 0  0 43 50 45 54 48 35 42]
  [ 0 43  0 59 53 43 30 38 44]
  [ 0 59 46  0 51 41 39 53 47]
  [ 0 44 36 47  0 50 40 47 30]
  [ 0 50 55 41 56  0 42 50 37]
  [ 0 32 38 47 37 55  0 54 33]
  [ 0 40 51 47 30 46 41  0 53]
  [ 0 59 47 57 35 36 47 44  0]]

 [[ 0 55 58 44 36 47 44 39 48]
  [ 0  0 30 35 50 43 49 58 54]
  [ 0 31  0 44 44 44 51 31 54]
  [ 0 35 46  0 33 40 35 54 43]
  [ 0 54 37 43  0 43 35 56 58]
  [ 0 43 33 43 50  0 57 48 56]
  [ 0 35 49 52 48 58  0 47 43]
  [ 0 46 52 59 38 32 43  0 52]
  [ 0 52 57 47 56 58 51 47  0]]]
end
fixed_cost
[[2499 2447 2464 2434 2436 2492 2484 2444 2452 2494]]
end
unit_cost
[[51 38 47 53 45 33 33 60 63 53]]
end
job2fam
[[1 0 0 0 0 0 0 0 0 0 0 0 0 0 0 0 0 0 0 0 0 0 0 0 0 0 0 0 0 0 0 0 0 0 0 0
  0 0 0 0 0 0 0 0 0 0 0 0 0 0 0 0 0 0 0 0 0 0 0 0 0 0 0 0 0 0 0 0 0 0 0]
 [0 0 0 0 0 0 1 0 0 0 0 0 0 1 0 0 0 0 0 0 0 0 1 1 0 0 0 0 0 0 0 0 0 0 1 0
  0 0 0 0 0 0 0 0 0 0 0 0 0 0 0 1 0 1 0 0 0 0 0 0 1 0 0 0 1 0 0 0 0 0 0]
 [0 0 0 0 0 0 0 0 0 0 0 0 0 0 0 1 0 0 0 0 0 1 0 0 0 1 1 0 0 1 0 0 0 0 0 0
  1 0 0 0 0 0 0 0 0 0 0 0 1 0 1 0 0 0 0 0 0 0 0 0 0 0 0 0 0 0 0 0 1 0 0]
 [0 0 0 0 0 0 0 0 0 0 0 1 0 0 1 0 0 0 0 0 0 0 0 0 0 0 0 0 0 0 1 0 0 1 0 0
  0 0 0 0 0 0 1 0 0 0 0 0 0 1 0 0 0 0 0 0 0 1 0 0 0 0 0 0 0 0 0 1 0 0 0]
 [0 0 1 0 0 0 0 0 0 1 0 0 0 0 0 0 0 0 0 0 0 0 0 0 0 0 0 0 0 0 0 0 1 0 0 0
  0 0 0 0 0 0 0 1 1 0 0 0 0 0 0 0 0 0 1 1 0 0 1 1 0 0 0 0 0 0 1 0 0 0 0]
 [0 1 0 0 0 1 0 0 1 0 1 0 0 0 0 0 0 0 0 0 1 0 0 0 0 0 0 0 0 0 0 0 0 0 0 0
  0 0 1 0 0 0 0 0 0 0 0 0 0 0 0 0 0 0 0 0 0 0 0 0 0 0 0 0 0 0 0 0 0 0 1]
 [0 0 0 1 1 0 0 1 0 0 0 0 1 0 0 0 1 1 0 0 0 0 0 0 1 0 0 0 1 0 0 1 0 0 0 0
  0 0 0 1 0 0 0 0 0 1 0 0 0 0 0 0 0 0 0 0 0 0 0 0 0 0 0 1 0 0 0 0 0 1 0]
 [0 0 0 0 0 0 0 0 0 0 0 0 0 0 0 0 0 0 1 0 0 0 0 0 0 0 0 0 0 0 0 0 0 0 0 1
  0 1 0 0 1 1 0 0 0 0 1 1 0 0 0 0 0 0 0 0 0 0 0 0 0 1 1 0 0 1 0 0 0 0 0]
 [0 0 0 0 0 0 0 0 0 0 0 0 0 0 0 0 0 0 0 1 0 0 0 0 0 0 0 1 0 0 0 0 0 0 0 0
  0 0 0 0 0 0 0 0 0 0 0 0 0 0 0 0 1 0 0 0 1 0 0 0 0 0 0 0 0 0 0 0 0 0 0]]
end
