mac
10
end
job
70
end
fam
12
end
proc_times
[[  0  75  83  15  43  92  65  33  75  66  98  29  45  93   9  29   6  57
   36   2  78   6  66  78  60  23  65  72  72  61  32  96  97  93  75  67
   18  32  53   7  51  27  81  78  84  98  97  58  41   2  43  92   8   9
   59  93  37  99  74  84  59  46  11  72  28   3  33  67  87  44  47]
 [  0  32  61   3  95  28  78  83  78  58  76  40  93  48  22  79   8  23
   71  89  73  59  92  27  51  95  77  62  19  69  69  95  98  13  89  11
   29  77  10  90  76  12  38  25  93 100  44   5  50  41  90  31 100  65
    3  22  58  32  97  72  21  17  86  23  99  46  46  36  72   7  37]
 [  0  44  38   2  59  42  41  80  69  92   1  25  17  14  74  89  61  72
   60  56  24  87  54  33  43  63  38  19  45  96  69  18  84  38  35  37
   29   9   5  58  91  31  62  78  32  83  29  91  69  40  29  26  37  97
   69   2  24  25  41  25  29  78  64  76  63  50  38  36  83  55  54]
 [  0  94  22  38  74  10  67  51  84  67  46  73  40  70  99  32  91  60
   19  86  85  75  61  30  90  15  86  87  69  15  93  24  58  88  89  41
   88  58   8  81  77  13  12  43  28  22  60   3  38  16 100  85  20  87
   13  12 100  73  31   4  53  45   7  74  79  46  89  69   8  39  23]
 [  0  41  54   5  16  90  66  63  41  50  69   8  81  38  50  38   6  99
   44  30  49  30  42  17   5  78  14  87  83  12   8  50  14  20  97  78
   76  55  80  44  81  20  45  17  42  47  69   5  40  36  54  84  42  10
   28  25  73  70  87  56  44   2  52   1  67  31  24  30  35  83  69]
 [  0  35  28  15  48  98  28  55  54   9   6  78   5  25  41  67  77  59
   65  37  97  91  56   9  15  36  52  45  48  15  67  53  93  54  40   5
   50  96  63  82  30   3   9  43  92  59  85  44  87  97  42  18  43   5
   44   1  89  78  72   3  90  37  39  73  56   4   6  66   3  69  25]
 [  0  61  36  63  64  33  79  59  62  38   8  80  39  35  36  15  12  61
   99  86  73  30  79  97  62  30  24   7  38   9  99   6  21  16  78  99
    4  25  62  17   8  40  94  30  48  73  19  29  63  20  86  81  69  95
   53  70  94  57  74  59  64  66  11  13  57  58  79  33  30  83  78]
 [  0  19  83   4   8  88   6  54  26  68  20  88  54  32  32  53  84  97
   18  69  75  87  74  64  29  42  75  39  81  55  78  58  55  86  82  25
   27  95  98  89  40  23  72  20  37  85  88  88  67  23  60  53  76  29
   70  28  20  66  87  35  87  34  41  88  24  14  35  72  48  12   9]
 [  0  15  42  22  61  12  94  71   2  83 100  24  51  43  11  89  36  24
   17  23   9   8  18  10   3  23  22  13  41  51  93  53  44  83  86  12
   34  12  26  99  76  99  14   8   6 100  72   9   6  88  78  98  38  97
   53   7   7  11   5  57  24  92  92  11   6   8  35  25  68  55  29]
 [  0  94  37  32  61  50  68  29  27  25  84  56  22   8  34  63   1  51
   94  62  43  68  21  84  51  78   9  69  77  62  16  68  28  53  32  11
   21  65  23  35  33  67  71  21  42  19  21  52  24  34  72  74  35  13
   11  53  87  54  91  83  28  97  19  40  55  42  34  29  29  65  17]]
end
weight
[[ 0 72 39 52 86 27 66 81 15 15  4 42 13 93 65 58 33 62 95 60 58  1 10 10
  51 43 98 51 97 67 16 95 68 47 98 69 66 52 85 48 63 81 11 98 47 23 74 52
   6 42 71 27 47 40 73  5 87 92 51 59 63 38 98 20 48 87 68  3  3 74 98]]
end
setup_times
[[[ 0 56 30 52 33 40 42 34 57 57 37 55 39]
  [ 0  0 37 41 50 43 50 31 41 31 40 58 46]
  [ 0 50  0 55 32 55 58 50 46 53 42 54 55]
  [ 0 37 57  0 35 43 57 48 43 35 54 30 52]
  [ 0 41 41 40  0 43 59 31 46 44 30 48 56]
  [ 0 55 50 57 31  0 40 30 39 35 32 58 55]
  [ 0 35 52 39 41 48  0 49 57 40 41 50 56]
  [ 0 43 55 57 43 58 43  0 43 59 35 30 58]
  [ 0 47 39 35 38 49 51 43  0 46 46 42 49]
  [ 0 35 43 38 30 37 32 39 58  0 59 57 56]
  [ 0 44 45 56 37 41 46 36 55 31  0 35 39]
  [ 0 42 41 57 31 33 32 32 53 58 56  0 45]
  [ 0 38 35 37 30 53 49 55 53 45 37 45  0]]

 [[ 0 35 40 46 36 42 53 52 34 53 32 38 58]
  [ 0  0 53 56 55 51 34 35 35 56 31 31 41]
  [ 0 32  0 57 56 59 58 47 51 34 48 49 31]
  [ 0 33 43  0 31 30 37 38 43 38 34 45 33]
  [ 0 32 46 42  0 44 32 32 30 49 38 32 57]
  [ 0 34 30 51 32  0 52 41 46 34 32 47 38]
  [ 0 31 31 56 50 38  0 34 45 47 53 53 49]
  [ 0 57 42 50 33 45 43  0 59 51 46 50 49]
  [ 0 36 45 59 48 38 41 32  0 55 45 50 53]
  [ 0 44 57 56 44 30 45 52 33  0 36 42 35]
  [ 0 33 58 56 59 33 57 49 30 36  0 40 56]
  [ 0 30 33 52 34 57 43 58 58 53 45  0 55]
  [ 0 49 44 41 56 35 36 39 42 39 57 34  0]]

 [[ 0 37 42 37 51 42 50 35 41 50 38 46 51]
  [ 0  0 43 47 42 30 53 31 55 52 37 56 55]
  [ 0 33  0 48 48 49 50 46 43 56 51 43 54]
  [ 0 47 33  0 53 31 32 46 30 46 32 31 40]
  [ 0 44 43 37  0 59 49 47 51 41 53 50 51]
  [ 0 31 53 33 56  0 51 45 47 35 41 51 44]
  [ 0 39 33 47 55 40  0 35 49 41 46 46 35]
  [ 0 53 41 57 59 59 42  0 31 47 30 58 42]
  [ 0 54 30 30 56 57 49 58  0 43 54 39 53]
  [ 0 34 46 44 44 32 50 51 41  0 31 52 46]
  [ 0 31 49 37 54 54 55 36 37 37  0 35 51]
  [ 0 47 52 50 59 34 40 53 51 39 34  0 57]
  [ 0 45 45 43 44 57 53 34 38 53 59 44  0]]

 [[ 0 48 46 38 36 50 54 47 43 58 41 58 47]
  [ 0  0 55 55 54 38 47 43 39 36 42 44 34]
  [ 0 55  0 47 50 30 34 54 38 41 58 33 31]
  [ 0 39 56  0 33 51 33 41 59 45 33 43 57]
  [ 0 39 53 52  0 55 52 49 30 47 33 42 52]
  [ 0 30 31 56 46  0 59 45 55 38 47 49 39]
  [ 0 55 35 50 57 39  0 43 31 51 42 37 40]
  [ 0 42 43 39 39 34 34  0 41 43 46 56 47]
  [ 0 53 43 57 33 59 56 43  0 56 30 53 55]
  [ 0 58 42 34 52 47 51 43 33  0 38 59 57]
  [ 0 57 56 41 50 57 39 33 31 36  0 37 38]
  [ 0 39 32 50 53 38 49 30 33 54 49  0 34]
  [ 0 55 52 34 46 39 51 37 43 50 51 40  0]]

 [[ 0 58 48 33 34 32 35 38 51 43 53 37 51]
  [ 0  0 36 31 55 42 49 44 38 59 46 47 42]
  [ 0 38  0 54 42 48 55 35 45 58 37 41 59]
  [ 0 55 51  0 35 53 31 51 44 44 52 32 46]
  [ 0 50 37 42  0 44 39 53 50 54 47 53 56]
  [ 0 34 32 57 31  0 45 46 36 37 31 52 32]
  [ 0 30 37 51 38 52  0 46 41 59 30 54 59]
  [ 0 30 47 40 45 34 51  0 52 57 50 50 46]
  [ 0 39 40 50 51 34 42 48  0 59 52 48 50]
  [ 0 49 46 40 43 51 35 45 34  0 46 46 49]
  [ 0 44 33 41 30 41 39 58 49 40  0 59 54]
  [ 0 53 42 45 41 32 41 30 47 58 44  0 41]
  [ 0 36 39 32 44 32 42 35 40 38 40 43  0]]

 [[ 0 55 35 52 32 31 54 33 35 32 56 48 34]
  [ 0  0 52 36 58 38 53 50 38 49 39 51 54]
  [ 0 47  0 48 35 58 36 39 52 46 34 52 38]
  [ 0 36 42  0 30 56 59 30 35 58 34 56 52]
  [ 0 46 33 45  0 42 59 33 49 55 52 39 50]
  [ 0 34 45 30 59  0 56 41 55 36 40 36 47]
  [ 0 47 47 59 53 46  0 32 48 35 57 46 43]
  [ 0 58 45 52 42 44 57  0 36 37 57 58 56]
  [ 0 33 53 59 39 56 59 37  0 50 34 50 51]
  [ 0 30 32 48 54 52 30 43 51  0 38 48 43]
  [ 0 40 40 44 48 31 58 34 36 50  0 47 54]
  [ 0 46 56 46 59 47 48 49 33 30 35  0 38]
  [ 0 37 38 45 56 57 56 56 59 49 37 46  0]]

 [[ 0 30 49 40 37 30 33 47 39 45 55 32 32]
  [ 0  0 30 39 46 38 48 39 38 31 48 42 32]
  [ 0 40  0 30 52 51 33 57 56 42 33 41 42]
  [ 0 38 48  0 40 33 46 51 45 30 41 46 47]
  [ 0 59 32 52  0 45 51 52 59 57 46 47 32]
  [ 0 35 48 53 35  0 49 30 53 47 31 56 45]
  [ 0 34 46 39 51 32  0 36 34 39 54 37 54]
  [ 0 59 51 33 50 33 38  0 49 59 46 30 44]
  [ 0 56 39 50 49 38 31 58  0 58 55 50 59]
  [ 0 42 39 59 43 35 48 34 59  0 52 46 55]
  [ 0 37 42 38 35 58 47 41 46 41  0 45 36]
  [ 0 35 58 51 36 38 43 33 52 57 58  0 54]
  [ 0 47 53 32 37 33 49 58 36 52 59 30  0]]

 [[ 0 47 42 49 35 57 45 49 51 36 38 32 53]
  [ 0  0 46 35 42 57 58 58 41 39 42 57 51]
  [ 0 43  0 59 59 54 48 42 44 41 35 54 51]
  [ 0 57 44  0 30 40 36 35 57 50 38 50 55]
  [ 0 54 47 56  0 42 31 57 39 51 30 58 31]
  [ 0 33 48 51 30  0 41 36 41 34 59 56 49]
  [ 0 41 44 30 50 59  0 39 42 34 39 42 37]
  [ 0 59 39 54 52 50 46  0 44 41 51 48 49]
  [ 0 52 49 37 39 52 54 40  0 43 41 59 59]
  [ 0 41 35 52 54 40 41 52 53  0 42 52 51]
  [ 0 54 46 35 42 33 43 34 45 30  0 54 55]
  [ 0 43 51 59 56 32 54 33 44 44 42  0 32]
  [ 0 36 43 52 57 49 55 44 48 51 37 36  0]]

 [[ 0 56 49 45 58 37 31 51 54 35 49 59 46]
  [ 0  0 50 55 34 50 59 53 31 59 44 44 49]
  [ 0 46  0 33 41 45 59 37 39 42 49 32 39]
  [ 0 41 41  0 52 33 37 49 49 48 37 50 34]
  [ 0 43 31 35  0 33 56 39 50 58 50 56 48]
  [ 0 45 40 36 51  0 53 36 38 59 50 30 36]
  [ 0 48 39 48 58 35  0 32 42 51 56 32 30]
  [ 0 31 35 39 30 36 50  0 45 46 57 58 52]
  [ 0 31 57 48 44 59 48 37  0 39 32 58 48]
  [ 0 44 45 36 49 47 43 51 55  0 42 46 50]
  [ 0 52 53 57 50 32 31 50 46 43  0 56 47]
  [ 0 55 51 39 47 39 32 51 32 49 37  0 39]
  [ 0 52 44 38 48 34 32 44 50 42 48 39  0]]

 [[ 0 32 37 42 49 50 46 38 50 35 41 49 31]
  [ 0  0 58 57 33 48 59 38 55 46 55 58 47]
  [ 0 49  0 42 56 44 36 47 52 41 46 49 38]
  [ 0 46 34  0 39 56 55 50 53 44 39 35 31]
  [ 0 37 48 36  0 45 47 46 32 40 46 50 48]
  [ 0 42 30 35 45  0 36 38 51 51 53 46 33]
  [ 0 46 31 52 38 51  0 38 53 41 47 31 55]
  [ 0 50 49 53 38 40 49  0 35 40 47 30 47]
  [ 0 34 38 56 36 45 34 30  0 52 30 52 42]
  [ 0 59 37 51 42 32 51 44 39  0 34 54 32]
  [ 0 48 42 41 40 47 50 31 46 43  0 49 53]
  [ 0 55 54 59 45 47 51 59 43 58 37  0 53]
  [ 0 53 56 45 48 53 41 30 57 57 57 35  0]]]
end
fixed_cost
[[2771 2813 2765 2801 2771 2746 2724 2718 2807 2745]]
end
unit_cost
[[68 38 72 50 70 40 72 63 43 39]]
end
job2fam
[[1 0 0 0 0 0 0 0 0 0 0 0 0 0 0 0 0 0 0 0 0 0 0 0 0 0 0 0 0 0 0 0 0 0 0 0
  0 0 0 0 0 0 0 0 0 0 0 0 0 0 0 0 0 0 0 0 0 0 0 0 0 0 0 0 0 0 0 0 0 0 0]
 [0 0 0 0 0 0 0 0 0 0 0 0 0 1 0 0 0 0 0 0 1 0 0 0 0 0 0 0 0 0 0 0 0 0 0 0
  0 0 0 0 0 0 0 0 0 1 0 0 0 0 0 0 0 0 0 0 0 0 1 0 0 0 0 0 1 0 0 0 0 0 0]
 [0 0 0 0 0 0 0 0 0 0 0 0 0 0 0 0 0 0 0 0 0 0 0 0 1 1 0 0 1 0 0 0 0 0 0 0
  0 0 0 0 1 0 1 0 0 0 0 0 0 1 1 0 0 0 1 0 0 0 0 0 0 0 0 0 0 0 0 0 1 0 0]
 [0 1 0 1 0 0 0 0 0 0 0 0 0 0 0 0 0 0 0 0 0 0 0 0 0 0 0 0 0 0 0 0 0 1 0 0
  1 0 0 0 0 0 0 0 0 0 0 0 0 0 0 0 0 0 0 0 0 0 0 0 0 0 0 0 0 1 0 0 0 0 0]
 [0 0 0 0 0 0 0 0 0 0 0 0 0 0 1 0 0 0 0 0 0 1 0 0 0 0 0 0 0 0 0 0 0 0 1 0
  0 0 0 0 0 0 0 0 0 0 0 0 0 0 0 0 0 0 0 1 0 1 0 0 0 0 0 0 0 0 0 0 0 1 0]
 [0 0 0 0 0 1 0 0 0 0 0 0 0 0 0 1 0 0 0 0 0 0 0 0 0 0 0 0 0 1 1 0 0 0 0 0
  0 0 0 0 0 0 0 0 0 0 0 1 0 0 0 0 0 0 0 0 0 0 0 0 0 0 0 0 0 0 1 0 0 0 0]
 [0 0 1 0 0 0 0 1 0 1 0 0 0 0 0 0 0 1 0 0 0 0 0 0 0 0 0 0 0 0 0 0 0 0 0 0
  0 0 0 0 0 0 0 0 1 0 0 0 0 0 0 0 0 0 0 0 0 0 0 0 0 0 0 1 0 0 0 0 0 0 0]
 [0 0 0 0 0 0 1 0 0 0 0 0 0 0 0 0 0 0 0 0 0 0 0 0 0 0 0 0 0 0 0 0 0 0 0 0
  0 0 0 0 0 1 0 1 0 0 0 0 1 0 0 0 1 0 0 0 0 0 0 0 0 0 0 0 0 0 0 1 0 0 1]
 [0 0 0 0 1 0 0 0 0 0 1 0 0 0 0 0 0 0 0 0 0 0 1 0 0 0 1 1 0 0 0 1 0 0 0 0
  0 0 0 0 0 0 0 0 0 0 0 0 0 0 0 0 0 0 0 0 0 0 0 0 0 0 0 0 0 0 0 0 0 0 0]
 [0 0 0 0 0 0 0 0 0 0 0 0 1 0 0 0 1 0 0 1 0 0 0 0 0 0 0 0 0 0 0 0 0 0 0 0
  0 0 0 1 0 0 0 0 0 0 0 0 0 0 0 0 0 1 0 0 1 0 0 1 0 0 0 0 0 0 0 0 0 0 0]
 [0 0 0 0 0 0 0 0 1 0 0 1 0 0 0 0 0 0 0 0 0 0 0 1 0 0 0 0 0 0 0 0 1 0 0 1
  0 1 0 0 0 0 0 0 0 0 1 0 0 0 0 1 0 0 0 0 0 0 0 0 0 0 0 0 0 0 0 0 0 0 0]
 [0 0 0 0 0 0 0 0 0 0 0 0 0 0 0 0 0 0 0 0 0 0 0 0 0 0 0 0 0 0 0 0 0 0 0 0
  0 0 1 0 0 0 0 0 0 0 0 0 0 0 0 0 0 0 0 0 0 0 0 0 1 0 1 0 0 0 0 0 0 0 0]
 [0 0 0 0 0 0 0 0 0 0 0 0 0 0 0 0 0 0 1 0 0 0 0 0 0 0 0 0 0 0 0 0 0 0 0 0
  0 0 0 0 0 0 0 0 0 0 0 0 0 0 0 0 0 0 0 0 0 0 0 0 0 1 0 0 0 0 0 0 0 0 0]]
end
