mac
10
end
job
70
end
fam
12
end
proc_times
[[  0  92  58  41  49   8  58  63   1  52  70  84  14  50  10  20  62  48
   59  69  22  64  31  27  37  83  98  40  41  28  90  81  22  64  60  12
   25  91  32  12  41  61   7   4  91  67  68  10  64  31  12  70  87  16
   68  21  57  29  16  65  92  49  30  85   4  58  71   1  40  27  90]
 [  0  79  52  74   2  17  59  85  76  47  35   5  78  94  31  92  91  26
   21  80  93  14  95  21  42  87  22  93  40  45  39  69  23  75  32  79
    4  79  68  29  51  91  33  91  22  16  48  39  23  61  72  89  92  44
   47  67  68  97  41  45  49  50  97  55  95  52  91  14  12  93  48]
 [  0  40  30  65  52  14  96  83  59  38  18  61   5  60  94  17  13  58
   42  81  62  72  15  90  53  25  86  90  50  30  56   2  81  43  61  25
   98  58  87   9  87  71  12  97  97  67   1  96  66   9  90  22  84  43
   89  98  62  10  64  87  50  86  72  83  54  13  76  86  37  55  11]
 [  0  35  27  44  80  49   8  31  96  54  40  24  47  84  91  35  15  96
   49  88  75  40  77  96  32  74  90  89  48  76  46  70  12   3  22  99
   17  42  43  16  36  44  22  65  98  64  55  28  46  12  36  81  52  30
   91   9  24  47  89  13  29  46  13   5 100  33  87  17  95  60  86]
 [  0  16  22  17  20  12  60   9  59  27  90  72  80  73  93  52  80  76
    5  17  62  45  76  83  23  13   5  77  87   2  51  70  89  57  71  53
   69   4  42  50   7  93  17  48  81  86  88  59  91  72  30  50  70  16
    6  26  74  92  83  54  42  21  90  94  22  61  40  97  67  51   5]
 [  0  70  53   7  33  82  59  43  10  27  38  25  53  26   2  93  41  91
   47 100  61   8  49  26  32  58  69  88  76  15  37  50  13  35   2  91
   66  58  98  34   5  42  13  75  16  11  93  85  97  82  74  38  50  67
   39  11  46  28  94   2  94  47  47  43  13  26   4  98  93  47  75]
 [  0  22  61  38  58  39   4  88  46 100  99   5  47  84  16 100  41  71
   87  56   5  45  69  23   6  77  41  10   1  73  16  65  41  42  12   6
    5   6  70  31   9  35  78  30  37  10  18  52  54  47  49  55  26  47
   39  64   5  24  32   9  44  48  31  70  34  16  29  21  47  47  35]
 [  0  87  43  37  76  59  48   6  95  24  38  13  96  71  91  87  82  73
   78  58   9  59  32  40  28  57  90  67  93  46  52  14  55  84  87  19
   94  15  71  92  20  50  67  38  95  37  72   7  94  49  85  93  30  47
   87  75  38  69  66  10  71  29  79   6   4  43  23  30  43  89  33]
 [  0  29  74  69  44  54  21  72  17  54  43  34  84  56  38  53  66  71
   63  70  59  63  67  69  32  88  10  49  51  29  87  82  31  42  36  98
   34  91  16   7  20  17  80  39  71  70   2  93  76  45  59  62  75  90
   48  40   5  89  29  91   3  85  57  81  37  19  17  45   6  10  78]
 [  0  17  37  32  50  75  55  59  70  49  83  95  71  38  62  13   4  41
    4  56  62  56  84  16  32  13  89  65  22  61  13  89  15  67  50  43
   83  65  68  62  60  92  68  62  72  21  71  42  76  47  79  26  25  99
   98  30  72  39  12  66  97  45  70  53  54  44  95  36  33  52  81]]
end
weight
[[ 0 79 81  2 56 80 48 43 14 78  1 12 68 23 75 62 52 95 16 95 31 68 49 25
   3 27 76 29 80 34 10 11  1 84  1 26 44 96 62 61 90 60 94 43 91 15 43  7
  59 10 38 51 80 72 97  5 21 66 88 51 76 49  6 67 27 13 36 62 59 19 76]]
end
setup_times
[[[ 0 50 39 48 30 52 47 52 37 34 59 32 46]
  [ 0  0 32 32 40 53 47 34 42 41 35 43 58]
  [ 0 54  0 40 57 43 44 32 58 51 56 45 37]
  [ 0 50 51  0 30 45 35 58 31 47 51 59 50]
  [ 0 44 34 41  0 50 54 35 52 57 48 33 57]
  [ 0 44 47 44 30  0 45 40 48 40 44 58 49]
  [ 0 47 38 39 44 30  0 46 34 47 31 35 40]
  [ 0 58 34 36 58 47 41  0 30 46 32 54 55]
  [ 0 40 54 51 45 39 40 50  0 51 30 55 34]
  [ 0 50 33 30 30 50 34 42 47  0 41 35 45]
  [ 0 47 40 53 56 35 58 30 47 58  0 52 38]
  [ 0 31 43 40 34 56 51 40 37 41 53  0 30]
  [ 0 41 37 48 47 35 51 45 32 46 43 42  0]]

 [[ 0 35 31 38 56 58 48 58 50 45 39 40 30]
  [ 0  0 49 51 35 40 40 30 42 47 32 53 54]
  [ 0 56  0 50 44 38 47 54 46 50 38 53 34]
  [ 0 52 43  0 53 53 47 36 31 40 39 47 37]
  [ 0 55 51 34  0 59 53 32 40 30 56 56 59]
  [ 0 57 49 58 45  0 59 49 54 34 43 57 51]
  [ 0 36 41 34 50 41  0 52 50 44 34 33 51]
  [ 0 33 33 58 38 55 36  0 35 51 40 49 41]
  [ 0 30 56 39 44 59 37 42  0 37 41 34 47]
  [ 0 47 59 52 53 50 40 57 58  0 54 30 47]
  [ 0 58 38 40 30 57 48 49 43 42  0 54 55]
  [ 0 50 55 57 49 34 45 37 41 55 47  0 41]
  [ 0 32 45 50 48 41 50 34 56 48 47 30  0]]

 [[ 0 33 36 42 39 49 40 33 30 47 44 34 32]
  [ 0  0 37 51 59 59 52 30 51 40 45 38 44]
  [ 0 36  0 41 54 59 33 58 30 30 45 51 42]
  [ 0 52 35  0 46 45 51 38 47 58 40 42 33]
  [ 0 34 30 40  0 58 55 46 45 50 54 54 38]
  [ 0 37 59 34 51  0 49 30 53 42 59 30 32]
  [ 0 53 41 58 49 47  0 32 45 53 45 53 52]
  [ 0 57 51 44 36 30 45  0 53 35 51 56 39]
  [ 0 54 33 48 51 40 46 51  0 39 43 53 41]
  [ 0 46 47 34 58 40 32 37 30  0 44 34 36]
  [ 0 49 47 45 32 34 50 34 52 32  0 39 31]
  [ 0 31 59 33 48 52 34 58 57 48 31  0 42]
  [ 0 48 59 52 56 40 36 32 54 45 52 54  0]]

 [[ 0 46 46 54 42 48 53 34 50 50 57 33 59]
  [ 0  0 34 54 30 32 40 30 59 37 34 57 59]
  [ 0 47  0 58 31 39 33 59 47 35 44 52 40]
  [ 0 35 35  0 34 37 46 47 51 49 38 59 35]
  [ 0 56 42 50  0 34 45 34 58 30 30 43 51]
  [ 0 55 48 33 43  0 33 50 41 41 43 57 31]
  [ 0 59 57 41 52 51  0 57 46 53 30 58 45]
  [ 0 50 30 40 41 42 42  0 34 57 55 42 32]
  [ 0 58 32 45 39 42 49 42  0 54 37 33 47]
  [ 0 38 47 45 57 53 30 46 59  0 55 56 37]
  [ 0 53 47 59 43 32 38 56 57 49  0 38 36]
  [ 0 38 50 38 35 39 52 43 50 55 52  0 45]
  [ 0 56 33 56 57 57 59 34 32 48 44 36  0]]

 [[ 0 44 36 35 48 59 54 42 32 32 34 30 31]
  [ 0  0 39 52 54 39 49 36 42 44 44 41 57]
  [ 0 47  0 53 42 49 35 46 49 33 55 41 53]
  [ 0 56 44  0 58 41 49 30 30 47 36 36 41]
  [ 0 54 55 37  0 53 38 58 50 50 54 46 41]
  [ 0 36 59 47 46  0 51 56 38 57 39 41 36]
  [ 0 53 48 54 57 42  0 42 39 58 50 30 40]
  [ 0 46 48 43 31 47 52  0 35 56 41 58 53]
  [ 0 43 34 55 45 58 57 32  0 54 54 33 50]
  [ 0 46 58 57 56 49 35 46 51  0 54 49 55]
  [ 0 47 34 48 34 37 30 41 31 37  0 48 38]
  [ 0 42 49 47 37 30 52 54 30 44 52  0 34]
  [ 0 30 51 32 46 54 50 50 46 31 40 47  0]]

 [[ 0 57 31 41 44 43 59 42 54 34 40 43 57]
  [ 0  0 44 52 59 46 37 30 59 36 54 51 30]
  [ 0 45  0 32 36 37 57 53 35 35 55 39 39]
  [ 0 39 52  0 59 40 52 57 39 44 41 52 46]
  [ 0 31 34 50  0 37 43 34 56 48 47 41 35]
  [ 0 54 51 58 47  0 35 50 38 59 31 41 44]
  [ 0 41 38 48 37 55  0 32 58 44 56 54 50]
  [ 0 45 41 32 49 42 53  0 35 53 44 50 40]
  [ 0 46 39 56 43 50 58 52  0 41 54 53 52]
  [ 0 42 57 36 46 39 58 34 35  0 44 35 32]
  [ 0 30 31 40 42 42 53 37 42 54  0 49 49]
  [ 0 53 39 52 45 35 55 36 45 31 51  0 52]
  [ 0 58 47 36 53 50 36 46 42 45 55 39  0]]

 [[ 0 36 53 47 59 31 57 43 58 37 37 44 43]
  [ 0  0 58 46 47 32 35 48 35 58 31 38 59]
  [ 0 44  0 33 42 56 53 56 39 56 49 53 49]
  [ 0 44 46  0 57 30 31 49 32 35 59 46 39]
  [ 0 44 50 57  0 37 32 53 53 45 49 59 39]
  [ 0 34 53 40 57  0 57 53 58 53 41 51 40]
  [ 0 41 30 36 40 34  0 32 45 37 47 46 51]
  [ 0 41 37 43 54 59 52  0 52 35 44 57 59]
  [ 0 53 30 37 51 34 32 53  0 40 40 50 36]
  [ 0 37 57 44 41 45 47 46 57  0 50 31 42]
  [ 0 59 35 42 49 58 58 58 58 47  0 59 30]
  [ 0 58 49 36 31 46 57 55 50 32 48  0 54]
  [ 0 48 49 54 48 44 36 53 33 42 54 52  0]]

 [[ 0 38 33 54 32 44 50 49 54 38 44 30 33]
  [ 0  0 40 52 37 34 43 31 55 31 30 58 38]
  [ 0 31  0 59 43 57 50 57 57 37 57 56 59]
  [ 0 41 33  0 53 54 38 56 34 30 41 48 53]
  [ 0 30 35 56  0 54 30 45 50 45 50 44 37]
  [ 0 57 49 38 53  0 34 33 54 30 43 33 56]
  [ 0 47 36 38 35 30  0 42 59 43 48 49 45]
  [ 0 52 31 43 58 49 57  0 45 58 30 50 46]
  [ 0 44 56 37 59 58 45 54  0 44 50 50 56]
  [ 0 34 31 52 53 37 37 44 32  0 56 55 53]
  [ 0 45 49 33 31 49 32 46 43 56  0 47 31]
  [ 0 37 30 58 50 47 35 57 48 54 34  0 44]
  [ 0 47 59 41 56 46 45 35 40 53 34 45  0]]

 [[ 0 51 36 33 46 38 59 39 53 47 41 54 54]
  [ 0  0 49 36 46 44 38 45 44 35 52 52 45]
  [ 0 47  0 40 50 57 33 41 50 41 42 50 30]
  [ 0 45 52  0 46 53 33 37 30 36 58 53 33]
  [ 0 34 40 41  0 52 54 43 40 38 38 41 35]
  [ 0 54 52 32 51  0 39 32 39 31 50 37 37]
  [ 0 42 43 32 32 35  0 51 55 58 56 46 47]
  [ 0 35 35 39 38 53 39  0 42 54 35 33 49]
  [ 0 32 53 38 37 58 48 31  0 56 53 45 42]
  [ 0 33 48 57 39 58 58 51 48  0 50 57 56]
  [ 0 35 50 59 55 31 31 57 51 48  0 55 38]
  [ 0 50 34 38 48 38 50 43 40 31 39  0 35]
  [ 0 42 37 58 36 37 51 52 41 53 53 55  0]]

 [[ 0 41 35 57 44 32 49 42 33 52 54 31 35]
  [ 0  0 47 53 38 59 53 46 31 37 41 54 40]
  [ 0 39  0 40 36 54 34 59 32 48 48 44 33]
  [ 0 59 58  0 44 40 56 45 41 35 44 46 45]
  [ 0 36 42 49  0 54 42 57 58 36 39 55 51]
  [ 0 53 31 51 42  0 59 33 42 57 58 46 32]
  [ 0 43 41 38 57 42  0 52 47 54 40 57 40]
  [ 0 40 52 57 45 44 34  0 47 55 38 47 47]
  [ 0 59 30 53 58 59 48 34  0 35 48 44 40]
  [ 0 47 44 42 34 43 48 35 31  0 44 54 43]
  [ 0 42 40 56 40 50 58 47 44 56  0 44 55]
  [ 0 51 51 34 36 37 31 40 57 31 44  0 40]
  [ 0 52 32 49 36 32 36 44 45 52 31 47  0]]]
end
fixed_cost
[[2464 2456 2467 2400 2490 2445 2465 2419 2474 2462]]
end
unit_cost
[[54 54 55 34 32 64 60 42 30 54]]
end
job2fam
[[1 0 0 0 0 0 0 0 0 0 0 0 0 0 0 0 0 0 0 0 0 0 0 0 0 0 0 0 0 0 0 0 0 0 0 0
  0 0 0 0 0 0 0 0 0 0 0 0 0 0 0 0 0 0 0 0 0 0 0 0 0 0 0 0 0 0 0 0 0 0 0]
 [0 0 0 0 0 0 0 0 0 0 0 0 0 1 0 0 0 0 0 0 1 0 0 0 0 0 0 0 0 0 0 0 0 0 0 0
  0 0 0 0 0 0 0 0 0 1 0 0 0 0 0 0 0 0 0 0 0 0 1 0 0 0 0 0 1 0 0 0 0 0 0]
 [0 0 0 0 0 0 0 0 0 0 0 0 0 0 0 0 0 0 0 0 0 0 0 0 1 1 0 0 1 0 0 0 0 0 0 0
  0 0 0 0 1 0 1 0 0 0 0 0 0 1 1 0 0 0 1 0 0 0 0 0 0 0 0 0 0 0 0 0 1 0 0]
 [0 1 0 1 0 0 0 0 0 0 0 0 0 0 0 0 0 0 0 0 0 0 0 0 0 0 0 0 0 0 0 0 0 1 0 0
  1 0 0 0 0 0 0 0 0 0 0 0 0 0 0 0 0 0 0 0 0 0 0 0 0 0 0 0 0 1 0 0 0 0 0]
 [0 0 0 0 0 0 0 0 0 0 0 0 0 0 1 0 0 0 0 0 0 1 0 0 0 0 0 0 0 0 0 0 0 0 1 0
  0 0 0 0 0 0 0 0 0 0 0 0 0 0 0 0 0 0 0 1 0 1 0 0 0 0 0 0 0 0 0 0 0 1 0]
 [0 0 0 0 0 1 0 0 0 0 0 0 0 0 0 1 0 0 0 0 0 0 0 0 0 0 0 0 0 1 1 0 0 0 0 0
  0 0 0 0 0 0 0 0 0 0 0 1 0 0 0 0 0 0 0 0 0 0 0 0 0 0 0 0 0 0 1 0 0 0 0]
 [0 0 1 0 0 0 0 1 0 1 0 0 0 0 0 0 0 1 0 0 0 0 0 0 0 0 0 0 0 0 0 0 0 0 0 0
  0 0 0 0 0 0 0 0 1 0 0 0 0 0 0 0 0 0 0 0 0 0 0 0 0 0 0 1 0 0 0 0 0 0 0]
 [0 0 0 0 0 0 1 0 0 0 0 0 0 0 0 0 0 0 0 0 0 0 0 0 0 0 0 0 0 0 0 0 0 0 0 0
  0 0 0 0 0 1 0 1 0 0 0 0 1 0 0 0 1 0 0 0 0 0 0 0 0 0 0 0 0 0 0 1 0 0 1]
 [0 0 0 0 1 0 0 0 0 0 1 0 0 0 0 0 0 0 0 0 0 0 1 0 0 0 1 1 0 0 0 1 0 0 0 0
  0 0 0 0 0 0 0 0 0 0 0 0 0 0 0 0 0 0 0 0 0 0 0 0 0 0 0 0 0 0 0 0 0 0 0]
 [0 0 0 0 0 0 0 0 0 0 0 0 1 0 0 0 1 0 0 1 0 0 0 0 0 0 0 0 0 0 0 0 0 0 0 0
  0 0 0 1 0 0 0 0 0 0 0 0 0 0 0 0 0 1 0 0 1 0 0 1 0 0 0 0 0 0 0 0 0 0 0]
 [0 0 0 0 0 0 0 0 1 0 0 1 0 0 0 0 0 0 0 0 0 0 0 1 0 0 0 0 0 0 0 0 1 0 0 1
  0 1 0 0 0 0 0 0 0 0 1 0 0 0 0 1 0 0 0 0 0 0 0 0 0 0 0 0 0 0 0 0 0 0 0]
 [0 0 0 0 0 0 0 0 0 0 0 0 0 0 0 0 0 0 0 0 0 0 0 0 0 0 0 0 0 0 0 0 0 0 0 0
  0 0 1 0 0 0 0 0 0 0 0 0 0 0 0 0 0 0 0 0 0 0 0 0 1 0 1 0 0 0 0 0 0 0 0]
 [0 0 0 0 0 0 0 0 0 0 0 0 0 0 0 0 0 0 1 0 0 0 0 0 0 0 0 0 0 0 0 0 0 0 0 0
  0 0 0 0 0 0 0 0 0 0 0 0 0 0 0 0 0 0 0 0 0 0 0 0 0 1 0 0 0 0 0 0 0 0 0]]
end
