mac
10
end
job
80
end
fam
5
end
proc_times
[[  0  14  61  98  28   9  78  14  89  26   1  86  71  82  70  38  23  61
   74  19  30  90  30  96  91  81  94  76  63  76  89   4  44  85  80  65
   77  85   6  60  70  75  12  34  62  19  47  56  15  86   5  90  95  24
   16   9  82  90  95  27  45   1  48  34  50  77  14  60  66  69  83  33
   72  26  38  27  54  61   8  58  38]
 [  0  49  29  48  57  65   1  74  23  11  96  92  25   8  85  65  95  27
   83  56  93  78  85  91  16   5  88  49  12  38  89  17   7   4  97  68
   20  24  12  11  89  62   2  58  59  58  92  96  94  64 100  17  96  71
   80  92  18  76  21  98  94   7  77  11  18  26  98  20  46  31   2  23
   31  42 100  29  75  47  72  49  26]
 [  0  27  65  37  52  25  12  57  56  78  53  28  56   3  59  31  45  44
   12  28  84  66  50  99  56  60  97  87  48  25  48  84  46  66  40  98
   25  66  81   4  38  70  57  76  57  38  82  51  57  59  46  54  45  46
   37  68  18  97  21   3  43  96  69  31   5   6  90   7  48  33  82  77
   63   5  65  52  21  32   1  95  27]
 [  0  29   7  21  82  39  77  56  69  70   6  17  36  43  69  52  43   2
   99  94  34  52  39  82  40  56   7  36  66  26  75   1  97  40  85  81
   27  56  19  54  28  96  63  84  69   4  82  23  94  40  48  65  86  94
   27  77  54   5  48  15  22  43  79   8  89  45  94   5  86  37  53  37
    6  47   6  53  43  12  15  51  59]
 [  0  44  56  29  21  36  76  37  76  15  42   6  23  47  65  47  22  65
   73  88  14  95  68  46   6   3 100  54  90  50  51  78   8   5  62  40
   83  70  88  88  50  98  49  18   8   1   1  41  45  62  30  75  81  47
   77  39  28  62  70  27   8  22  60  85  34  22  86  31  56  15  76  19
   53  81 100  85  69  61  47  14  18]
 [  0  15  75  60  12  44  42  34   8  97  32   5  47  84   6  19  94  11
   17  95  35  67  42  57  61  20  24  74   9   3  42  74  82   6  39   3
   61  68   5  26  10  63  39  43  17  56  13  42  21  42  97  85  69  14
   71  86  76  96  80  91  44  85  75  55 100   3  12  88  52  55  71  73
    2  19  72  12  62  13  68  36  22]
 [  0  47  98  49  85  13  32  39  16  85  95  61  43  74  85  77   5  74
    8  72  57  25  46  78  72  53  96  66  95  90  21   7  68  70  30   2
   33  98  40  45  37  33  78   9  54  74  73  33  67  45  70   9  54  22
   93  18  85  33  70  99  76  99  64  26  20  68  60  65  69  79   2  75
   10  65  12   6  38   6  55  42  12]
 [  0  98  30  44  49  92  73  72  55  81  26  49  19  61  67  86  41  36
   75  89  66  85  42  76  70  64   7  56  60  59   8  61  48  55  43  37
   42  25  50  98  10  13  88  64  96  16  69  89  18  22   2  28  81  54
   36  85  80  46  84  59  84  46  85  64   6  85  98  70  31  23  10   2
   47  14  48  16  60  14  83  55  92]
 [  0  79  97  74   1  32  28   1  56  49  60   6   1  50  93  46  39  37
   79  19  62  91  84   8  75  69  72  25  79  19  94  54  50  10  34  30
   10   4  70  90  56  21  95  10  51  29  47  12  74  59  87  10  54  94
   60 100  69  94  99  21  92  76  30  44  95  20  72  11  29  24  72  85
    4  54  68   4  59  70  89  21  46]
 [  0  47  52  63  80  51  95  56  35  93  62   2  12  42  54  64  55  79
   70 100  31   4  53  82   5  15  22  18  40  61  86  56  84  77 100  88
   87  82  86  87  49  89  16  24  68   6  80   2  65  87  87  80  38   2
   50  76  66  71  20  93  65  80  17 100  28  99   2  32  56   9   5  15
    6  30  74  81  96 100  12  42  13]]
end
weight
[[ 0 12 77 65 91 32 47 94 31 94  6 75 50 65 89 53 47 61 78  4 94 35 95 19
  55 94  3 19 33 35 17 59 27 63 49 21  1 52 18 34 17 57 57 98 87 85 31 13
  98 80 75 85 44 37 11 80 51 81 13 15 94 19 32 47 36 29 53 75 57  3 70 51
  23 20 72 46  4 36 46 43 80]]
end
setup_times
[[[ 0 46 51 49 40 43]
  [ 0  0 51 35 58 47]
  [ 0 30  0 44 32 34]
  [ 0 49 46  0 59 34]
  [ 0 52 31 57  0 52]
  [ 0 41 45 42 33  0]]

 [[ 0 35 30 59 38 54]
  [ 0  0 55 39 35 47]
  [ 0 33  0 53 59 36]
  [ 0 34 32  0 37 58]
  [ 0 35 52 43  0 46]
  [ 0 51 43 37 53  0]]

 [[ 0 50 57 54 32 53]
  [ 0  0 59 55 55 57]
  [ 0 47  0 56 31 56]
  [ 0 36 31  0 46 38]
  [ 0 38 33 49  0 54]
  [ 0 30 34 43 40  0]]

 [[ 0 39 58 54 58 31]
  [ 0  0 57 33 57 42]
  [ 0 44  0 30 33 53]
  [ 0 47 50  0 56 59]
  [ 0 44 54 31  0 44]
  [ 0 41 50 41 55  0]]

 [[ 0 51 36 44 50 40]
  [ 0  0 52 50 57 52]
  [ 0 31  0 30 52 43]
  [ 0 33 33  0 51 57]
  [ 0 32 59 50  0 58]
  [ 0 57 54 51 48  0]]

 [[ 0 33 33 58 45 42]
  [ 0  0 45 36 38 51]
  [ 0 31  0 44 43 55]
  [ 0 43 52  0 55 46]
  [ 0 56 35 44  0 46]
  [ 0 33 58 55 55  0]]

 [[ 0 59 56 43 51 40]
  [ 0  0 53 36 33 31]
  [ 0 36  0 38 53 35]
  [ 0 57 30  0 31 33]
  [ 0 43 36 32  0 36]
  [ 0 33 51 58 58  0]]

 [[ 0 45 54 37 47 48]
  [ 0  0 37 30 44 34]
  [ 0 33  0 53 57 43]
  [ 0 54 48  0 50 56]
  [ 0 48 58 54  0 40]
  [ 0 51 40 56 35  0]]

 [[ 0 31 45 50 44 36]
  [ 0  0 53 30 37 47]
  [ 0 32  0 47 50 42]
  [ 0 59 38  0 49 51]
  [ 0 36 59 37  0 46]
  [ 0 56 55 44 36  0]]

 [[ 0 31 37 34 38 34]
  [ 0  0 33 53 54 31]
  [ 0 30  0 43 38 48]
  [ 0 55 59  0 32 53]
  [ 0 58 55 47  0 38]
  [ 0 53 51 59 44  0]]]
end
fixed_cost
[[2387 2437 2437 2420 2434 2442 2381 2433 2435 2407]]
end
unit_cost
[[62 51 48 30 58 55 51 39 44 37]]
end
job2fam
[[1 0 0 0 0 0 0 0 0 0 0 0 0 0 0 0 0 0 0 0 0 0 0 0 0 0 0 0 0 0 0 0 0 0 0 0
  0 0 0 0 0 0 0 0 0 0 0 0 0 0 0 0 0 0 0 0 0 0 0 0 0 0 0 0 0 0 0 0 0 0 0 0
  0 0 0 0 0 0 0 0 0]
 [0 0 0 0 0 1 0 0 0 0 0 0 0 0 0 1 0 0 0 0 0 0 0 0 0 0 0 1 0 0 0 0 1 0 1 0
  0 0 1 0 0 0 1 0 0 0 0 1 0 1 0 0 0 0 0 0 0 1 0 0 0 0 0 0 1 1 1 0 0 0 0 0
  0 0 0 0 0 0 0 0 1]
 [0 1 0 0 1 0 0 0 0 0 0 0 1 1 0 0 0 0 0 0 0 1 0 0 0 1 0 0 1 0 0 0 0 0 0 0
  0 1 0 1 0 0 0 0 1 0 0 0 0 0 0 0 1 0 0 0 0 0 1 0 0 0 0 0 0 0 0 0 0 0 0 0
  0 0 1 0 0 0 1 0 0]
 [0 0 0 0 0 0 1 0 0 0 1 1 0 0 1 0 0 1 0 0 1 0 0 1 0 0 0 0 0 0 1 0 0 0 0 0
  1 0 0 0 1 1 0 0 0 0 0 0 1 0 1 0 0 0 0 0 0 0 0 0 0 0 0 1 0 0 0 1 1 1 0 0
  0 0 0 1 0 1 0 0 0]
 [0 0 0 1 0 0 0 1 1 1 0 0 0 0 0 0 1 0 0 0 0 0 1 0 1 0 0 0 0 1 0 1 0 1 0 0
  0 0 0 0 0 0 0 0 0 0 1 0 0 0 0 1 0 0 0 0 1 0 0 0 1 1 0 0 0 0 0 0 0 0 1 1
  0 1 0 0 1 0 0 1 0]
 [0 0 1 0 0 0 0 0 0 0 0 0 0 0 0 0 0 0 1 1 0 0 0 0 0 0 1 0 0 0 0 0 0 0 0 1
  0 0 0 0 0 0 0 1 0 1 0 0 0 0 0 0 0 1 1 1 0 0 0 1 0 0 1 0 0 0 0 0 0 0 0 0
  1 0 0 0 0 0 0 0 0]]
end
