mac
10
end
job
80
end
fam
8
end
proc_times
[[  0  59  98  91  76  45  89  38  24  99  94  86  26   2  67   7  54  82
   89  43  48  79  98  59  80  82  75  67  22  26  17  69  46  18  90  92
   62  55  95  74  85  69  54  78  82  54  78   6  35  95  91  31  26  91
   62  93  45  43  95  58  80  53  43  43  23   4  96  48  24  44  36  29
    4  88  23  93  34  34  84  87  81]
 [  0  27  53  92  74  87  19  42   5  76  33  40  32  26  64  22  74  23
   20  65  55  46  59 100  97  37  51  57  99  80  40  73   5   7  86  53
   18  34   1  31   2  60  74 100  51   6  52  46   6  22  11  12  89  62
   92  13  15  59  24  43  22   3  42  97  65  95  86   8  79  47  52  88
   44  65  55  66  34  87   1  64  64]
 [  0   6  34   3  34  66  27  33  36  24  24  94  93  24  62  51  71   5
   54  89  15  10  52   8  21  99  81  36  81  34  75  45  94  42 100  22
   56  12  13  22  21  96  59  13  80  45   7  55  17  76  40  56  99  73
   82  87  60  56  96  12  68  45  94  63   9  10  85  52  42  14  50  83
   45  65  67   3   3  55  15  71  33]
 [  0  45  77  74  14  62  63  17  71  33  50  99  41  95   4  70  80  46
   47  79  84  24  29  26  25  81  47  57  82  60  93  55  94  45  15   4
   67  50  11  36  54   7  61  34  91  26  44  56   7  53  39  61  51  40
  100  57  41  21  20  44  12  42  93  96  12  97  34  86  84  53  37  13
   99  43  74  75  38  67  88  19  27]
 [  0  59  51  44  43  32   8  60   7  52  34  17  22   1  98  65   6  73
    5   4  37  97  89  64   5  83  12  45   2  80  18  46  72  37  66  20
   41  74  68  98  30  63  47  81  39  69  43  72  86  85  46  63  35  56
   83  50  87  14 100  19  26  78  24   4  34  63  93  65  43   9  36  18
   45  12  12  43   2  10  58  93  74]
 [  0  94  98  87  50  24  71  70  56  39  94  81  30  53  31  83  44  22
   58  46  69  25 100  99  88  86  16   6  75  22  73  16  80  54  21  18
   23  74   2   7  22  74  27  38   7  73  39  19  58   9  74  34  77  50
   84  99  87  71  56  49  73  45  78  81  64  51  79  76  30  15  10  92
   88  76  56  52  22  99  26  84  53]
 [  0  76  86  18  86 100  81  56  28  91  20  56  13  53  64  97   5  21
   46  91  90  72  11  45  16  25  16  83  28  15  85  56  82  72  34   9
   82  60  42  89  95  35  40  47  49  75  28  66   2  98  34  31  94  57
   67  92  99  31  24  96  98  61  61  67  47  16  64  81  82  36   6  71
   11  67  37   8  62  52  33  63  97]
 [  0  38  72  52  99  20  12  10  53  13  32  78  28  37  37  57  21  87
   47  68  56  12  53  78  36  14   6  82  50  90  62  83  66   6  57  78
   16  69   3  13  51  22  82  44  57 100  78  56  58  67  52  74   7  43
   11  89  21  85  46  11  79   2  33  83  15   4  80   7  53  23  16  14
   52  50  16   7  19  27  55  79  68]
 [  0  14  88  34  53  87  72  72  48  55  92  98  33  40  39  88 100  21
   69  99  19   5  62   3  63  82  34  98  64  64  12  84  15  36  36  50
   37  80  30  12  59  34  16  41  89  69  58  68  47  26   7   8  46  54
   92  56  90  99  12  74  63 100  29  99  88  92  84  64   4   1  43  15
    9  32  75  93  18  37  92  76  90]
 [  0  22 100  88  78  10  62  80  28  56  88  96  79  83  56  89   1  78
   84  71  13  10  61  94 100   8  92  99  29  66  13  66  60  67  16  45
   27  96  95  97  58  54  46   7  74  54  71 100  94  32  12  36  34  37
   89  47  32  40  10  23  72  94  93  67  41  82  39  18  40  40  98  18
   38   8   1  80  34  18  91  87  56]]
end
weight
[[ 0 43 18 30 71 14 13 29 83 45 53 59 16 67 91 15 27 33 77 37 70 33 72 13
  71 41 52 33 97 86 92 52 42 63 12 30 11 34 45 61 19 15 30 12 69 97 88  5
  66 57 80 50 60 11 79 51 71 86  8  7 33  5 25 76 54 48 15 66 19 74 56 52
  51 47 15 47 81  5 44 19 19]]
end
setup_times
[[[ 0 49 56 56 57 47 54 33 37]
  [ 0  0 50 44 53 43 44 35 39]
  [ 0 45  0 43 39 41 58 48 37]
  [ 0 35 37  0 43 30 35 49 35]
  [ 0 50 45 57  0 31 57 38 41]
  [ 0 56 47 55 32  0 52 54 33]
  [ 0 47 58 34 36 46  0 59 47]
  [ 0 50 55 45 32 43 43  0 56]
  [ 0 35 30 43 50 35 38 47  0]]

 [[ 0 52 39 42 34 33 58 34 45]
  [ 0  0 53 41 51 56 35 43 35]
  [ 0 37  0 37 31 34 46 43 59]
  [ 0 54 55  0 32 54 46 38 46]
  [ 0 42 44 40  0 57 45 56 59]
  [ 0 50 48 54 34  0 35 40 44]
  [ 0 30 38 38 58 50  0 40 49]
  [ 0 33 47 36 55 49 51  0 47]
  [ 0 52 32 47 50 52 41 43  0]]

 [[ 0 54 32 35 39 42 50 31 31]
  [ 0  0 53 32 48 37 37 36 48]
  [ 0 36  0 47 55 36 49 40 49]
  [ 0 30 35  0 55 37 56 32 57]
  [ 0 48 33 38  0 54 49 58 51]
  [ 0 37 32 44 44  0 47 58 58]
  [ 0 54 36 43 53 59  0 44 36]
  [ 0 30 53 45 43 52 51  0 50]
  [ 0 49 54 51 58 56 58 35  0]]

 [[ 0 54 51 33 41 57 46 38 52]
  [ 0  0 59 30 34 58 46 30 32]
  [ 0 36  0 55 38 42 39 31 35]
  [ 0 52 48  0 32 34 38 57 40]
  [ 0 47 47 37  0 59 59 32 53]
  [ 0 47 54 36 35  0 58 32 53]
  [ 0 43 57 41 35 49  0 58 39]
  [ 0 36 33 42 45 56 44  0 54]
  [ 0 51 33 34 57 35 59 57  0]]

 [[ 0 53 39 46 32 47 33 55 43]
  [ 0  0 47 56 58 44 50 40 51]
  [ 0 33  0 50 51 48 38 52 44]
  [ 0 44 33  0 45 39 40 52 56]
  [ 0 42 35 43  0 38 31 59 52]
  [ 0 46 39 41 51  0 30 56 37]
  [ 0 35 30 58 37 48  0 43 49]
  [ 0 31 31 30 36 47 33  0 59]
  [ 0 55 56 43 57 30 50 32  0]]

 [[ 0 59 56 36 31 37 33 53 55]
  [ 0  0 40 39 37 39 58 55 59]
  [ 0 50  0 50 57 45 34 57 33]
  [ 0 43 55  0 58 56 37 57 43]
  [ 0 49 42 42  0 43 34 40 58]
  [ 0 39 37 36 42  0 56 37 39]
  [ 0 38 42 58 31 32  0 36 30]
  [ 0 56 47 32 37 58 40  0 36]
  [ 0 37 50 49 40 44 41 43  0]]

 [[ 0 30 42 36 36 58 49 49 56]
  [ 0  0 35 32 55 44 57 40 54]
  [ 0 31  0 46 46 53 33 41 38]
  [ 0 57 41  0 54 32 34 56 59]
  [ 0 53 30 32  0 52 32 51 56]
  [ 0 44 46 50 46  0 44 38 56]
  [ 0 41 54 45 54 59  0 57 54]
  [ 0 32 35 53 53 42 31  0 44]
  [ 0 45 53 42 49 38 52 47  0]]

 [[ 0 58 54 34 43 46 32 32 42]
  [ 0  0 56 33 56 54 37 44 55]
  [ 0 54  0 34 58 41 35 30 53]
  [ 0 57 58  0 32 46 58 50 37]
  [ 0 47 58 48  0 49 50 53 47]
  [ 0 38 37 35 43  0 37 47 38]
  [ 0 57 31 50 50 33  0 59 47]
  [ 0 40 39 37 31 40 36  0 31]
  [ 0 54 31 35 45 30 38 38  0]]

 [[ 0 48 42 43 43 43 59 43 51]
  [ 0  0 44 45 45 54 56 39 53]
  [ 0 51  0 57 44 57 54 59 39]
  [ 0 30 58  0 31 58 40 39 36]
  [ 0 56 50 42  0 30 48 47 54]
  [ 0 33 41 38 36  0 38 45 44]
  [ 0 44 34 36 45 36  0 33 42]
  [ 0 41 50 47 47 37 34  0 50]
  [ 0 39 36 48 53 54 56 31  0]]

 [[ 0 47 59 57 43 41 55 37 59]
  [ 0  0 31 30 47 41 49 34 49]
  [ 0 52  0 49 45 52 42 47 42]
  [ 0 31 50  0 30 39 34 59 57]
  [ 0 59 37 58  0 36 41 39 34]
  [ 0 36 39 33 45  0 31 52 40]
  [ 0 41 44 36 57 40  0 42 45]
  [ 0 36 50 40 56 47 52  0 36]
  [ 0 43 51 42 53 53 40 42  0]]]
end
fixed_cost
[[2464 2466 2436 2438 2478 2474 2471 2458 2435 2487]]
end
unit_cost
[[56 47 31 46 52 65 65 29 29 45]]
end
job2fam
[[1 0 0 0 0 0 0 0 0 0 0 0 0 0 0 0 0 0 0 0 0 0 0 0 0 0 0 0 0 0 0 0 0 0 0 0
  0 0 0 0 0 0 0 0 0 0 0 0 0 0 0 0 0 0 0 0 0 0 0 0 0 0 0 0 0 0 0 0 0 0 0 0
  0 0 0 0 0 0 0 0 0]
 [0 0 0 0 0 1 0 0 0 0 0 0 1 0 0 1 0 0 1 0 0 0 0 0 0 0 0 0 0 0 0 0 1 0 1 0
  0 0 0 0 0 0 0 0 0 0 0 0 0 0 0 0 0 0 0 0 1 0 1 0 0 0 0 0 0 0 1 0 0 0 0 0
  0 0 0 0 0 0 0 0 0]
 [0 0 0 0 0 0 0 0 0 0 0 0 0 0 0 0 0 1 0 0 0 1 0 0 0 0 0 0 1 0 0 0 0 0 0 0
  0 0 0 0 0 0 0 0 0 0 1 0 0 0 0 0 1 0 0 0 0 0 0 0 0 0 0 1 1 0 0 0 0 0 0 0
  0 0 0 0 0 0 0 0 0]
 [0 0 0 0 0 0 0 0 1 1 0 0 0 0 0 0 0 0 0 0 0 0 0 0 0 1 0 0 0 0 0 0 0 0 0 1
  0 1 1 0 0 1 1 0 0 0 0 0 1 0 0 0 0 0 0 0 0 0 0 0 0 0 0 0 0 0 0 0 1 0 0 0
  0 1 0 1 0 0 0 0 0]
 [0 0 1 0 0 0 0 1 0 0 0 0 0 1 1 0 0 0 0 0 1 0 0 0 0 0 0 0 0 1 0 0 0 1 0 0
  1 0 0 0 0 0 0 0 0 0 0 0 0 0 0 0 0 0 0 1 0 0 0 0 0 0 0 0 0 0 0 1 0 1 0 1
  0 0 0 0 0 1 0 0 0]
 [0 0 0 0 1 0 0 0 0 0 0 0 0 0 0 0 0 0 0 1 0 0 0 0 1 0 0 0 0 0 1 0 0 0 0 0
  0 0 0 0 0 0 0 0 0 1 0 0 0 0 0 0 0 1 0 0 0 0 0 0 0 0 1 0 0 1 0 0 0 0 0 0
  0 0 1 0 0 0 0 0 0]
 [0 0 0 0 0 0 1 0 0 0 0 0 0 0 0 0 1 0 0 0 0 0 0 0 0 0 1 0 0 0 0 0 0 0 0 0
  0 0 0 1 1 0 0 1 0 0 0 0 0 0 0 0 0 0 0 0 0 1 0 0 1 0 0 0 0 0 0 0 0 0 1 0
  1 0 0 0 0 0 0 0 0]
 [0 1 0 0 0 0 0 0 0 0 1 1 0 0 0 0 0 0 0 0 0 0 1 1 0 0 0 1 0 0 0 1 0 0 0 0
  0 0 0 0 0 0 0 0 1 0 0 0 0 1 0 0 0 0 0 0 0 0 0 1 0 0 0 0 0 0 0 0 0 0 0 0
  0 0 0 0 0 0 1 1 0]
 [0 0 0 1 0 0 0 0 0 0 0 0 0 0 0 0 0 0 0 0 0 0 0 0 0 0 0 0 0 0 0 0 0 0 0 0
  0 0 0 0 0 0 0 0 0 0 0 1 0 0 1 1 0 0 1 0 0 0 0 0 0 1 0 0 0 0 0 0 0 0 0 0
  0 0 0 0 1 0 0 0 1]]
end
