mac
10
end
job
80
end
fam
8
end
proc_times
[[  0  97  19  85  70  81  53  75 100  82  86  54  72  52  77  23   1  67
   92  15  45  64  91   3  67  62  31  41  49  28  27  87  47  10  58  93
   50  78  19  65  39  57   2  39  89  91   3  63  88  13  56  94  27   7
   29  69  21   1  35   1  88  86  65  61   3  26  45  23   3  48   8  11
   81  96  89 100  19  18  30  43  90]
 [  0   4  45  66  10  49  65  49  53  43  25  15  85  18  34  97  77  41
   40  53  25  91  95  56   3  43  57  82  13  58  76  62  50  15  11   3
   25  33  51  97  34  69  97  78  98  57  85  90  74  99  90  62   8  75
   32  76   7  65  19  13  97  84  45  58  88  91  55   4  86  74  43  10
   12  87  25  47  56  41  55  99  70]
 [  0  66  86  98  31  68  37  32  37  98  34  53   6  25  60  57  66  27
   49  82  27  51  95  23  27  68  77  34  23  30  77  53  93  19  67  83
   56  76  54  22  50  50  44  70  31  93  81 100  11  69  16  88  92  17
  100  18  25  49  69  33  86  13  54  22  10  23  65   5  93   6  16  48
   56  41  69  52  87  46  55  26  67]
 [  0  80  92  74   9   4  16  64  50  53  12  84  84  51  20   4   7  41
   95  61  68  10 100  29  98  87  48  72  96  22  50  73  69  47   9  45
   57  88  47  59   3  59   4  36  10  27  92  87  46  43  62  85  29  44
   44  70  35  91  52  60  60  91  69  95   3  99  64  98  95  16  15  46
   84  97  65  19  62 100  65  12  15]
 [  0  14  86  76  89  92  95  88   1  56  42  21  94  88  23   9  76  80
   27  30  78  55   7  45  12  96  50  88  16   7  98   5  58  78  98   8
   89  94  85   1  43   5  68  34   6  72  98   1   4  93  94  79  24  18
   15  52   6   1  10   8  27  41  94  72  53  35  84  33  91  74  70  86
   64  22  15  63  66   8  14  64  43]
 [  0  23  29  58  32   4  55  47  55  51  41  33  86  75  16  68  45  69
   86  97  82  20  71  44  89  97  99  26  21  72  42  97  99  11   6  21
   93  32  63  58  82  47  70  39   8  16  29  98  70  17  98  80   1  72
   39  27  31  11  48   1  43  38  55  16  31  89  58  71  69  20  30  90
   85  48  63  82   7  37  50  69  33]
 [  0  95  91  95  45  41  37  23   7  44  14  86  94  75   1  24  32  18
   56  98  90  60  32  39  51  49  24  81  44  61  21   3   3  41  26  26
   30  37  19  65  70  94  32  89  56  59  26  81  11  88  88  83  12  28
   92  44  64   5  92   3  46  40  20  48  98   3  86  42  47   4   9  38
   17  38  67  41  27  71  27  61   2]
 [  0  92  33  80  23  95  20  45   8  60  20  39  74  86  32  51  63  68
   25  40  57  60  71  80  18  89  56   4  77  52  66  85  30  78  35  23
    3  68  38  67  58  53  77  52  78  31  73  58  97  50  27  49  89  49
   10  86  84  64  97  15  80   3  89  50  39  21  60  36  82  91  68  36
   52   9  28  66  91  86  38  97  67]
 [  0  42  88  47  56  67  14  16  78  38   2  58  70  29  84  16  93  23
   77  58  78  16  11  76  98  45  71  36  16  38  23  11  94  92  97  30
   33  55   1  48  72  42  77  74  33  97  90  46  42  95  57  21  15  32
   93  46   2  33  38  42  64  68  72  45   6  71  46  41  88  70  87  55
   92  92  10  75  99  71  53  55   1]
 [  0  76  86  56  47  37  84  94  42  87  69  63  50  40  19   5  27  25
   25  76  68  48   8  25  86  87  31  69  50   6  72  62  97  48  97  10
   70  57  47  25  89  16  78  56   9   8  77  80  96  43  98  32  50  57
   48  50  20  87  81  15  24  44  13  54  24  73  44  70  38  39  41  40
   76  89  75  82  14  19  46  53   3]]
end
weight
[[ 0 59 34 98 10 87 91 41 67 30 37 88 24 91 55 25 44 51 44 22 39 49  2 63
  33 33 42 77 16  9 27  7  9 83 62  6 40  9 65  1 98  3 12 24 94 72 66 74
  41 53 27 65 13 58 20  6 15 22 72 35 34 66 88 59 72 66 73 51 53 42 66 45
  47 61 62 45 49 92 77 92 40]]
end
setup_times
[[[ 0 52 50 31 49 31 58 52 53]
  [ 0  0 55 37 33 30 51 49 38]
  [ 0 48  0 49 32 43 36 34 40]
  [ 0 36 51  0 35 56 41 56 57]
  [ 0 30 55 34  0 51 56 36 48]
  [ 0 37 30 50 44  0 40 45 38]
  [ 0 46 46 40 50 37  0 55 33]
  [ 0 45 56 31 41 55 48  0 30]
  [ 0 35 47 48 42 51 30 44  0]]

 [[ 0 57 54 49 42 48 36 41 50]
  [ 0  0 44 49 49 52 47 47 55]
  [ 0 32  0 57 55 54 58 42 36]
  [ 0 44 54  0 33 38 32 47 35]
  [ 0 36 33 56  0 39 59 59 48]
  [ 0 32 52 43 45  0 42 50 58]
  [ 0 48 56 31 51 34  0 40 58]
  [ 0 30 40 32 45 39 52  0 38]
  [ 0 46 44 47 39 45 55 48  0]]

 [[ 0 41 44 58 37 58 38 59 32]
  [ 0  0 44 59 47 36 31 57 44]
  [ 0 37  0 53 32 50 38 58 48]
  [ 0 56 50  0 53 37 31 50 36]
  [ 0 36 47 41  0 36 56 34 57]
  [ 0 49 36 31 32  0 55 52 47]
  [ 0 30 50 53 34 32  0 53 32]
  [ 0 42 41 54 44 55 56  0 58]
  [ 0 41 58 57 54 37 40 58  0]]

 [[ 0 36 42 37 52 46 35 38 34]
  [ 0  0 59 32 53 49 30 59 46]
  [ 0 57  0 54 40 33 52 53 30]
  [ 0 32 44  0 39 42 33 38 51]
  [ 0 31 45 57  0 34 56 48 40]
  [ 0 40 52 57 49  0 47 43 47]
  [ 0 45 56 31 55 31  0 49 37]
  [ 0 37 38 33 37 45 51  0 55]
  [ 0 55 51 44 43 48 39 58  0]]

 [[ 0 38 46 31 50 57 50 53 37]
  [ 0  0 55 32 54 53 59 31 52]
  [ 0 58  0 43 51 42 48 50 54]
  [ 0 55 55  0 38 50 43 39 58]
  [ 0 57 49 52  0 41 52 42 48]
  [ 0 30 34 43 36  0 36 42 38]
  [ 0 32 31 31 51 53  0 52 44]
  [ 0 42 56 42 38 37 43  0 42]
  [ 0 42 36 57 54 51 52 33  0]]

 [[ 0 36 33 36 37 31 34 38 42]
  [ 0  0 31 47 55 56 52 49 45]
  [ 0 37  0 39 40 49 36 42 36]
  [ 0 58 49  0 33 31 40 58 49]
  [ 0 47 41 32  0 53 54 41 41]
  [ 0 45 46 57 49  0 41 54 37]
  [ 0 54 59 49 57 50  0 56 49]
  [ 0 34 53 42 47 43 35  0 51]
  [ 0 40 53 34 58 34 45 48  0]]

 [[ 0 46 31 53 47 32 45 34 51]
  [ 0  0 35 36 53 39 50 46 36]
  [ 0 38  0 46 38 39 58 53 57]
  [ 0 32 44  0 47 57 31 45 52]
  [ 0 38 40 51  0 47 53 42 57]
  [ 0 42 39 30 58  0 49 46 53]
  [ 0 46 48 52 37 39  0 38 39]
  [ 0 51 36 44 58 47 47  0 58]
  [ 0 30 53 48 40 39 50 59  0]]

 [[ 0 46 33 57 45 41 33 37 46]
  [ 0  0 39 43 48 46 38 39 40]
  [ 0 49  0 48 50 36 43 49 42]
  [ 0 40 53  0 44 38 33 37 42]
  [ 0 58 51 48  0 38 33 52 51]
  [ 0 38 43 46 51  0 48 38 58]
  [ 0 34 47 48 42 41  0 59 48]
  [ 0 39 56 41 40 47 48  0 50]
  [ 0 59 43 30 54 38 57 30  0]]

 [[ 0 42 54 39 52 35 49 48 48]
  [ 0  0 51 48 50 42 44 50 56]
  [ 0 43  0 35 49 35 33 53 51]
  [ 0 45 45  0 32 50 52 51 31]
  [ 0 39 57 45  0 35 30 57 45]
  [ 0 36 42 32 44  0 35 41 49]
  [ 0 46 33 39 49 52  0 53 42]
  [ 0 53 40 45 36 46 43  0 42]
  [ 0 44 30 49 45 57 55 48  0]]

 [[ 0 45 51 45 37 57 35 54 44]
  [ 0  0 59 40 46 51 33 35 34]
  [ 0 32  0 56 47 45 50 57 37]
  [ 0 51 33  0 35 43 57 47 51]
  [ 0 48 51 59  0 42 44 31 46]
  [ 0 35 50 31 31  0 35 53 31]
  [ 0 52 55 42 52 34  0 45 45]
  [ 0 30 50 53 44 30 58  0 59]
  [ 0 30 53 49 58 37 59 33  0]]]
end
fixed_cost
[[2432 2426 2502 2427 2447 2483 2514 2456 2433 2427]]
end
unit_cost
[[43 57 44 64 39 31 44 61 46 48]]
end
job2fam
[[1 0 0 0 0 0 0 0 0 0 0 0 0 0 0 0 0 0 0 0 0 0 0 0 0 0 0 0 0 0 0 0 0 0 0 0
  0 0 0 0 0 0 0 0 0 0 0 0 0 0 0 0 0 0 0 0 0 0 0 0 0 0 0 0 0 0 0 0 0 0 0 0
  0 0 0 0 0 0 0 0 0]
 [0 0 0 0 0 1 0 0 0 0 0 0 1 0 0 1 0 0 1 0 0 0 0 0 0 0 0 0 0 0 0 0 1 0 1 0
  0 0 0 0 0 0 0 0 0 0 0 0 0 0 0 0 0 0 0 0 1 0 1 0 0 0 0 0 0 0 1 0 0 0 0 0
  0 0 0 0 0 0 0 0 0]
 [0 0 0 0 0 0 0 0 0 0 0 0 0 0 0 0 0 1 0 0 0 1 0 0 0 0 0 0 1 0 0 0 0 0 0 0
  0 0 0 0 0 0 0 0 0 0 1 0 0 0 0 0 1 0 0 0 0 0 0 0 0 0 0 1 1 0 0 0 0 0 0 0
  0 0 0 0 0 0 0 0 0]
 [0 0 0 0 0 0 0 0 1 1 0 0 0 0 0 0 0 0 0 0 0 0 0 0 0 1 0 0 0 0 0 0 0 0 0 1
  0 1 1 0 0 1 1 0 0 0 0 0 1 0 0 0 0 0 0 0 0 0 0 0 0 0 0 0 0 0 0 0 1 0 0 0
  0 1 0 1 0 0 0 0 0]
 [0 0 1 0 0 0 0 1 0 0 0 0 0 1 1 0 0 0 0 0 1 0 0 0 0 0 0 0 0 1 0 0 0 1 0 0
  1 0 0 0 0 0 0 0 0 0 0 0 0 0 0 0 0 0 0 1 0 0 0 0 0 0 0 0 0 0 0 1 0 1 0 1
  0 0 0 0 0 1 0 0 0]
 [0 0 0 0 1 0 0 0 0 0 0 0 0 0 0 0 0 0 0 1 0 0 0 0 1 0 0 0 0 0 1 0 0 0 0 0
  0 0 0 0 0 0 0 0 0 1 0 0 0 0 0 0 0 1 0 0 0 0 0 0 0 0 1 0 0 1 0 0 0 0 0 0
  0 0 1 0 0 0 0 0 0]
 [0 0 0 0 0 0 1 0 0 0 0 0 0 0 0 0 1 0 0 0 0 0 0 0 0 0 1 0 0 0 0 0 0 0 0 0
  0 0 0 1 1 0 0 1 0 0 0 0 0 0 0 0 0 0 0 0 0 1 0 0 1 0 0 0 0 0 0 0 0 0 1 0
  1 0 0 0 0 0 0 0 0]
 [0 1 0 0 0 0 0 0 0 0 1 1 0 0 0 0 0 0 0 0 0 0 1 1 0 0 0 1 0 0 0 1 0 0 0 0
  0 0 0 0 0 0 0 0 1 0 0 0 0 1 0 0 0 0 0 0 0 0 0 1 0 0 0 0 0 0 0 0 0 0 0 0
  0 0 0 0 0 0 1 1 0]
 [0 0 0 1 0 0 0 0 0 0 0 0 0 0 0 0 0 0 0 0 0 0 0 0 0 0 0 0 0 0 0 0 0 0 0 0
  0 0 0 0 0 0 0 0 0 0 0 1 0 0 1 1 0 0 1 0 0 0 0 0 0 1 0 0 0 0 0 0 0 0 0 0
  0 0 0 0 1 0 0 0 1]]
end
