mac
10
end
job
80
end
fam
8
end
proc_times
[[  0  90  84  86  20   9  21  96  78  56  94  58  61  19  79  75  95  50
   76  69  65  74  63  49  91  47  82  26  81  25  91  58  59  69  13  34
   81  58  17  64  84  75  85  39  10  63  30  27  25  70   7  52  49  57
   33  22  43  92  25  21  34  46  71   4  45   9  15  15  34  23  88  56
   29  58  87  10  10  88  37  64  48]
 [  0  89  95  64  81  13  35  26  73  93  60   6  87  16  23  18  99  59
   64  29  96  93  22  24  95  99  81  53  12  17  19  26  55  78  48  48
   38  42  91  47  73  41  21  41  41  85  35  24   3  45  43  32  21  24
   71   7  36  42  24  26  23  20  34  88  85  32  17  83  22   4  84  11
   24  31  49  31  98  56  86  51  61]
 [  0  88  47   7  78  11  65   3  80  71  55  42  15  96  87  73   5  97
   93  83  60  29  76  56   8  48  30  96  72  84   7  51 100  28  86  21
   34  94  25  98  86  48  93  65  90  53  95  49  23  46  48  53  50  45
   22  12  10  79  49  76  40  29  14  84  24  72   5  59   7  46  51  74
   85  73 100  68  37  94  40   5   1]
 [  0  91  96  43  66  59  18  73  83  71   9  44  32  25  71   5  53  95
   32  76  62  48  65  42   5  20  57   3  71  73  65  17  66  38  12  12
   46  90  35  59   9  95  46  17  39  82  33  89  28  14  70  25   9  15
   42   1  54  48  15  96  44  57  94  96  64  87   6  49  82  79  21  29
   10  57  82  19  64  50  31  95  90]
 [  0  54  42  23  61  32  73  23  37  96  29  27  34  69  29  83  50  17
   25  52  15  74  33  85  77  49  17  62  18  44  34  61  90  74  83  16
   50 100  73  77  61  32  82  89  43  43  21  91  19  17  72  49  72 100
   19  83  42  43  39  46 100  38  92  25  70  51  23  73   7  86  97  25
    7  46  83  62  16  43  94  91  79]
 [  0  19 100  19  70  98  59  44  70   6   3  25  76  83  29   2  70  68
   82   9  92   2  65   3   2  39  91  19  76  49  50  24  82  69  67  19
   41   4  84  24  66  64  15   3   4  87  38  57  10  35   4  86  44  24
   76  52  55  39  86  27  75  73  45  26  28  95  78  94  65  19  51  95
   88  32  12  95  36  43  81  92  58]
 [  0  56  40   5  93  56  61  64   5  95  88  85  22  15  25  12  74  82
   69  58  55  89  80  22  61  30  83  15  46  63  53  85  27  87 100  80
   53  14  52  54  70  20  12  61   4  88  39  57  13  40  90  77  41   6
   77  91  40  68  54  95  97  46  86  85   9  98  77  25  85  30   7  64
    9  28  73  37  30  26   7  38  75]
 [  0  74  37  91  34  91  82  95  68  86  23  98  31  63  16  81  36  64
   68  78  93  70  35  51  55  74  35  76   6   4   3   2  68   7  26  56
   58  53  92  10  61  91  75  43  29  44  60  79   4  31  75  86  81  43
   29  12  11  56  66  95   7   3  98  36  19  90  97  28  95  36  34  40
   71  41  85  56  41  47  96  34  33]
 [  0  14  69  38  37  20  71  79  94  96  53  59  68  80  80   4  54  49
   37  48   5  16  94  39  20  85  95  45   6  21  57  96  43  42  58   6
   22   4  94  92  48   3  37  35  14  36  33  63  30  51   8  73  34  27
   86  69  81  68  29 100  84  73  29  94  62  18  26  76  84  96  14  61
   61  42  73  74  25  38  84  36  90]
 [  0  49  78  77 100  88  46  70  75  33  83  71  81  63  73   5  98  31
   14  37  65  57  38  76   9  71  96  33  52  68   2  35  35  51  20  35
   60  95  20  21  96  23   3  17  19  88  79  52  43  65  70  28  12  78
    5  74  21  38   2  80  75  40  21  55  76   1  25  77  96  61  19  21
    8  53  92  93  23  17  72  26  70]]
end
weight
[[ 0 48 59 72 78 47 38 48 87 70 90 22 93  8 62 79 28 17 63 22 61 12 62 86
  61 32 74  4  1 93 20  3  8 73 89 91 33 16  7 11 42 92 92 69 11 12 93 65
  60 18 71 99 42 68 45 57 94 32 80 24 23 57 15 80 93 10 68 62 67  6 22 38
  63 78 40 86 77  5 33 62 85]]
end
setup_times
[[[ 0 44 37 56 43 43 51 35 41]
  [ 0  0 43 41 50 42 44 48 37]
  [ 0 52  0 31 34 53 43 45 51]
  [ 0 41 34  0 43 54 57 34 57]
  [ 0 51 35 32  0 39 31 31 48]
  [ 0 51 48 35 30  0 49 34 39]
  [ 0 51 51 37 54 52  0 42 37]
  [ 0 59 40 53 36 53 45  0 37]
  [ 0 43 37 53 39 57 38 32  0]]

 [[ 0 56 54 55 44 49 49 35 43]
  [ 0  0 59 56 42 45 40 44 48]
  [ 0 53  0 58 39 38 31 55 35]
  [ 0 59 51  0 41 47 45 30 35]
  [ 0 40 59 44  0 46 39 47 48]
  [ 0 40 56 34 39  0 52 30 32]
  [ 0 53 42 52 33 54  0 40 33]
  [ 0 51 56 41 55 39 54  0 42]
  [ 0 42 58 48 41 49 46 57  0]]

 [[ 0 30 55 41 52 44 37 39 58]
  [ 0  0 59 38 40 50 52 55 31]
  [ 0 31  0 48 30 33 40 48 47]
  [ 0 33 38  0 51 32 44 45 43]
  [ 0 34 42 36  0 43 38 52 30]
  [ 0 48 37 56 30  0 49 55 57]
  [ 0 57 36 41 30 39  0 53 49]
  [ 0 52 58 42 41 45 37  0 44]
  [ 0 42 36 31 57 38 42 49  0]]

 [[ 0 58 52 57 35 30 33 57 46]
  [ 0  0 53 39 33 34 58 52 40]
  [ 0 39  0 44 33 45 31 52 54]
  [ 0 33 32  0 58 59 33 42 37]
  [ 0 30 32 56  0 50 47 49 47]
  [ 0 36 37 44 48  0 46 53 31]
  [ 0 40 47 58 41 49  0 35 41]
  [ 0 57 38 52 54 56 39  0 55]
  [ 0 52 43 47 41 40 47 39  0]]

 [[ 0 46 33 48 58 51 36 34 46]
  [ 0  0 38 39 34 44 51 55 48]
  [ 0 49  0 45 37 32 31 37 41]
  [ 0 58 44  0 46 31 41 30 53]
  [ 0 32 49 36  0 46 48 31 57]
  [ 0 30 31 56 58  0 43 49 41]
  [ 0 46 48 58 51 59  0 54 41]
  [ 0 39 57 37 38 54 51  0 42]
  [ 0 45 56 48 50 49 55 53  0]]

 [[ 0 45 49 42 48 35 47 58 53]
  [ 0  0 44 55 34 51 55 43 49]
  [ 0 47  0 34 46 36 55 50 56]
  [ 0 50 45  0 50 57 54 56 41]
  [ 0 31 36 38  0 45 50 52 54]
  [ 0 53 42 57 39  0 56 54 43]
  [ 0 36 34 35 56 32  0 42 45]
  [ 0 46 49 56 49 57 50  0 54]
  [ 0 54 58 33 52 40 52 47  0]]

 [[ 0 48 30 36 42 36 36 52 48]
  [ 0  0 49 50 52 49 55 37 32]
  [ 0 51  0 36 36 34 38 42 44]
  [ 0 34 53  0 40 50 51 38 33]
  [ 0 59 56 53  0 32 57 59 49]
  [ 0 51 51 58 53  0 48 33 58]
  [ 0 42 41 45 49 55  0 38 31]
  [ 0 33 37 42 33 52 49  0 49]
  [ 0 32 33 31 46 35 58 41  0]]

 [[ 0 44 49 57 40 38 45 38 37]
  [ 0  0 42 44 46 46 48 35 31]
  [ 0 43  0 31 31 36 50 43 56]
  [ 0 49 41  0 44 36 40 38 36]
  [ 0 58 49 59  0 51 30 36 33]
  [ 0 31 44 31 47  0 37 48 40]
  [ 0 30 32 30 48 59  0 47 55]
  [ 0 43 59 52 44 44 47  0 48]
  [ 0 58 57 37 53 34 37 30  0]]

 [[ 0 47 56 40 43 39 47 54 55]
  [ 0  0 43 45 42 34 49 33 51]
  [ 0 30  0 36 57 46 41 44 32]
  [ 0 52 52  0 36 32 51 56 35]
  [ 0 44 54 57  0 57 55 32 44]
  [ 0 37 53 46 31  0 55 48 36]
  [ 0 59 37 41 49 58  0 47 54]
  [ 0 49 45 51 54 43 34  0 39]
  [ 0 41 41 56 34 51 49 39  0]]

 [[ 0 36 37 47 43 43 42 56 36]
  [ 0  0 43 51 39 44 54 37 44]
  [ 0 59  0 46 54 39 30 36 57]
  [ 0 45 33  0 37 33 36 39 39]
  [ 0 57 54 50  0 34 35 48 48]
  [ 0 37 57 46 48  0 37 51 33]
  [ 0 38 44 49 47 34  0 33 47]
  [ 0 44 45 58 38 59 52  0 34]
  [ 0 42 38 44 55 34 52 48  0]]]
end
fixed_cost
[[2728 2699 2715 2686 2661 2728 2720 2733 2727 2718]]
end
unit_cost
[[68 51 69 51 37 35 69 49 39 55]]
end
job2fam
[[1 0 0 0 0 0 0 0 0 0 0 0 0 0 0 0 0 0 0 0 0 0 0 0 0 0 0 0 0 0 0 0 0 0 0 0
  0 0 0 0 0 0 0 0 0 0 0 0 0 0 0 0 0 0 0 0 0 0 0 0 0 0 0 0 0 0 0 0 0 0 0 0
  0 0 0 0 0 0 0 0 0]
 [0 0 0 0 0 1 0 0 0 0 0 0 1 0 0 1 0 0 1 0 0 0 0 0 0 0 0 0 0 0 0 0 1 0 1 0
  0 0 0 0 0 0 0 0 0 0 0 0 0 0 0 0 0 0 0 0 1 0 1 0 0 0 0 0 0 0 1 0 0 0 0 0
  0 0 0 0 0 0 0 0 0]
 [0 0 0 0 0 0 0 0 0 0 0 0 0 0 0 0 0 1 0 0 0 1 0 0 0 0 0 0 1 0 0 0 0 0 0 0
  0 0 0 0 0 0 0 0 0 0 1 0 0 0 0 0 1 0 0 0 0 0 0 0 0 0 0 1 1 0 0 0 0 0 0 0
  0 0 0 0 0 0 0 0 0]
 [0 0 0 0 0 0 0 0 1 1 0 0 0 0 0 0 0 0 0 0 0 0 0 0 0 1 0 0 0 0 0 0 0 0 0 1
  0 1 1 0 0 1 1 0 0 0 0 0 1 0 0 0 0 0 0 0 0 0 0 0 0 0 0 0 0 0 0 0 1 0 0 0
  0 1 0 1 0 0 0 0 0]
 [0 0 1 0 0 0 0 1 0 0 0 0 0 1 1 0 0 0 0 0 1 0 0 0 0 0 0 0 0 1 0 0 0 1 0 0
  1 0 0 0 0 0 0 0 0 0 0 0 0 0 0 0 0 0 0 1 0 0 0 0 0 0 0 0 0 0 0 1 0 1 0 1
  0 0 0 0 0 1 0 0 0]
 [0 0 0 0 1 0 0 0 0 0 0 0 0 0 0 0 0 0 0 1 0 0 0 0 1 0 0 0 0 0 1 0 0 0 0 0
  0 0 0 0 0 0 0 0 0 1 0 0 0 0 0 0 0 1 0 0 0 0 0 0 0 0 1 0 0 1 0 0 0 0 0 0
  0 0 1 0 0 0 0 0 0]
 [0 0 0 0 0 0 1 0 0 0 0 0 0 0 0 0 1 0 0 0 0 0 0 0 0 0 1 0 0 0 0 0 0 0 0 0
  0 0 0 1 1 0 0 1 0 0 0 0 0 0 0 0 0 0 0 0 0 1 0 0 1 0 0 0 0 0 0 0 0 0 1 0
  1 0 0 0 0 0 0 0 0]
 [0 1 0 0 0 0 0 0 0 0 1 1 0 0 0 0 0 0 0 0 0 0 1 1 0 0 0 1 0 0 0 1 0 0 0 0
  0 0 0 0 0 0 0 0 1 0 0 0 0 1 0 0 0 0 0 0 0 0 0 1 0 0 0 0 0 0 0 0 0 0 0 0
  0 0 0 0 0 0 1 1 0]
 [0 0 0 1 0 0 0 0 0 0 0 0 0 0 0 0 0 0 0 0 0 0 0 0 0 0 0 0 0 0 0 0 0 0 0 0
  0 0 0 0 0 0 0 0 0 0 0 1 0 0 1 1 0 0 1 0 0 0 0 0 0 1 0 0 0 0 0 0 0 0 0 0
  0 0 0 0 1 0 0 0 1]]
end
