mac
10
end
job
80
end
fam
8
end
proc_times
[[  0  85  77  31  66  25  57  35  86  33  16  73  22  41  46  34  47  15
   63  20  11  67  27  99  90   9  78  57  34  83  33  46  18  99  53  61
   54  70  63  54  21  82  54  13  63  58  16  83  32  96  69 100  54  29
   81  80  95  27  63  49  44  36  50  54  97   3  72  34  45  68  66   6
   35  73  35  20  48  17  82  73  29]
 [  0  99  77  55  88  71  18  58  82  60  54  72   7  14  55  57  84  41
   87   5  72  61   8  28  39   3  38  98  88  46  99  10  28  85  86  11
   72  77  45  69  16  82  42   5  72  61  83  85  88  44   9  32  28  66
   80   3  66  68  32  87  42  89  56  67  89  81  56  61  85  59  38  49
   32  65  94  90  19  79  16  24  41]
 [  0  65  77  38   9   1  39  73  88  93  95  82  40  10  82  34  38  87
   11  92  85  22  16  47   7  55  56   3  49  81  70  89   2  29   9  77
    7  73   8  54  96  85  67  15   6   1   3  11  26  89  81   7  41  72
   55  62  82  96  66  84  49  90  63   1  95  10  79  86  21  96  42  99
   68  59  83  19  23  99   3  20  48]
 [  0  88  49  30   1  75  58  17   3  81  12  78   6  21  99  23  82  40
   38  33  67   6  65  50  82  74  69  84  38  76  72  16  15  91  98  10
   31   6  44  53  97  90  92  24  78  94  18  84   3  10  70  66  23  77
   94  26  25  42  31  61  99  57  85  75  24  32  64  93  31  83  16  19
   92  68  49  42  34  40  45  78  45]
 [  0  76  27  32  86   8  30  68  63  67  32  11  26  11   7  27  99  24
   60  84   6  28  49  27  34  47  45  82  95  92   3  36  68   2  48  53
   31  33  17  77  76  97  20  64  18  53  53  40  66  99  70   9  76  58
    3  59  24  45  31  30  81  57  37  62  82  76  84  78  76  61  74  66
   81  40  42  93  13  83  90  71  86]
 [  0   7  73  88  19  68  41  25  70  63  45   1  67  28  78  48  63  47
   70  69  60  19  14  83  38   5  90  45  70  85  41  18  47  36  11  23
   36  82  91  68  29  97  52  87  66  56  51  44  21  24  14  13  60  97
   71  11  16  92  11  92  96  34  46  44   5  81  72  47  47  51  32  68
   39  61  58  60  39   5  70  77  32]
 [  0  79  46  40   4  47  82  33   1   8  62  44   1  46  46  81  38  54
   13   5  75  73   1  50  37  14  94  15  48  22  60   7   8  73  28  79
   72  23  14  78  55  46  82  16  86  52  22  68  61  24  80  22  34   7
    4  87   3  75  67  75  79  94  78   2  40  81  80  12  71  38  46  44
   34  51  77  92  50   9  88  52  90]
 [  0  94   2  56  66  27  12  99  98  23  10  98  27   1  50  48  74  85
   98   5  50  45  25  85  82   5   7  50  71  11  89  44  64   1   3  60
    1  67  30   2  34  89  78  10  22  37  21  49  39  21  91  67  60  66
   12  86   1  83  86  55  21  14  67  90  81  20  22   4  14  27  61  94
   29  64  11  19   2  10  12  42   7]
 [  0   9  46  55  53  31  57  19  55  50  61  17  49  13  31  18  49  42
   83   6  14  91  38  80  36  32  28  26  43  72  19  70  43  54  58  26
   24   4  19  88  52  24  71  41   8  24   3  76  30  20  68  97  79   7
   76  28  81  83  12  25  82  34  69  11  80  33  73   9  33  26  78  79
   99  17  30  40  29  75  19  55  41]
 [  0  94  35  89  14  38  88  71  49  44  17  59  99  47  90   7  83  34
   63  45  51  38   4  73  58  45  69  52  76  17  92  91  91  55  58  40
   29  55  23  20   5  64  69  35  88  22  60  22  89  24  36  50  16  31
   33  96   8  79  11  65  35  52  24  77  75  46  86  95  20  87  25  75
   96  96  74  40  17  82  59  81  42]]
end
weight
[[ 0 52 38 33 44 72 78 19 99 75 93  9 11 60 97 61 31 33  5  3 23 99 63 13
  27 90 45 87 17 19  7 42 75 21 59  9 34 19 47 58 17 57  7 72 35 22 90 11
  28 97 48  8 91 41 32  4 10 16 60 15 50 73 37 94 24 35 50 49 87 59 63 84
  55  7 91 40 99 57 73 30 90]]
end
setup_times
[[[ 0 56 56 51 31 39 53 36 55]
  [ 0  0 56 58 37 37 48 35 44]
  [ 0 52  0 49 41 48 43 54 54]
  [ 0 35 40  0 40 49 34 34 42]
  [ 0 47 32 33  0 38 36 45 42]
  [ 0 39 31 38 58  0 58 32 47]
  [ 0 35 59 33 30 47  0 51 31]
  [ 0 47 50 39 48 31 57  0 43]
  [ 0 38 42 33 39 49 33 46  0]]

 [[ 0 36 48 41 35 39 38 38 38]
  [ 0  0 39 48 43 59 48 34 52]
  [ 0 57  0 32 34 35 54 48 56]
  [ 0 59 30  0 40 38 37 30 40]
  [ 0 46 49 55  0 43 53 56 35]
  [ 0 43 54 34 31  0 54 39 45]
  [ 0 51 31 50 45 59  0 42 48]
  [ 0 39 36 38 39 41 42  0 56]
  [ 0 43 44 37 33 38 43 57  0]]

 [[ 0 43 51 32 39 43 40 36 50]
  [ 0  0 50 55 49 56 46 59 30]
  [ 0 38  0 41 36 39 30 39 58]
  [ 0 57 47  0 31 31 50 58 59]
  [ 0 41 46 38  0 52 50 38 46]
  [ 0 30 44 44 37  0 52 49 44]
  [ 0 42 49 48 41 50  0 40 51]
  [ 0 37 45 35 44 46 35  0 50]
  [ 0 42 45 37 45 53 59 36  0]]

 [[ 0 33 46 58 31 59 34 55 54]
  [ 0  0 49 57 46 58 46 55 53]
  [ 0 50  0 45 57 56 50 36 51]
  [ 0 52 46  0 32 57 37 37 32]
  [ 0 58 34 51  0 36 50 51 56]
  [ 0 31 31 42 54  0 34 58 40]
  [ 0 46 40 54 42 37  0 35 38]
  [ 0 44 40 52 44 47 49  0 49]
  [ 0 46 34 40 56 43 56 50  0]]

 [[ 0 46 33 58 37 53 59 38 32]
  [ 0  0 56 56 50 45 47 46 57]
  [ 0 58  0 54 47 36 38 37 30]
  [ 0 34 40  0 51 49 39 36 59]
  [ 0 59 35 33  0 51 57 30 44]
  [ 0 32 51 54 30  0 46 31 54]
  [ 0 35 46 41 52 36  0 32 54]
  [ 0 49 37 50 58 39 52  0 49]
  [ 0 48 59 36 45 41 31 55  0]]

 [[ 0 48 54 54 53 48 32 49 37]
  [ 0  0 35 55 44 36 45 53 49]
  [ 0 54  0 45 43 30 47 32 34]
  [ 0 44 56  0 46 55 56 35 57]
  [ 0 47 55 37  0 58 40 33 49]
  [ 0 59 44 58 39  0 57 34 48]
  [ 0 33 57 55 58 51  0 54 40]
  [ 0 32 40 48 33 51 52  0 38]
  [ 0 39 31 32 54 51 32 51  0]]

 [[ 0 38 42 34 44 41 45 52 52]
  [ 0  0 46 42 57 35 58 55 30]
  [ 0 30  0 38 31 50 51 37 43]
  [ 0 42 47  0 49 43 59 59 57]
  [ 0 51 39 55  0 49 30 55 33]
  [ 0 45 42 58 52  0 56 32 52]
  [ 0 44 45 40 55 59  0 50 56]
  [ 0 32 45 44 59 34 52  0 30]
  [ 0 40 34 49 36 31 52 52  0]]

 [[ 0 56 40 41 48 32 46 50 50]
  [ 0  0 54 58 50 53 38 58 32]
  [ 0 31  0 38 44 30 58 46 32]
  [ 0 58 40  0 57 56 58 38 35]
  [ 0 43 30 46  0 57 47 40 51]
  [ 0 37 37 48 47  0 40 52 45]
  [ 0 50 55 54 30 46  0 38 42]
  [ 0 37 44 41 52 55 56  0 38]
  [ 0 35 46 32 56 48 38 34  0]]

 [[ 0 57 38 55 51 47 50 37 31]
  [ 0  0 35 54 43 48 39 54 46]
  [ 0 40  0 55 35 32 30 47 57]
  [ 0 37 58  0 50 55 45 37 58]
  [ 0 30 58 41  0 54 41 35 43]
  [ 0 42 51 38 38  0 41 48 42]
  [ 0 31 37 36 39 45  0 35 41]
  [ 0 54 55 59 48 37 52  0 45]
  [ 0 48 37 31 37 41 55 55  0]]

 [[ 0 36 59 39 55 39 39 52 44]
  [ 0  0 39 54 51 38 49 55 52]
  [ 0 56  0 57 50 48 53 34 31]
  [ 0 44 31  0 47 44 33 43 58]
  [ 0 44 32 49  0 53 31 38 54]
  [ 0 58 37 53 37  0 48 56 37]
  [ 0 52 37 40 51 35  0 49 44]
  [ 0 35 42 33 53 58 41  0 58]
  [ 0 52 50 37 46 30 42 32  0]]]
end
fixed_cost
[[2242 2178 2248 2258 2215 2251 2213 2232 2260 2178]]
end
unit_cost
[[61 35 42 31 49 63 36 31 46 47]]
end
job2fam
[[1 0 0 0 0 0 0 0 0 0 0 0 0 0 0 0 0 0 0 0 0 0 0 0 0 0 0 0 0 0 0 0 0 0 0 0
  0 0 0 0 0 0 0 0 0 0 0 0 0 0 0 0 0 0 0 0 0 0 0 0 0 0 0 0 0 0 0 0 0 0 0 0
  0 0 0 0 0 0 0 0 0]
 [0 0 0 0 0 1 0 0 0 0 0 0 1 0 0 1 0 0 1 0 0 0 0 0 0 0 0 0 0 0 0 0 1 0 1 0
  0 0 0 0 0 0 0 0 0 0 0 0 0 0 0 0 0 0 0 0 1 0 1 0 0 0 0 0 0 0 1 0 0 0 0 0
  0 0 0 0 0 0 0 0 0]
 [0 0 0 0 0 0 0 0 0 0 0 0 0 0 0 0 0 1 0 0 0 1 0 0 0 0 0 0 1 0 0 0 0 0 0 0
  0 0 0 0 0 0 0 0 0 0 1 0 0 0 0 0 1 0 0 0 0 0 0 0 0 0 0 1 1 0 0 0 0 0 0 0
  0 0 0 0 0 0 0 0 0]
 [0 0 0 0 0 0 0 0 1 1 0 0 0 0 0 0 0 0 0 0 0 0 0 0 0 1 0 0 0 0 0 0 0 0 0 1
  0 1 1 0 0 1 1 0 0 0 0 0 1 0 0 0 0 0 0 0 0 0 0 0 0 0 0 0 0 0 0 0 1 0 0 0
  0 1 0 1 0 0 0 0 0]
 [0 0 1 0 0 0 0 1 0 0 0 0 0 1 1 0 0 0 0 0 1 0 0 0 0 0 0 0 0 1 0 0 0 1 0 0
  1 0 0 0 0 0 0 0 0 0 0 0 0 0 0 0 0 0 0 1 0 0 0 0 0 0 0 0 0 0 0 1 0 1 0 1
  0 0 0 0 0 1 0 0 0]
 [0 0 0 0 1 0 0 0 0 0 0 0 0 0 0 0 0 0 0 1 0 0 0 0 1 0 0 0 0 0 1 0 0 0 0 0
  0 0 0 0 0 0 0 0 0 1 0 0 0 0 0 0 0 1 0 0 0 0 0 0 0 0 1 0 0 1 0 0 0 0 0 0
  0 0 1 0 0 0 0 0 0]
 [0 0 0 0 0 0 1 0 0 0 0 0 0 0 0 0 1 0 0 0 0 0 0 0 0 0 1 0 0 0 0 0 0 0 0 0
  0 0 0 1 1 0 0 1 0 0 0 0 0 0 0 0 0 0 0 0 0 1 0 0 1 0 0 0 0 0 0 0 0 0 1 0
  1 0 0 0 0 0 0 0 0]
 [0 1 0 0 0 0 0 0 0 0 1 1 0 0 0 0 0 0 0 0 0 0 1 1 0 0 0 1 0 0 0 1 0 0 0 0
  0 0 0 0 0 0 0 0 1 0 0 0 0 1 0 0 0 0 0 0 0 0 0 1 0 0 0 0 0 0 0 0 0 0 0 0
  0 0 0 0 0 0 1 1 0]
 [0 0 0 1 0 0 0 0 0 0 0 0 0 0 0 0 0 0 0 0 0 0 0 0 0 0 0 0 0 0 0 0 0 0 0 0
  0 0 0 0 0 0 0 0 0 0 0 1 0 0 1 1 0 0 1 0 0 0 0 0 0 1 0 0 0 0 0 0 0 0 0 0
  0 0 0 0 1 0 0 0 1]]
end
