mac
10
end
job
80
end
fam
12
end
proc_times
[[  0  69  27  62  50  37  22  16  63  86  33  36 100  58  51  23  13  96
   90  43  53  97  42  78  14   1  30  32  99  18  28   8   8  41  69  77
   45  72  66  48  93  10   4  63  13  34  83   4  89  21  94   3   9  16
   80  40  79  75  60  26  10  80  77  13  61  65  42  95  31  27  40   6
  100   4  58  47  40  95 100  60  35]
 [  0   6  25  55  47  66  71   2  13  26  83  63  28  43  83  73  43  79
   11  36   6  11   5   4  74   3  51  10  20  33  75  81  63   5  28  80
   28   5  40  83  73  16  30  16  10   9  48  50  32  80  47  56   3  38
   27  63  56  34  42  91   5  55  36  53  27  10  60  94  21  55  82   3
   74  22  11  46  35   1  68  35  47]
 [  0  62  10  76  85  11  12  98  69  26  68  54  94  99  49  90  75  58
   11  48  38  32  79   2  39  60  24  31  48  54   2  64  62   3  22  42
   19  51  86  78  96  51  25  31   1  18  76  13  45  29  32   6  19  77
    3  99  61  59  50  24  70  41  88   8  36  55  99   1  23  58  97  51
    2  39  61  90   6  96  77  95  93]
 [  0  29  73  54   1  75  49  67  74  62  56  47  76  43  65  73  93  47
    8  42  43   9  88  60  22  65  53  95  52  85  76  32   3  31  99   8
   44  82  99   2  87  33  80  50  74  67  15  12  10  62  81  39  50  97
   47  70   9  43  12   2  13  14  95  64  60  20  18  50  67  72  27  53
   49  72  19   7  49  87  80  54  29]
 [  0  15  93  73  50  46  37  36  21  99  42  64  48  46  91  46  25  93
   21  79  97  49  45  26  62  74  67  24  27  53  46  92  70  57 100  45
    2  27  97  20  33  51  61  81  26  30  89  87  96  25  98  98  97  64
   97  58   7  63  70  67   6  22  21  75  90   2  17  54  56  42  37  67
   53  10  41  61   6  86  78  33  14]
 [  0  46  27  64  76  25   4  25  75   9  27  50  76  18  25   4  22   2
   27  18  57  61  28   3  63  73  40  26  39  20   9  97  83  13  33   6
   84  70  62  83  67   6  40  90  91  97   4  30  13  47  21  86  25  13
   68  38  44  16  39  66  74   7  70  65  41  48  87  94  80  57  80  86
   71   3  98  12  20  69  79  45  36]
 [  0  20  24  85  93  94  17  38  14  52   6  47  72  65  12  87  49  40
   84  49  49  53  82  40  16  98  43   4  31  87   3  71  78  47  34  75
   65  19  36  62  83  57  15  26   1  13  36  33  66  57  61  55  46   2
   79  24  54  17  46  42  62   9   3  29  17  21  43  22  87  67  10  45
   63  64  47  26  32  54  60  30  65]
 [  0   2  14   7  68  78  56  62  42  14   7  23  58  23  62  27  88  51
   40  89  43  63  53  16  21  79   9  37   8  17  47  43  42  94  59  91
   37  57  87  46  67  91 100  30  42  16  81  58  87  32  37  38   3  60
   41  45  27  64  46  16   2  11  54  11  81  57  21  92   2  38   2  56
   98  55   8  90  52  98  88  28  35]
 [  0  61  33 100  88  91   4  86  10  32  75  88  82  46  69  26  21  32
   29  89 100  42  70  85  94  98  62  95  66  97  82  20  97  50  61  85
   51  90  55  55  41  61  17  74  47  56  89  92  86  42   8  80  30 100
   17  61  79  40  96   9  74  20   9  36  44  22  62   6  15  41  74  81
   18   3  49  56  11  70  15  57  67]
 [  0  55  26  72  61  67  53  16  87   1  99  76  31  40  52  39  62  26
    4  82  49  78  68  64  14  37   7  93  81  64  63  60  64  89  77  85
   94  44  34   1  48  79  17  22  63  94  69  14  21  26  45  61  18  48
   50  55  89   6  93  13  51  92  45  41   8  73  54  32  71  81  33  50
   28  30  79   5  94  29  86  71  91]]
end
weight
[[ 0 28 29 14 81 63 27 55 30 20 12 66 23 83 12 98 52 38 97 22 55 39  3 96
  10 84 91 67 87  8 66 72 93 53 33 10 83 34 45 79 37 64 20 87  5  8 19 47
  72 23 18 83 10 68 21 84 12 91  1 23 65 23 20  7 98 69 15 14 42 51 81 10
  66 86 77 10 18 26 75  8 66]]
end
setup_times
[[[ 0 59 33 44 39 39 34 50 47 44 49 52 59]
  [ 0  0 58 58 41 49 48 44 54 42 52 58 33]
  [ 0 43  0 50 55 48 50 30 37 37 44 46 32]
  [ 0 48 50  0 41 59 31 45 54 58 30 39 42]
  [ 0 58 31 30  0 32 55 57 30 31 53 59 34]
  [ 0 49 50 44 32  0 55 30 34 44 35 33 57]
  [ 0 58 34 43 39 40  0 43 44 56 39 41 53]
  [ 0 59 39 55 38 46 59  0 44 55 49 44 53]
  [ 0 55 37 59 39 39 48 50  0 53 34 50 51]
  [ 0 48 56 52 36 35 44 48 55  0 50 44 49]
  [ 0 58 45 51 58 30 36 41 58 52  0 43 56]
  [ 0 43 31 33 33 55 30 51 49 53 47  0 39]
  [ 0 32 34 41 49 39 54 52 45 30 31 30  0]]

 [[ 0 34 52 34 58 38 54 48 30 39 33 31 54]
  [ 0  0 48 44 49 49 39 32 34 59 39 34 52]
  [ 0 31  0 48 30 58 49 31 53 44 50 46 49]
  [ 0 47 42  0 32 32 42 42 30 34 30 33 46]
  [ 0 37 41 39  0 35 58 44 50 49 40 56 37]
  [ 0 55 48 42 36  0 46 59 43 37 54 46 50]
  [ 0 34 36 37 40 47  0 33 53 30 54 48 33]
  [ 0 35 47 41 58 48 41  0 33 51 36 40 53]
  [ 0 38 31 49 41 36 30 40  0 58 59 47 45]
  [ 0 37 57 30 35 34 56 50 32  0 56 32 56]
  [ 0 44 32 57 51 57 35 30 47 46  0 55 31]
  [ 0 36 56 37 41 50 35 53 36 30 31  0 35]
  [ 0 36 45 44 37 37 53 41 48 45 44 42  0]]

 [[ 0 53 56 55 50 49 42 36 32 39 59 32 54]
  [ 0  0 56 47 54 48 30 31 35 57 41 41 34]
  [ 0 58  0 33 54 46 50 42 43 42 58 39 36]
  [ 0 36 44  0 43 55 45 58 49 47 47 55 49]
  [ 0 43 35 42  0 33 45 55 38 46 44 50 36]
  [ 0 50 55 36 39  0 32 30 41 40 38 49 59]
  [ 0 46 47 59 46 57  0 48 38 54 38 46 44]
  [ 0 58 54 55 33 53 32  0 55 33 44 58 49]
  [ 0 59 46 59 31 43 54 51  0 49 53 51 42]
  [ 0 40 54 54 59 54 58 36 49  0 41 58 38]
  [ 0 40 34 35 33 40 37 54 38 49  0 42 31]
  [ 0 34 47 51 49 41 41 38 35 48 59  0 57]
  [ 0 49 59 42 31 34 40 48 53 37 36 54  0]]

 [[ 0 41 32 35 38 57 46 56 52 49 51 51 44]
  [ 0  0 48 54 47 37 44 52 35 34 42 55 44]
  [ 0 53  0 48 42 35 42 40 30 58 39 32 47]
  [ 0 55 53  0 59 40 55 50 31 42 39 53 41]
  [ 0 39 32 39  0 53 50 54 34 48 50 40 39]
  [ 0 53 41 46 58  0 39 35 59 47 38 52 44]
  [ 0 40 57 42 35 37  0 43 46 58 49 42 52]
  [ 0 36 47 47 35 56 34  0 37 34 30 32 50]
  [ 0 39 43 51 40 52 37 38  0 42 49 48 46]
  [ 0 35 37 33 32 47 43 38 33  0 49 51 38]
  [ 0 58 57 54 49 38 49 57 34 59  0 49 47]
  [ 0 47 31 49 52 39 31 43 39 47 30  0 38]
  [ 0 38 58 31 45 38 44 48 34 56 44 36  0]]

 [[ 0 38 56 36 57 57 58 38 49 40 30 41 54]
  [ 0  0 36 55 31 42 56 57 53 51 47 33 57]
  [ 0 45  0 34 33 30 44 48 50 48 51 58 39]
  [ 0 50 57  0 40 34 50 34 47 43 38 42 32]
  [ 0 46 44 43  0 44 41 33 36 30 54 32 50]
  [ 0 43 55 30 33  0 44 50 47 54 57 46 43]
  [ 0 38 53 51 47 55  0 43 34 35 43 30 54]
  [ 0 42 37 34 55 53 46  0 50 33 58 40 34]
  [ 0 43 54 48 59 53 50 46  0 52 51 56 53]
  [ 0 32 55 47 32 35 48 46 33  0 46 34 34]
  [ 0 52 46 35 58 40 36 51 53 52  0 46 48]
  [ 0 37 51 46 53 51 54 51 55 41 52  0 36]
  [ 0 31 50 43 30 52 42 56 40 45 47 49  0]]

 [[ 0 34 43 42 48 32 50 41 57 34 46 47 38]
  [ 0  0 57 48 41 48 46 49 58 50 56 39 41]
  [ 0 48  0 32 43 45 38 51 54 30 31 49 59]
  [ 0 56 33  0 40 42 38 32 45 37 54 50 53]
  [ 0 52 42 35  0 47 47 45 52 43 59 55 45]
  [ 0 36 35 48 53  0 40 43 35 42 55 46 30]
  [ 0 40 51 51 50 30  0 50 43 52 40 30 53]
  [ 0 59 37 32 40 59 52  0 54 42 31 36 38]
  [ 0 46 45 35 49 33 54 54  0 40 45 38 31]
  [ 0 47 40 57 35 54 40 42 32  0 56 53 52]
  [ 0 31 53 31 43 38 43 41 35 47  0 52 51]
  [ 0 40 56 57 46 44 59 40 37 48 38  0 34]
  [ 0 52 44 42 37 34 58 34 51 35 56 55  0]]

 [[ 0 42 57 35 55 35 45 36 52 38 48 33 59]
  [ 0  0 30 42 47 51 56 34 34 54 57 57 56]
  [ 0 37  0 47 41 33 55 57 47 57 54 56 42]
  [ 0 57 30  0 30 48 41 59 43 34 35 38 34]
  [ 0 44 30 39  0 31 50 45 51 53 47 39 42]
  [ 0 46 43 51 55  0 42 32 56 35 32 45 58]
  [ 0 33 38 37 53 34  0 58 49 31 33 46 45]
  [ 0 35 53 55 59 48 45  0 41 51 36 33 42]
  [ 0 38 30 54 56 46 39 38  0 56 59 45 44]
  [ 0 41 36 37 48 42 36 43 46  0 53 44 56]
  [ 0 58 53 31 39 41 36 38 42 40  0 32 30]
  [ 0 45 58 58 31 56 56 36 58 49 46  0 36]
  [ 0 53 46 53 31 47 33 41 33 37 40 50  0]]

 [[ 0 41 59 50 56 40 35 41 34 56 50 51 52]
  [ 0  0 51 49 56 36 58 53 45 57 54 34 44]
  [ 0 30  0 52 41 49 36 49 51 41 41 48 49]
  [ 0 44 54  0 31 46 59 54 46 56 31 33 52]
  [ 0 47 33 56  0 53 41 48 51 51 38 59 39]
  [ 0 54 46 53 45  0 55 53 50 30 34 47 56]
  [ 0 51 53 47 45 47  0 55 39 55 46 57 35]
  [ 0 48 56 34 58 43 36  0 31 36 39 55 45]
  [ 0 45 52 59 58 37 46 43  0 54 34 34 43]
  [ 0 59 49 33 57 33 49 40 47  0 54 31 57]
  [ 0 36 41 37 51 50 41 46 54 46  0 35 30]
  [ 0 30 30 34 48 43 49 44 43 36 51  0 48]
  [ 0 50 59 42 49 39 38 41 32 41 39 51  0]]

 [[ 0 40 41 50 41 57 53 49 57 33 30 57 38]
  [ 0  0 41 58 38 54 37 39 40 48 42 58 31]
  [ 0 33  0 38 35 43 46 32 45 53 37 46 44]
  [ 0 36 48  0 41 46 37 59 38 52 55 57 53]
  [ 0 38 37 39  0 32 49 46 36 37 41 34 55]
  [ 0 41 55 52 31  0 49 43 39 35 41 32 41]
  [ 0 32 51 40 47 47  0 41 45 50 44 33 59]
  [ 0 46 57 37 35 54 32  0 47 42 46 56 58]
  [ 0 47 45 35 59 39 33 53  0 37 52 49 38]
  [ 0 48 51 50 59 34 31 58 48  0 33 52 57]
  [ 0 35 31 36 43 33 42 55 46 58  0 30 36]
  [ 0 38 38 50 50 59 54 46 50 57 39  0 38]
  [ 0 52 36 46 32 31 51 48 43 31 46 30  0]]

 [[ 0 32 36 52 56 39 49 40 56 59 52 30 57]
  [ 0  0 53 41 58 59 53 32 57 39 32 59 32]
  [ 0 42  0 31 57 31 57 33 46 44 56 53 57]
  [ 0 36 36  0 33 54 34 48 49 30 35 36 44]
  [ 0 49 43 55  0 30 58 40 32 45 41 45 58]
  [ 0 43 39 40 46  0 32 34 53 44 35 43 56]
  [ 0 39 43 56 30 43  0 54 33 55 42 31 57]
  [ 0 35 34 45 44 38 46  0 54 49 59 59 40]
  [ 0 52 36 47 42 54 35 45  0 56 53 52 50]
  [ 0 35 39 40 57 50 59 43 36  0 47 55 58]
  [ 0 47 33 34 59 42 39 54 46 59  0 37 49]
  [ 0 31 30 42 55 37 37 51 32 54 46  0 40]
  [ 0 40 36 57 36 52 46 57 43 41 40 53  0]]]
end
fixed_cost
[[2243 2263 2233 2249 2207 2215 2215 2252 2246 2268]]
end
unit_cost
[[60 65 48 40 34 47 51 52 37 29]]
end
job2fam
[[1 0 0 0 0 0 0 0 0 0 0 0 0 0 0 0 0 0 0 0 0 0 0 0 0 0 0 0 0 0 0 0 0 0 0 0
  0 0 0 0 0 0 0 0 0 0 0 0 0 0 0 0 0 0 0 0 0 0 0 0 0 0 0 0 0 0 0 0 0 0 0 0
  0 0 0 0 0 0 0 0 0]
 [0 0 1 0 0 0 0 0 0 0 0 0 0 0 1 0 0 0 1 0 0 0 0 1 0 0 0 0 0 0 0 0 0 0 1 0
  0 0 0 0 0 0 0 0 0 0 0 0 0 0 0 0 0 0 0 0 0 0 0 0 0 0 0 0 0 0 0 0 0 0 0 0
  1 0 0 0 0 0 0 0 0]
 [0 0 0 0 1 0 0 0 0 0 0 0 0 0 0 0 0 0 0 0 0 0 0 0 0 0 0 0 0 0 1 1 0 0 0 0
  0 0 0 0 0 0 0 0 0 1 0 0 0 0 0 0 1 0 0 0 0 0 0 0 0 0 0 0 0 0 0 0 0 0 0 0
  0 1 0 0 0 0 0 0 0]
 [0 0 0 0 0 0 0 0 1 0 0 0 0 0 0 0 0 0 0 0 0 1 0 0 0 0 0 0 0 0 0 0 0 0 0 0
  0 0 0 0 0 1 0 0 0 0 0 0 0 0 0 0 0 0 0 0 0 0 0 0 0 0 0 0 0 0 0 0 0 0 0 0
  0 0 0 0 0 0 0 0 0]
 [0 0 0 0 0 0 0 0 0 0 0 0 0 1 0 0 0 0 0 0 0 0 0 0 0 0 0 0 0 1 0 0 0 1 0 0
  0 0 0 0 0 0 0 0 0 0 0 0 0 0 0 0 0 0 0 0 0 0 0 0 0 0 0 0 0 0 0 0 0 0 0 1
  0 0 0 0 1 0 0 1 0]
 [0 0 0 0 0 0 0 0 0 1 0 0 0 0 0 0 0 0 0 0 0 0 0 0 1 0 0 0 0 0 0 0 0 0 0 0
  0 0 0 0 1 0 0 0 0 0 0 0 0 0 0 0 0 0 0 0 0 0 1 0 0 0 1 0 0 0 1 0 0 0 0 0
  0 0 0 0 0 0 0 0 1]
 [0 0 0 0 0 0 0 0 0 0 0 1 0 0 0 0 0 0 0 0 0 0 0 0 0 0 1 0 0 0 0 0 0 0 0 0
  1 1 0 1 0 0 0 0 0 0 1 0 0 0 1 0 0 1 1 0 0 0 0 0 0 0 0 0 0 1 0 1 0 0 0 0
  0 0 0 1 0 0 0 0 0]
 [0 1 0 0 0 1 0 0 0 0 0 0 0 0 0 0 0 1 0 0 0 0 0 0 0 0 0 0 0 0 0 0 0 0 0 1
  0 0 0 0 0 0 0 0 0 0 0 1 1 0 0 0 0 0 0 0 0 0 0 0 1 0 0 0 0 0 0 0 0 0 0 0
  0 0 0 0 0 0 0 0 0]
 [0 0 0 0 0 0 0 0 0 0 1 0 0 0 0 0 0 0 0 0 0 0 0 0 0 0 0 0 0 0 0 0 0 0 0 0
  0 0 0 0 0 0 0 0 0 0 0 0 0 0 0 1 0 0 0 0 0 0 0 0 0 1 0 0 0 0 0 0 1 0 0 0
  0 0 0 0 0 1 0 0 0]
 [0 0 0 0 0 0 0 0 0 0 0 0 1 0 0 0 0 0 0 0 0 0 1 0 0 0 0 0 0 0 0 0 1 0 0 0
  0 0 0 0 0 0 0 0 1 0 0 0 0 1 0 0 0 0 0 0 1 0 0 1 0 0 0 0 0 0 0 0 0 0 0 0
  0 0 0 0 0 0 0 0 0]
 [0 0 0 1 0 0 0 0 0 0 0 0 0 0 0 0 1 0 0 0 1 0 0 0 0 0 0 1 1 0 0 0 0 0 0 0
  0 0 1 0 0 0 1 0 0 0 0 0 0 0 0 0 0 0 0 1 0 0 0 0 0 0 0 0 0 0 0 0 0 1 0 0
  0 0 0 0 0 0 1 0 0]
 [0 0 0 0 0 0 0 0 0 0 0 0 0 0 0 0 0 0 0 1 0 0 0 0 0 0 0 0 0 0 0 0 0 0 0 0
  0 0 0 0 0 0 0 0 0 0 0 0 0 0 0 0 0 0 0 0 0 1 0 0 0 0 0 1 1 0 0 0 0 0 0 0
  0 0 0 0 0 0 0 0 0]
 [0 0 0 0 0 0 1 1 0 0 0 0 0 0 0 1 0 0 0 0 0 0 0 0 0 1 0 0 0 0 0 0 0 0 0 0
  0 0 0 0 0 0 0 1 0 0 0 0 0 0 0 0 0 0 0 0 0 0 0 0 0 0 0 0 0 0 0 0 0 0 1 0
  0 0 1 0 0 0 0 0 0]]
end
