mac
10
end
job
80
end
fam
12
end
proc_times
[[  0  83  26  95  76  45  16  65  61  69  60  39  52  18  81  94  71   8
   30  70  12  90  77  14  43   7  82  56  48  83  72  80  72  51  16  81
   43  82  37 100  61  66  59  97   9  28  79  89  33  54  45  95  74  37
   40  89  47  28   1  64  29  16  76  80  42  40  79  73  79  36   9  93
   99  73  60  44   9 100  90  64  97]
 [  0  94  47  34  28  47  23  35  88  30  49  27  80  63  26  46   7  80
   38  36  98  69  69  60   6  89  93  56  37  67   8  17   7  20  73  80
   33  98  11   6  82  53  99  76  35  36  12  51  12  44  56  76  62  31
   10  37  62  26  60  93  22  30   7  83  77  62  82  75  33  76  71  16
   64  72  17  44  45  70  40  23  26]
 [  0  93  88  19  65  31  91  13  33   3   3  19  75  80  46  53  45  15
   58  61  45  52  13  90  93  57  12  91   9  39  36  59  87  35   7  67
   42  19  60  99  15  15  59  82  69 100  30  68  86  72   9  27   7  21
   91  61  92  39  42   4  42  15  65  63  99  69  39  34  67  37  37  14
   83  46  11  36  97  41  56  26  57]
 [  0  83  17  54  39  79  30   5  78   4  46   5  68  97  48  69  64  15
   83  77  13  61  60  82   6  67  17  12  46  27  89  45  29 100   4  79
   75  98  97  88  47  72  67  67  58  94  17  48  59  13  35  41  16  61
   48  37  77  63  38  46  61  26  61  97  89  76  77  49  21  23  55  72
   63   5  20  18  94  12  13  29  13]
 [  0  57  39  59   1  60  52  89  65  98  62  79  97  75  10  74  44  96
   34  51  34  90  83  76   2  80  37  92  83  29  93  28  16  66  64 100
    7  28  59   9  85  46  35  12  10  32  12  76  99  92  80  54   1  85
   49  59   3   9  11  15  83  48  46  35  18  53   5  83  79  20  25  71
   69  85  60  16  16  82  27  35  39]
 [  0  93  67  21  77  42  16  77  54  32  55  88  69  24  29  11  69  13
   72   2  32  10  49  92  61  17  30  11   7  31  76  18  19   6  54  51
   93  87  70  87  40  24  63  60  29  89  91  30  62  93   5   5  40  71
   61   3  65  94  91  97   9  65  74  98  49 100  84  47  52  76  91   1
   53  96  75  96  20  68  49  76   5]
 [  0  23  78  53  83   5  89  51  43   1  90  22  39  63  86   8   4  28
   38  54  12  25  16  31  30  34  80  47  34  95  69  12  54  61  37  44
   16  69  35  75  47  99  52  79  63  46  91  38  74  82  14  11  18  23
   83  81  82  73  13  88  24  72  48  16  33  81  70  35  74  11  51  18
   28  40  22  15  72  49  24  65   4]
 [  0  41  12   8  79  69  53  36  32  20  30  58  80  57  43  37  42  66
   41   2  23  13  60  93  38  14  11  97  79  47  29  71  94  29  15  32
   15  29  41  28  41  33  65  56  36  41  90  40  86  20  44  44  57  78
   87  82  80  56  76  18   8  45  45  86  49  70  21  12  94   6   8  49
   41   9  68  61  10  77  17  86  56]
 [  0   7  76   4  74  17  33  78  95  96  96  82  10  64   2  34  13  51
   27   1  68   3  69  24   3  43  58   2  10  49  76  59  99  11  85  93
   73  92  58  77  10  91  62  83  38   4  18  67  99  41  42  65 100  52
   89  56  18  46  96  18   3  53  56  79  88  64  61  88   6  88  98  70
   78 100  30  78  60  53  60  94  49]
 [  0  36  25  46   3  51  46  96  31  60  86   7  22  42  72  58  34  51
   83  84  62  70  87  18   9  32   3  97   3  74  47  22  56  93  89  28
   31  89  90  10  46  58  49  69  52  23  66  85  66  98  37  63  14  60
    6  32   7  60  49  68  47  92  46  93  65  47  73  67  80 100  89  75
   36  25  28  38 100  39  67  55  76]]
end
weight
[[ 0 35 43 68 63 72 69  3 56 98 93 51 60 60 41 16 79 31 38 59 16 94 65 35
  33 64 67  1 16 74 42 98 37 56 67  1 60 70 99 52 83 85 74 90 91 79 31  5
  48 59 60 39 93 68 47 56 15 73 20 41 15 94 85 39 60 27 31 44 90 34 66  9
  32 77 32 52 85 35 25 50 99]]
end
setup_times
[[[ 0 58 46 43 52 30 48 58 30 33 45 42 49]
  [ 0  0 37 56 40 44 56 35 50 42 44 34 37]
  [ 0 48  0 32 32 34 56 45 37 58 39 46 51]
  [ 0 42 45  0 53 48 39 58 51 30 45 50 30]
  [ 0 39 39 51  0 58 41 37 54 52 48 59 58]
  [ 0 39 59 59 44  0 37 47 46 41 36 44 52]
  [ 0 38 32 57 38 34  0 49 32 50 57 47 59]
  [ 0 34 42 51 50 32 50  0 59 47 53 38 50]
  [ 0 56 55 34 43 59 55 34  0 45 40 39 47]
  [ 0 34 57 42 30 47 49 51 43  0 55 51 59]
  [ 0 41 50 31 56 31 50 45 36 31  0 39 40]
  [ 0 37 36 55 55 55 47 33 43 54 40  0 38]
  [ 0 35 43 53 39 43 58 50 51 56 57 31  0]]

 [[ 0 32 32 59 35 54 32 39 57 40 40 53 57]
  [ 0  0 46 46 33 46 44 40 52 31 40 35 57]
  [ 0 31  0 34 54 43 31 50 50 35 34 55 31]
  [ 0 51 44  0 31 35 32 39 57 36 47 32 38]
  [ 0 42 35 42  0 48 50 59 49 55 34 45 42]
  [ 0 59 38 37 41  0 57 44 51 35 35 46 43]
  [ 0 51 45 36 59 49  0 58 52 50 45 44 54]
  [ 0 40 33 58 50 47 44  0 30 42 36 53 35]
  [ 0 53 54 58 55 54 33 34  0 51 41 34 54]
  [ 0 49 48 42 47 41 30 33 42  0 59 45 53]
  [ 0 34 33 32 46 43 37 39 33 56  0 50 44]
  [ 0 38 50 45 36 40 53 46 44 39 54  0 47]
  [ 0 32 59 59 40 49 43 33 49 47 32 59  0]]

 [[ 0 30 57 52 50 36 30 45 36 55 38 44 57]
  [ 0  0 43 53 41 48 38 41 40 54 36 37 42]
  [ 0 55  0 42 49 32 57 33 52 49 45 38 33]
  [ 0 58 33  0 31 56 49 36 51 49 34 35 34]
  [ 0 37 43 38  0 42 40 32 39 31 30 52 33]
  [ 0 49 33 36 53  0 53 30 39 46 30 57 34]
  [ 0 33 59 42 42 44  0 31 36 50 55 45 55]
  [ 0 52 34 53 36 34 53  0 51 48 55 35 39]
  [ 0 41 54 51 53 50 44 40  0 57 45 59 43]
  [ 0 36 54 45 38 32 49 45 44  0 51 36 54]
  [ 0 39 56 33 35 36 51 55 46 39  0 53 43]
  [ 0 54 55 54 48 43 48 48 35 41 59  0 54]
  [ 0 33 32 30 48 38 33 49 43 31 33 46  0]]

 [[ 0 52 48 33 44 51 40 34 53 47 54 32 44]
  [ 0  0 50 39 35 32 53 52 49 44 47 59 31]
  [ 0 46  0 46 30 31 31 30 31 43 30 50 32]
  [ 0 58 39  0 56 44 42 54 48 30 31 59 49]
  [ 0 36 38 51  0 44 52 45 31 50 33 54 50]
  [ 0 56 48 30 52  0 49 37 55 58 48 51 35]
  [ 0 47 56 52 39 31  0 46 56 42 52 48 46]
  [ 0 45 46 50 38 56 50  0 56 43 30 40 45]
  [ 0 37 55 32 45 55 57 55  0 39 39 35 36]
  [ 0 52 38 47 36 38 57 51 37  0 44 36 36]
  [ 0 57 46 55 43 34 49 50 40 35  0 55 30]
  [ 0 49 57 32 38 56 48 33 43 47 40  0 49]
  [ 0 53 52 34 44 48 39 35 50 36 44 55  0]]

 [[ 0 45 55 36 59 33 31 55 50 51 52 39 50]
  [ 0  0 49 37 36 33 55 38 51 31 44 47 41]
  [ 0 59  0 32 47 55 48 40 46 34 55 35 31]
  [ 0 49 55  0 41 48 46 56 35 38 50 43 47]
  [ 0 35 51 51  0 45 56 52 58 32 53 35 32]
  [ 0 40 44 43 30  0 55 53 55 44 31 50 48]
  [ 0 45 40 50 53 45  0 59 40 40 51 55 46]
  [ 0 52 37 44 32 56 52  0 45 31 50 54 55]
  [ 0 53 31 38 47 49 34 48  0 57 47 31 49]
  [ 0 59 35 50 38 54 33 57 49  0 43 53 56]
  [ 0 40 40 44 35 41 41 52 41 33  0 53 35]
  [ 0 39 41 30 53 37 52 32 58 53 56  0 34]
  [ 0 34 44 46 45 40 52 56 53 44 36 54  0]]

 [[ 0 46 58 55 42 33 33 30 32 46 42 49 35]
  [ 0  0 58 58 58 44 59 59 55 35 36 42 37]
  [ 0 42  0 39 34 46 40 58 32 57 56 40 41]
  [ 0 37 48  0 44 33 36 31 44 38 38 57 39]
  [ 0 36 41 49  0 37 41 59 57 41 49 53 39]
  [ 0 54 43 43 31  0 55 49 58 54 37 56 40]
  [ 0 32 50 56 47 53  0 48 59 41 57 35 46]
  [ 0 40 48 55 43 42 42  0 54 53 46 31 31]
  [ 0 50 45 44 34 38 44 46  0 45 53 51 47]
  [ 0 53 47 35 36 37 30 47 37  0 46 53 58]
  [ 0 40 57 43 54 40 50 49 32 50  0 32 48]
  [ 0 42 33 51 48 54 41 46 53 57 47  0 34]
  [ 0 50 43 56 34 49 45 59 54 32 48 49  0]]

 [[ 0 30 33 40 53 54 33 50 52 37 54 46 52]
  [ 0  0 40 41 33 47 50 31 49 56 51 37 34]
  [ 0 56  0 59 37 48 49 35 54 52 56 35 56]
  [ 0 40 54  0 33 30 58 46 31 50 56 57 55]
  [ 0 42 30 30  0 43 31 30 56 45 50 33 35]
  [ 0 33 46 31 49  0 38 35 38 55 37 46 46]
  [ 0 46 40 35 42 53  0 38 33 48 55 38 54]
  [ 0 36 47 34 46 50 30  0 41 51 31 44 59]
  [ 0 56 43 30 58 56 54 56  0 43 58 55 57]
  [ 0 54 55 45 54 40 32 34 43  0 51 50 40]
  [ 0 59 32 57 59 56 32 40 47 38  0 48 47]
  [ 0 47 42 53 37 31 44 46 33 56 58  0 52]
  [ 0 58 50 35 30 39 47 39 46 59 40 55  0]]

 [[ 0 39 49 34 44 30 58 54 32 53 39 37 49]
  [ 0  0 37 36 58 43 40 50 39 30 52 46 36]
  [ 0 30  0 54 37 52 32 38 30 40 48 44 32]
  [ 0 35 32  0 55 59 45 44 44 39 50 51 46]
  [ 0 31 37 35  0 46 57 35 34 39 40 32 58]
  [ 0 59 51 51 58  0 38 42 45 47 33 32 55]
  [ 0 37 57 47 41 31  0 37 38 47 35 52 54]
  [ 0 45 35 42 43 50 38  0 59 40 35 36 36]
  [ 0 40 42 36 39 33 44 50  0 57 53 48 30]
  [ 0 43 56 57 44 51 45 53 33  0 35 32 36]
  [ 0 54 53 30 32 32 34 38 30 53  0 40 56]
  [ 0 50 57 49 32 35 31 45 44 30 58  0 56]
  [ 0 31 30 40 30 38 52 38 54 54 39 35  0]]

 [[ 0 46 59 57 36 52 30 37 40 52 32 40 56]
  [ 0  0 39 45 37 41 56 37 37 45 55 31 44]
  [ 0 38  0 47 39 31 36 32 31 42 38 58 45]
  [ 0 36 45  0 32 31 46 51 42 40 47 36 38]
  [ 0 55 36 54  0 50 58 30 57 58 51 53 31]
  [ 0 41 39 53 54  0 39 55 59 35 33 31 39]
  [ 0 53 43 53 52 57  0 32 46 48 59 54 43]
  [ 0 54 47 32 31 57 59  0 44 34 38 36 48]
  [ 0 56 56 47 48 51 49 48  0 34 48 34 42]
  [ 0 55 38 46 41 46 31 53 51  0 41 43 33]
  [ 0 56 45 49 34 31 54 42 53 48  0 31 53]
  [ 0 58 57 55 49 49 39 30 40 42 50  0 35]
  [ 0 37 45 51 35 53 36 57 56 56 50 38  0]]

 [[ 0 37 34 49 42 32 44 59 47 59 47 43 47]
  [ 0  0 43 41 46 57 31 40 44 46 52 50 31]
  [ 0 57  0 38 45 52 57 57 48 31 50 43 39]
  [ 0 37 46  0 42 50 41 49 59 32 53 35 46]
  [ 0 46 56 57  0 58 36 56 34 44 47 38 50]
  [ 0 50 56 42 51  0 33 56 42 59 59 34 58]
  [ 0 59 56 53 46 39  0 59 34 44 38 37 55]
  [ 0 44 57 55 51 57 37  0 59 44 49 53 35]
  [ 0 51 59 35 50 44 33 51  0 30 35 36 31]
  [ 0 43 59 55 55 49 48 35 56  0 58 34 39]
  [ 0 44 41 50 44 43 43 37 57 38  0 38 57]
  [ 0 50 34 30 53 42 36 36 41 39 31  0 51]
  [ 0 32 30 35 37 50 52 34 39 40 49 48  0]]]
end
fixed_cost
[[2883 2843 2849 2846 2825 2864 2806 2818 2878 2805]]
end
unit_cost
[[57 60 65 41 42 63 72 58 49 49]]
end
job2fam
[[1 0 0 0 0 0 0 0 0 0 0 0 0 0 0 0 0 0 0 0 0 0 0 0 0 0 0 0 0 0 0 0 0 0 0 0
  0 0 0 0 0 0 0 0 0 0 0 0 0 0 0 0 0 0 0 0 0 0 0 0 0 0 0 0 0 0 0 0 0 0 0 0
  0 0 0 0 0 0 0 0 0]
 [0 0 1 0 0 0 0 0 0 0 0 0 0 0 1 0 0 0 1 0 0 0 0 1 0 0 0 0 0 0 0 0 0 0 1 0
  0 0 0 0 0 0 0 0 0 0 0 0 0 0 0 0 0 0 0 0 0 0 0 0 0 0 0 0 0 0 0 0 0 0 0 0
  1 0 0 0 0 0 0 0 0]
 [0 0 0 0 1 0 0 0 0 0 0 0 0 0 0 0 0 0 0 0 0 0 0 0 0 0 0 0 0 0 1 1 0 0 0 0
  0 0 0 0 0 0 0 0 0 1 0 0 0 0 0 0 1 0 0 0 0 0 0 0 0 0 0 0 0 0 0 0 0 0 0 0
  0 1 0 0 0 0 0 0 0]
 [0 0 0 0 0 0 0 0 1 0 0 0 0 0 0 0 0 0 0 0 0 1 0 0 0 0 0 0 0 0 0 0 0 0 0 0
  0 0 0 0 0 1 0 0 0 0 0 0 0 0 0 0 0 0 0 0 0 0 0 0 0 0 0 0 0 0 0 0 0 0 0 0
  0 0 0 0 0 0 0 0 0]
 [0 0 0 0 0 0 0 0 0 0 0 0 0 1 0 0 0 0 0 0 0 0 0 0 0 0 0 0 0 1 0 0 0 1 0 0
  0 0 0 0 0 0 0 0 0 0 0 0 0 0 0 0 0 0 0 0 0 0 0 0 0 0 0 0 0 0 0 0 0 0 0 1
  0 0 0 0 1 0 0 1 0]
 [0 0 0 0 0 0 0 0 0 1 0 0 0 0 0 0 0 0 0 0 0 0 0 0 1 0 0 0 0 0 0 0 0 0 0 0
  0 0 0 0 1 0 0 0 0 0 0 0 0 0 0 0 0 0 0 0 0 0 1 0 0 0 1 0 0 0 1 0 0 0 0 0
  0 0 0 0 0 0 0 0 1]
 [0 0 0 0 0 0 0 0 0 0 0 1 0 0 0 0 0 0 0 0 0 0 0 0 0 0 1 0 0 0 0 0 0 0 0 0
  1 1 0 1 0 0 0 0 0 0 1 0 0 0 1 0 0 1 1 0 0 0 0 0 0 0 0 0 0 1 0 1 0 0 0 0
  0 0 0 1 0 0 0 0 0]
 [0 1 0 0 0 1 0 0 0 0 0 0 0 0 0 0 0 1 0 0 0 0 0 0 0 0 0 0 0 0 0 0 0 0 0 1
  0 0 0 0 0 0 0 0 0 0 0 1 1 0 0 0 0 0 0 0 0 0 0 0 1 0 0 0 0 0 0 0 0 0 0 0
  0 0 0 0 0 0 0 0 0]
 [0 0 0 0 0 0 0 0 0 0 1 0 0 0 0 0 0 0 0 0 0 0 0 0 0 0 0 0 0 0 0 0 0 0 0 0
  0 0 0 0 0 0 0 0 0 0 0 0 0 0 0 1 0 0 0 0 0 0 0 0 0 1 0 0 0 0 0 0 1 0 0 0
  0 0 0 0 0 1 0 0 0]
 [0 0 0 0 0 0 0 0 0 0 0 0 1 0 0 0 0 0 0 0 0 0 1 0 0 0 0 0 0 0 0 0 1 0 0 0
  0 0 0 0 0 0 0 0 1 0 0 0 0 1 0 0 0 0 0 0 1 0 0 1 0 0 0 0 0 0 0 0 0 0 0 0
  0 0 0 0 0 0 0 0 0]
 [0 0 0 1 0 0 0 0 0 0 0 0 0 0 0 0 1 0 0 0 1 0 0 0 0 0 0 1 1 0 0 0 0 0 0 0
  0 0 1 0 0 0 1 0 0 0 0 0 0 0 0 0 0 0 0 1 0 0 0 0 0 0 0 0 0 0 0 0 0 1 0 0
  0 0 0 0 0 0 1 0 0]
 [0 0 0 0 0 0 0 0 0 0 0 0 0 0 0 0 0 0 0 1 0 0 0 0 0 0 0 0 0 0 0 0 0 0 0 0
  0 0 0 0 0 0 0 0 0 0 0 0 0 0 0 0 0 0 0 0 0 1 0 0 0 0 0 1 1 0 0 0 0 0 0 0
  0 0 0 0 0 0 0 0 0]
 [0 0 0 0 0 0 1 1 0 0 0 0 0 0 0 1 0 0 0 0 0 0 0 0 0 1 0 0 0 0 0 0 0 0 0 0
  0 0 0 0 0 0 0 1 0 0 0 0 0 0 0 0 0 0 0 0 0 0 0 0 0 0 0 0 0 0 0 0 0 0 1 0
  0 0 1 0 0 0 0 0 0]]
end
