mac
10
end
job
90
end
fam
5
end
proc_times
[[  0  43  29  81  26   2  38  33  71  59  41   5  69  33  90  27  18  12
   51  62  87  17  67  77  91  17  34  46  65  46  82  46  75  94  17  65
   66  21  42  60  54  93  47   5  83  48  64  81  34  59  45  76  24  46
    3  37  65  61  26  78  48  80  58  34  69  78  44  57  55  56  72  58
   40  12  93  24  68  42  56  26   7  56  49  65  80  34  32  95  44  72
   99]
 [  0  12   2  65  46 100  67  20  72  23  59  96  99  90  89  19  40  70
   65  91  70   4  79  20  39  81  55  58  55  39  11  98  84  62  51  10
   58  80  58  43   9  71  53  26  78   2  38  20  54  51  88  49  47  47
   48  91  10  86  80  81  40  41  87  83  55  36  50  43  85  60  52   5
   47  80  39  52 100  46  43  55  42  13  94  79  81   7  86  94  18  74
    3]
 [  0  80  59  86  56  31  93  69   3  38  59  95  26  34  23  13  99  11
   86  25  82  11  45  44  61  77  99  66  72  65  47  22  95  63  85  70
   13  37  25  36  96  30  68  80  83  22  65  42   8  23  64  76  87  82
   42   2  71  39  48  74  67  88  86  66  58  52  59  85  51  38  62  81
   44  12  53  14  37  13  29  22  97  68  72  13  35  78  94  42  27  26
   93]
 [  0  67  58  76  81  34  97  26  52  27  12  42  22  39  29  83  33  70
   44  42  17   4  88  60  47  95  59  30 100  74  32  68  90  13  93  86
   33  46  41  11  78  30  60  73  43  57  79   8  26  89  64  32  20  52
   93  63   3  91   5  81  50  46  19  65  80  99  41  23  96  15  63  43
   36   7  86  83  98  60  80  92  49  19  45  66  78  61  89  11  30  82
   37]
 [  0  60  26  65  76  48  44  78  96  46  12  77  23  44 100  20  83  42
   78   5  87   8  86  92  92  93 100   3  29  24  77  43  99  20  41  15
   18  33  13  37  98  66  47  54  36  41  25  98  95  31  29  89   1  61
   78  19  90   8  94  66  42  34  28  58  58  34  14  82  51  13  44  80
   17  87  50   4  51   6  22  54  42  22  23  48  11  56  70  30  15  48
   36]
 [  0  64  38  41  55  78  66  64  79  37  77  68  18  47  98   9  91  39
    2  67  81  82  89  16  68  73  11  41  23  84  43  56  31  17  32  52
   98  93  97  96  22  51   3   6  60   5  25  23  86  50  26  49  43  37
    7  61  31  89  80   7  12  21   8  12  45  34  58  70  35  42  65  63
    3  34  87  55  84  25  36  67  78  98   1  85  14  20  83  96  50  90
   18]
 [  0  82  73  26  54  23  19  36  22  69  85  12  57  95  71  41  61  50
   55  32   3  35  26   2  62  26  27  55  32  55  49  88  50  70   6   8
   88  78  15  99  92  29  96  49  66  54  95  80  86  63  13  25   9  71
   65   9  90 100  78  85  34  69  82  92  40  56  72  75  58  23  58  83
  100  78  86  29  98  59  64  50  61  23  91  82  31  40  77 100  33  42
   32]
 [  0  50   6 100   8  51  41   9  83  36  12  38  40  39   3  17  27  63
   15  18  73  33  78  39  98 100  29  60  81  84  10  73  73  52  57  50
   51  19  21  21  15  10  19  91  15  50  90  33   3   8  96   2  75  34
   45  25  39   8  57   7  82  64  21  34  16   2  72  52  90  81  90  14
   32  39  32  40  78  97  19   4 100  18  73  12  46  94  32  66  16  50
   79]
 [  0  28  22  26  50  55  30  39  48  20  66  84  29  13  99  60  89  93
   58  41  65  86  21  53  90  57  69  30  18  73  94  57  31  88   2  47
   45  75  55  41  27  31  83  77   6  32  65  14  84  96  36 100  31  60
   92  66   6  32  53  61  52  15   8  91   6  77  56  45  49  57   4  22
   23   4  29  25  47  73  58  33  10  59  32   2   6 100   1  78  41  17
   34]
 [  0   9   6   4   7  62  43  91  28   4  31  20  98  37  71  67  94   8
   20 100  31  46  51  33  53   2   1  79   6  16  34  81  30  90  83   9
   91  80  63  16  76  51  31   1  81  85  64  76  51  21  67  57  47  84
   11  59  78  96  64  58  80   3  37  60  48  68  90  40  97  54  38  35
   81  91  72  29  53  90  37  70  16  30  54  64  77  88  18  89  78  29
   61]]
end
weight
[[ 0 68 17 26 52 42 35 41 63 26 60 68 83 44 57 97 51 40 43 36 94 80 50 42
   6 43 42 58 73 92 52 98 27  5 65 30 25 65 64 92 19 23 28 83 49 32 62 86
  62 69 17 70  6 72 57 56 61 29 75 51 74 56 54 90 19 59 50 77 55  4  3 98
  52 63 15 86 49 17 57 92 88 77 82 41 69 77 18 82 56 77 37]]
end
setup_times
[[[ 0 46 34 52 33 47]
  [ 0  0 37 41 52 48]
  [ 0 36  0 34 56 59]
  [ 0 35 40  0 40 54]
  [ 0 35 45 40  0 53]
  [ 0 50 52 56 49  0]]

 [[ 0 30 42 37 42 34]
  [ 0  0 47 54 37 56]
  [ 0 43  0 59 36 47]
  [ 0 50 31  0 59 40]
  [ 0 38 58 47  0 38]
  [ 0 58 32 47 33  0]]

 [[ 0 42 31 42 49 52]
  [ 0  0 58 39 57 31]
  [ 0 49  0 42 43 31]
  [ 0 40 43  0 43 30]
  [ 0 44 58 38  0 52]
  [ 0 37 51 56 43  0]]

 [[ 0 34 57 44 36 40]
  [ 0  0 48 50 37 59]
  [ 0 59  0 51 57 55]
  [ 0 32 52  0 47 50]
  [ 0 35 59 51  0 39]
  [ 0 36 53 33 45  0]]

 [[ 0 49 58 58 57 30]
  [ 0  0 37 45 31 52]
  [ 0 31  0 51 39 46]
  [ 0 54 58  0 42 53]
  [ 0 35 50 45  0 45]
  [ 0 35 31 44 46  0]]

 [[ 0 40 45 34 40 53]
  [ 0  0 56 56 51 35]
  [ 0 49  0 44 31 33]
  [ 0 38 55  0 37 54]
  [ 0 30 34 46  0 52]
  [ 0 45 48 34 30  0]]

 [[ 0 47 32 39 38 53]
  [ 0  0 38 36 58 51]
  [ 0 41  0 43 41 40]
  [ 0 48 55  0 56 46]
  [ 0 33 30 57  0 51]
  [ 0 36 37 52 56  0]]

 [[ 0 46 35 45 50 58]
  [ 0  0 41 58 56 34]
  [ 0 49  0 42 51 43]
  [ 0 54 54  0 37 32]
  [ 0 53 46 34  0 48]
  [ 0 47 52 49 32  0]]

 [[ 0 35 41 59 58 33]
  [ 0  0 56 41 56 35]
  [ 0 42  0 37 30 46]
  [ 0 42 59  0 45 49]
  [ 0 42 41 46  0 58]
  [ 0 36 40 58 39  0]]

 [[ 0 47 36 54 46 49]
  [ 0  0 45 48 44 42]
  [ 0 58  0 31 54 44]
  [ 0 42 30  0 46 35]
  [ 0 55 58 44  0 54]
  [ 0 50 49 58 46  0]]]
end
fixed_cost
[[2686 2752 2752 2709 2745 2729 2737 2695 2666 2721]]
end
unit_cost
[[57 40 67 44 70 43 50 57 45 58]]
end
job2fam
[[1 0 0 0 0 0 0 0 0 0 0 0 0 0 0 0 0 0 0 0 0 0 0 0 0 0 0 0 0 0 0 0 0 0 0 0
  0 0 0 0 0 0 0 0 0 0 0 0 0 0 0 0 0 0 0 0 0 0 0 0 0 0 0 0 0 0 0 0 0 0 0 0
  0 0 0 0 0 0 0 0 0 0 0 0 0 0 0 0 0 0 0]
 [0 0 1 0 1 0 0 0 0 0 0 0 0 0 0 0 0 0 1 0 0 0 0 1 0 0 0 1 0 0 1 0 0 0 0 0
  0 0 1 0 0 0 1 0 0 0 0 0 1 0 0 0 1 0 0 0 0 0 0 0 0 0 0 0 0 0 0 0 1 0 0 0
  1 0 1 0 0 1 0 1 1 0 1 0 0 0 1 0 0 1 0]
 [0 0 0 0 0 0 0 0 0 0 0 0 1 0 1 0 0 0 0 1 0 0 0 0 0 0 1 0 0 0 0 1 1 0 0 0
  0 0 0 0 0 0 0 0 0 1 0 0 0 1 0 0 0 0 1 0 1 1 1 1 1 0 0 0 0 0 0 0 0 0 1 0
  0 0 0 0 1 0 0 0 0 0 0 0 0 0 0 0 0 0 0]
 [0 1 0 0 0 0 0 1 0 1 1 0 0 1 0 1 0 0 0 0 1 1 1 0 0 0 0 0 0 1 0 0 0 0 1 1
  1 0 0 1 0 0 0 1 0 0 0 0 0 0 0 0 0 0 0 1 0 0 0 0 0 1 0 1 0 1 0 1 0 1 0 0
  0 1 0 0 0 0 1 0 0 1 0 0 0 0 0 1 1 0 1]
 [0 0 0 1 0 1 0 0 1 0 0 0 0 0 0 0 1 1 0 0 0 0 0 0 0 0 0 0 0 0 0 0 0 0 0 0
  0 0 0 0 1 1 0 0 1 0 1 1 0 0 1 1 0 0 0 0 0 0 0 0 0 0 1 0 0 0 1 0 0 0 0 1
  0 0 0 0 0 0 0 0 0 0 0 1 1 0 0 0 0 0 0]
 [0 0 0 0 0 0 1 0 0 0 0 1 0 0 0 0 0 0 0 0 0 0 0 0 1 1 0 0 1 0 0 0 0 1 0 0
  0 1 0 0 0 0 0 0 0 0 0 0 0 0 0 0 0 1 0 0 0 0 0 0 0 0 0 0 1 0 0 0 0 0 0 0
  0 0 0 1 0 0 0 0 0 0 0 0 0 1 0 0 0 0 0]]
end
