mac
10
end
job
90
end
fam
5
end
proc_times
[[  0  43  10   7  52  48  65  36   5  16  30  47  55  73  21   4  29   9
   56  30  11  17  84  54  10  99  23  41  98  42  92  17  10  99   3  35
   27  50   8  84  42  93  49  86  31  93  89  47  98  83  84  87  50  68
   17  74  34  60  82  25  44  36  94  91   4  13  53  23  35  99  70  14
   32  18  67  30  88  61  40  83   1   7  20  22  49  82  53  18  48  40
   16]
 [  0  13  62  40  58  62  41  55  13   9  26  95  41  19  37  58  79   3
   14  25  22  85  91  27  24  76  56  94  59   1  68  44  58  64  44  59
   57  53  91  24  99  52  97  43  61  74  59  63  42   2  72  75  92  83
   58  31  14  52  12  59  46  78  63  21  28  38  42  48  30  53  63  64
   50  77  85  65  77  86  91  11  38  94  43  80  85  72  16  28  45  95
    2]
 [  0  43   3  25  50  95  49   4  38  36  20  17  98  70  65  45  66  74
   53  31   1  57  25  99   5  72  42  42   9  12  94  14  50   8  74  35
    4  28  69  68  57  37  47  46  17  66  19  27  21  15   2  32  78  78
   34  70  96  79  87  17   7  89  59   1  33  37  14  28  21  23  75  10
   11  64  15  90  95  73  50  56  10  10  40  79  24  90   6  90  86  82
    8]
 [  0  80   2  18   5  14  40  82  38  32  99  20   8  63  50  86  40  12
   31  98  91  75  61  42   4  51  28  99  22  87  87  15  71  57  30  84
   44  32  31  47  72  70  77  90  43  90  94  62  15  89  52  17  56  41
   74  76  19  46  32  48  80  65   9  60  57  96  34  96  26  73  61  20
    2  87  35  42  18  27  32  41  90  34  79  64  97  41  35  38  44   8
   63]
 [  0  41  86  31   3  70  71  41  65  36  37  41  49   1  68  89  47   1
   42  56  18  26  77  52  35  33  93   1  54  57  70  21  67  77  25  32
   14  67  21  68  80  95   3  62  68  19  10  60  34  90  73  23  55  47
   32  17  84   7  30  36  70  93  91  40   4  75  98  20  37  25   7  34
   85  12  99  48  20  81  94  21  76  74  13  11  46  26 100  94  49  76
   57]
 [  0  65  12  17  15  93  45  17  93  44  97  42   5  11  53  12   6  80
   74  19  39  45  58  75  32  43  19  76  81  61  23  29  36 100   8  59
   83  68  89   8  40  35  32  38  96  19  35  52  48  84  60  10  30  79
   48  20  42   3  29  47  59   1  87  95  46  69  26  82  29  44  37  88
   35  78  16  22  69  85   7  41  27  76  83  94  61  25  54  59  10  91
   51]
 [  0  75   1  98  17  18  13  29  21  31  52  91  11  17  59  85  95  84
   86  67  97  87  56   1   7  86  91  69 100   3  97  42   7   7  69  30
   47  54  87  82   4  44  48  37  64  89   1  42  81  76  97  94  19  61
   86   1  40  79  30  22  92 100  25  90   3  65  51   4  16   1   9  34
   93  43  64  75  22  66  53  66  65  18 100  71  10  84  10  51  66  66
   32]
 [  0  15  58  57   2   4  42  49  18  36  98  50  13  25  96   6  20  58
   58  30  72  26  80  75  80  71   8  35  20  96  77  65  94  97  24  54
    1  81   8  90  49  67   8  38   8  30  46  16  48  48  99  63  88  82
    3  74  77  62 100  59  32  92   7  60  81  74   7   8 100  86   1  77
   56  42  53  17  33  43  26  26  24  56  27  39  78  33  15  32  97   8
   66]
 [  0  97  62  52  82  80  47  75  90  67  84  57  26  33  96  60   8  71
   11   4  21  59  23   9  56  72  45  78  95  34  85  26  84  77  37  58
   84  97  43  43  50  35  73  93  41  10  56  90  32  95  16  55   9  83
   60  21  83  49  71  91  49  56  56  19  45  84   6   2  93  13  98  97
   91  26  92  33  28  65  77   3  11  32   9  67  26  38  59  80  14  41
   18]
 [  0  66  20  52  79  42  80  93  80  11  19  75  99  96  49  96  49  67
    2  96  58   8  62  10  89  81  85  95  34  30  45  38  54  14  28  84
   27  71  16  82  36  32  41  89   5  39  64  31  64  62   5  40  89   3
   65  53  19  28  23  74  59  49  62  12  16   2  86  20  25   3  77  43
   95  85   5  29  56   6   6  75  18  26  44  55  27   5  51  67  86  62
   94]]
end
weight
[[ 0 38 96 38 85 15 47 38 50 10 67 72 69 67  1 43 54 29 36 45 47 72 13 67
   6 94 19 71 46 78 56 40  4 80 88 78 75 49 54 97  1 77 83 14 45 23 61 59
  23 73 49 33 54 39 75 48 42 94 62 38 74 16 81 13 39 59 76 32 95 29 22 67
  46 11 96 46 91  4 32 51 14 94 60  8  9 77 21 99 76 35 47]]
end
setup_times
[[[ 0 31 36 57 51 41]
  [ 0  0 46 47 51 44]
  [ 0 35  0 47 40 40]
  [ 0 38 57  0 49 45]
  [ 0 58 58 53  0 43]
  [ 0 51 40 46 36  0]]

 [[ 0 51 54 37 32 39]
  [ 0  0 33 30 53 49]
  [ 0 47  0 37 44 59]
  [ 0 33 48  0 32 51]
  [ 0 52 30 59  0 46]
  [ 0 34 57 46 36  0]]

 [[ 0 34 35 46 55 47]
  [ 0  0 47 31 57 51]
  [ 0 33  0 57 31 36]
  [ 0 56 53  0 59 45]
  [ 0 36 43 55  0 37]
  [ 0 54 58 41 55  0]]

 [[ 0 44 35 40 48 48]
  [ 0  0 52 58 50 50]
  [ 0 44  0 41 53 32]
  [ 0 34 43  0 36 48]
  [ 0 46 57 57  0 38]
  [ 0 47 31 38 32  0]]

 [[ 0 33 47 52 57 50]
  [ 0  0 34 50 36 50]
  [ 0 47  0 52 35 41]
  [ 0 55 44  0 48 35]
  [ 0 38 44 42  0 55]
  [ 0 35 45 55 31  0]]

 [[ 0 50 38 56 59 52]
  [ 0  0 45 46 34 37]
  [ 0 48  0 40 46 54]
  [ 0 51 36  0 51 41]
  [ 0 47 42 31  0 46]
  [ 0 34 57 47 51  0]]

 [[ 0 44 37 39 47 54]
  [ 0  0 45 51 39 42]
  [ 0 55  0 31 44 36]
  [ 0 57 55  0 55 42]
  [ 0 59 52 47  0 58]
  [ 0 30 42 31 42  0]]

 [[ 0 55 52 37 56 59]
  [ 0  0 56 49 51 49]
  [ 0 40  0 38 50 52]
  [ 0 38 48  0 45 38]
  [ 0 52 34 52  0 43]
  [ 0 57 59 38 32  0]]

 [[ 0 36 45 59 39 40]
  [ 0  0 34 40 34 53]
  [ 0 36  0 47 53 36]
  [ 0 33 59  0 36 48]
  [ 0 58 44 48  0 39]
  [ 0 54 47 48 59  0]]

 [[ 0 55 30 48 31 47]
  [ 0  0 50 54 48 39]
  [ 0 39  0 35 37 53]
  [ 0 58 32  0 46 32]
  [ 0 36 33 36  0 34]
  [ 0 40 53 43 48  0]]]
end
fixed_cost
[[2785 2783 2852 2793 2854 2854 2826 2872 2843 2859]]
end
unit_cost
[[65 47 58 39 48 65 60 67 68 59]]
end
job2fam
[[1 0 0 0 0 0 0 0 0 0 0 0 0 0 0 0 0 0 0 0 0 0 0 0 0 0 0 0 0 0 0 0 0 0 0 0
  0 0 0 0 0 0 0 0 0 0 0 0 0 0 0 0 0 0 0 0 0 0 0 0 0 0 0 0 0 0 0 0 0 0 0 0
  0 0 0 0 0 0 0 0 0 0 0 0 0 0 0 0 0 0 0]
 [0 0 1 0 1 0 0 0 0 0 0 0 0 0 0 0 0 0 1 0 0 0 0 1 0 0 0 1 0 0 1 0 0 0 0 0
  0 0 1 0 0 0 1 0 0 0 0 0 1 0 0 0 1 0 0 0 0 0 0 0 0 0 0 0 0 0 0 0 1 0 0 0
  1 0 1 0 0 1 0 1 1 0 1 0 0 0 1 0 0 1 0]
 [0 0 0 0 0 0 0 0 0 0 0 0 1 0 1 0 0 0 0 1 0 0 0 0 0 0 1 0 0 0 0 1 1 0 0 0
  0 0 0 0 0 0 0 0 0 1 0 0 0 1 0 0 0 0 1 0 1 1 1 1 1 0 0 0 0 0 0 0 0 0 1 0
  0 0 0 0 1 0 0 0 0 0 0 0 0 0 0 0 0 0 0]
 [0 1 0 0 0 0 0 1 0 1 1 0 0 1 0 1 0 0 0 0 1 1 1 0 0 0 0 0 0 1 0 0 0 0 1 1
  1 0 0 1 0 0 0 1 0 0 0 0 0 0 0 0 0 0 0 1 0 0 0 0 0 1 0 1 0 1 0 1 0 1 0 0
  0 1 0 0 0 0 1 0 0 1 0 0 0 0 0 1 1 0 1]
 [0 0 0 1 0 1 0 0 1 0 0 0 0 0 0 0 1 1 0 0 0 0 0 0 0 0 0 0 0 0 0 0 0 0 0 0
  0 0 0 0 1 1 0 0 1 0 1 1 0 0 1 1 0 0 0 0 0 0 0 0 0 0 1 0 0 0 1 0 0 0 0 1
  0 0 0 0 0 0 0 0 0 0 0 1 1 0 0 0 0 0 0]
 [0 0 0 0 0 0 1 0 0 0 0 1 0 0 0 0 0 0 0 0 0 0 0 0 1 1 0 0 1 0 0 0 0 1 0 0
  0 1 0 0 0 0 0 0 0 0 0 0 0 0 0 0 0 1 0 0 0 0 0 0 0 0 0 0 1 0 0 0 0 0 0 0
  0 0 0 1 0 0 0 0 0 0 0 0 0 1 0 0 0 0 0]]
end
