mac
10
end
job
90
end
fam
5
end
proc_times
[[  0  38  25  24  14   9   9  46  64  80  70  40  58  45  36  78  31  56
   61  53  15  72  88  19  42  89  47  11  53  43  16  24  34  62  38  29
    9  10  29  97   1  79  99  52  95  74  38  64  49  70  25  94  26  95
   90  43  85  92  67  80  79  27  94  84  40  90  85  70  18  34  44  25
   55  94  63  54  94  73  10  29   1   5  12   8  83  97  20  73  84  85
   70]
 [  0  58  70  53   4   3  57  53  98  51  21   2  50  33  78  50   3  17
   38  75  12  99  47   8  91  35  12  55  72  21  27  21  30  51  13  89
   89  91  15  27  66  26  73  21  11  56  15  36  95  47   4  73  63  20
   98  52  37  25  18  49  83  11  74  58  29  19  35  95  41  43  84  93
   94  57  83  61  11  17  68  49  76  46  41   3  17  35  37  40  15  59
   84]
 [  0  54  28  93  41  56  19  33  94  23  90  17  91  58  81  71  54  55
   29  53  54  58  37  91  62  23  44  39  62  55  71  25  67  68  95  45
   58  79  49  17  68  42  55  37  58   4  31  63  97  12  18  82  51  49
   18  43  27  19  69  21  82  26   6  64  52  71  40  62  83  47  89  11
   49  83  50  95   8  49  62  44  82  66  24  33  71  21  54  39  83  91
   19]
 [  0   2  17  84  77  27  28  48  64  16   8  49  57  14  40  24  71  60
   83  70  59  94  29  78  65  91  62  34   4  68   1  39  23  51  94  37
   36  60  30  15  89  79  60  44  69   3  55  26  76  66   9  65  35  24
    1  45  15  88  23  71  72   3  42  46  12  29  17  91  42   7  73  92
   31  65  75  59  22  81  10  32  48  92  63  58  70  35  97  12 100  44
   19]
 [  0  74  37  32  69  29 100   6  54  49  54  72   6  97  45  79  26  25
   65  91  92  57  25  20  53  67  49   2  15  17  87  18   8  90  45  35
   95  69  28  43   7  40 100 100  50  58  83  24  36  20  32  84  22  87
   61  90   8  77  28  21  91  51  68  13  41   3  63  62  33  31  95  26
   97  80  61  31  82  70 100  19  16  95  31  29  33  47  30  99   1  65
   30]
 [  0   2  29  76  32  90  49 100  71  32   9  91  78  68  61  76  27  57
   90  60  20  60  97  94  10  87  88  92  89  28  67  10  33   6  89  85
   37  81  41  29  25  36  57   2   7  50  80  94  80  82  85  39  25  87
   67  59  29  16  45  32  20  54  19  48  40  97  52  44  12  47  42  27
   10  44  16  73  70  74  95   9   4  73  52  58  56  64  64  62  45  89
   30]
 [  0  46  39  16  95  32  79  11  86  81  19  77  82  41  29  48  60  82
   80  28  69  31   8   6  47  77  65  20  89  81  98  49  30   9  59  14
   66  14  46  15  14  87  28  29  79  79  43  72  40  89  81  77  38  52
   64  33  74  22  67  38  23  96  50  65  12  88   8  64  47  65  50  80
   23  25  24  28  83  55  88  45  76  80  53  27  25  31  20  60  69  73
   60]
 [  0  47  43  24  18  28  39  86  80   4  49  48  19  72  16  78  87  67
   81  99  71  42  95   3  55  80  67  51  72  78  56 100   7  84  52  27
   25  93  85  81  14  89  41  23  39  23  92  17  98  57  52  22  83   6
   74  27   3  55  85  74  93  70  77  22  73  39  22  84  33  25  67  84
   39  16  86  78  98  85  37  70  75  79  76  74  27  13  48  91  63  82
   43]
 [  0  52   3  88  66  89  82   8  63  27  59  57  36  36  77  53  30  98
   60  71  91  22  71  73   1  72  50  55  40  16  85  69  99  60  27  94
   44  10  49  40   3  79  64  61  94  75  11  26  55  80   3  29  50  24
   79  93  95  69  16  78  51  53  28   2  44  33  14  80  33  52  52  91
   25  99   3   6  70  29  61   3  28  40  12  28   1  59  74  53  63   1
   16]
 [  0  53   2  95  47  66  17  17  22  57  42  64  15   3  67  28  42  82
   99  45  35  24   7  81  27  56  88   4  78  23  20  75  37  18   2  73
   85  25   1  62  16  80  12  31  22  75  49  89  94  82   9  55  42  69
   24  56  34  86  28  89  27   8  37  66  99  17   6  74  84   3  76  22
   17  76  79   7  13  36  72  99  47  12  96  46  74  20   7  72  27  70
   45]]
end
weight
[[ 0 15 13 52 88 95 87 66 52 49 73 93 39 85 55 80  3 29 84 96 89  6 66 40
  83 90  4 87 87 40 56 73 24 23 44 83 27  1 68 94 90 50 78 52 37 28 11  3
  51 47 66 95 62  9 71 46 16 69 32 40 45 38 18 23 16  1 56  5 42 26 51 23
  66 18 19 13 31 37  4 55 10 91 10 66 10 38 81 45 32 20 47]]
end
setup_times
[[[ 0 51 57 43 57 56]
  [ 0  0 30 46 53 54]
  [ 0 34  0 40 58 49]
  [ 0 55 37  0 54 30]
  [ 0 36 36 35  0 55]
  [ 0 44 52 49 50  0]]

 [[ 0 39 57 43 56 59]
  [ 0  0 36 58 37 58]
  [ 0 59  0 46 52 30]
  [ 0 32 43  0 54 35]
  [ 0 31 34 41  0 52]
  [ 0 35 44 40 32  0]]

 [[ 0 45 44 44 34 31]
  [ 0  0 46 58 41 50]
  [ 0 53  0 50 32 46]
  [ 0 35 57  0 57 46]
  [ 0 54 30 38  0 40]
  [ 0 40 37 37 43  0]]

 [[ 0 45 44 37 54 43]
  [ 0  0 33 58 55 48]
  [ 0 47  0 41 46 54]
  [ 0 44 36  0 44 51]
  [ 0 34 58 32  0 41]
  [ 0 59 52 57 46  0]]

 [[ 0 59 58 47 46 40]
  [ 0  0 56 53 39 37]
  [ 0 50  0 56 30 42]
  [ 0 52 59  0 52 36]
  [ 0 46 56 47  0 49]
  [ 0 47 47 57 36  0]]

 [[ 0 40 34 40 34 55]
  [ 0  0 48 55 53 58]
  [ 0 41  0 49 37 47]
  [ 0 31 44  0 45 34]
  [ 0 53 46 50  0 36]
  [ 0 48 36 33 57  0]]

 [[ 0 36 58 42 57 55]
  [ 0  0 44 53 59 46]
  [ 0 49  0 50 49 36]
  [ 0 58 52  0 51 32]
  [ 0 38 51 49  0 57]
  [ 0 40 48 58 40  0]]

 [[ 0 30 38 49 35 49]
  [ 0  0 35 37 55 59]
  [ 0 48  0 46 31 36]
  [ 0 34 54  0 40 43]
  [ 0 30 53 56  0 37]
  [ 0 44 52 43 48  0]]

 [[ 0 48 48 50 32 41]
  [ 0  0 41 59 55 51]
  [ 0 38  0 45 49 52]
  [ 0 58 48  0 46 38]
  [ 0 53 32 44  0 55]
  [ 0 42 39 50 32  0]]

 [[ 0 39 45 59 37 57]
  [ 0  0 41 51 58 33]
  [ 0 53  0 44 56 40]
  [ 0 53 35  0 57 47]
  [ 0 50 45 51  0 43]
  [ 0 53 58 32 31  0]]]
end
fixed_cost
[[2264 2216 2211 2256 2257 2209 2216 2212 2294 2229]]
end
unit_cost
[[36 41 33 50 50 49 48 52 57 29]]
end
job2fam
[[1 0 0 0 0 0 0 0 0 0 0 0 0 0 0 0 0 0 0 0 0 0 0 0 0 0 0 0 0 0 0 0 0 0 0 0
  0 0 0 0 0 0 0 0 0 0 0 0 0 0 0 0 0 0 0 0 0 0 0 0 0 0 0 0 0 0 0 0 0 0 0 0
  0 0 0 0 0 0 0 0 0 0 0 0 0 0 0 0 0 0 0]
 [0 0 1 0 1 0 0 0 0 0 0 0 0 0 0 0 0 0 1 0 0 0 0 1 0 0 0 1 0 0 1 0 0 0 0 0
  0 0 1 0 0 0 1 0 0 0 0 0 1 0 0 0 1 0 0 0 0 0 0 0 0 0 0 0 0 0 0 0 1 0 0 0
  1 0 1 0 0 1 0 1 1 0 1 0 0 0 1 0 0 1 0]
 [0 0 0 0 0 0 0 0 0 0 0 0 1 0 1 0 0 0 0 1 0 0 0 0 0 0 1 0 0 0 0 1 1 0 0 0
  0 0 0 0 0 0 0 0 0 1 0 0 0 1 0 0 0 0 1 0 1 1 1 1 1 0 0 0 0 0 0 0 0 0 1 0
  0 0 0 0 1 0 0 0 0 0 0 0 0 0 0 0 0 0 0]
 [0 1 0 0 0 0 0 1 0 1 1 0 0 1 0 1 0 0 0 0 1 1 1 0 0 0 0 0 0 1 0 0 0 0 1 1
  1 0 0 1 0 0 0 1 0 0 0 0 0 0 0 0 0 0 0 1 0 0 0 0 0 1 0 1 0 1 0 1 0 1 0 0
  0 1 0 0 0 0 1 0 0 1 0 0 0 0 0 1 1 0 1]
 [0 0 0 1 0 1 0 0 1 0 0 0 0 0 0 0 1 1 0 0 0 0 0 0 0 0 0 0 0 0 0 0 0 0 0 0
  0 0 0 0 1 1 0 0 1 0 1 1 0 0 1 1 0 0 0 0 0 0 0 0 0 0 1 0 0 0 1 0 0 0 0 1
  0 0 0 0 0 0 0 0 0 0 0 1 1 0 0 0 0 0 0]
 [0 0 0 0 0 0 1 0 0 0 0 1 0 0 0 0 0 0 0 0 0 0 0 0 1 1 0 0 1 0 0 0 0 1 0 0
  0 1 0 0 0 0 0 0 0 0 0 0 0 0 0 0 0 1 0 0 0 0 0 0 0 0 0 0 1 0 0 0 0 0 0 0
  0 0 0 1 0 0 0 0 0 0 0 0 0 1 0 0 0 0 0]]
end
