mac
10
end
job
90
end
fam
12
end
proc_times
[[  0  40  98  30  44  67   4  46  29  95   9  94  76  79  23  81  35  51
   23  52  86  26  69   7  67  98  88  36  22  78  89  83  91  48  25  38
    4  96  75  36  44  83  45  54  10  88  63   2  33  94  60  44  56  91
   12   4  68  65  47   9  43  20  45  93  80  46  78  46  11  55  63  47
    5  30  86  70  16  57  28  95  76   9  16  25  29  67  29  73  16  88
   48]
 [  0  63  64  33  13  12  88  36   2  93  75  23  53  69  68  38  81  54
   59  58  95  77  38  32  80   3  89  27  92  99  10  39  53  62  46  27
   89  66   3  31  81   8  55  51  59  87  34   3   1  66  27  20  11  88
   88  62  19  71   8   5   6  84  69  93  17  21   3  66  98  88  70   9
   24  15  25  43  76   3  96  25   3  89  56  82  16  87  91  75   5  38
    4]
 [  0   8   2  50  44  47  25  58  32  65  10  89  35  96   8  90  23  56
   87  12  76  31  62  25  13  20  11  89  74  93  15  35  61  45  74  19
   72  69  72 100  95  62  85  10  45  91  81  13  84  44  44  48  30  69
   92  76  59  88   4  93  57  61  39  97  73   2  65  59   7   6  58  71
    1  59  56  52  63  79  93  63  27  39  14  68   3  62  37  75   8  66
   91]
 [  0  14  35   4  99  34  87  67   8  93  62  52  52  96  82  59  14  18
   35  23  44  18  49  73  58  35  28  41  49  11  35  78  96  58  49  25
   14  69   7  81  99  47  81  16  25  75  43  89  64  87  18  18  13  17
   67  55  36  86  36  66  89  55  45  58  67  28  13  69  72  59   2  93
   18  61  86  58  45   5  79  73  15  20  82   9  58  55  83  85  50  89
   48]
 [  0  51  12   8  38  49  39  83  53  73  27  86  66  46  16  63  98  84
    8  17  43  40  46  49  96  11   5  17  70  55   3  97 100  71  18  29
   52  15  77  87  90  59  43  45  88  10  36  91  97   5  89  34  26  65
   94  85  20  88  82  37  97  21  63  46  25  77   2  27  85  66  20  39
  100  15  96  76  10  65  68  45   6  79  86  94  11   6  95  58  52  34
   57]
 [  0  18  42  78  77  31  84  91  26  36  62  95  46  79  60   5  68  44
   48  62  61  93  48  35  33  43  83  13  91  65  12  16  37  66  82  79
   99  70  83  24  98  99  57  79  72  16  25  51   2  75  78  32   8  49
   81  70   1  26  28  98  31  81   6  77   4  45  98  73  46  45  58   1
   11   3  99  60 100   6  31  97  64  21  16  77  84  88  25  80  82   2
    7]
 [  0   5   6  67  91  21  83  58  83  36  52  96  31  39  34  76  65   7
   57  64  50  45  53  13  22  60  33  83  35  65  19  20  91  68  25  54
   15  90  82  55  12  34   4  30  18  37  49  14  69  68  12  79  82  91
   34  77  19  85  10  53   7  50  22   1  77  49  74  40  41  22 100  80
   50  89  21  13  82  26  14  33  48  46  18  84  46  38  92  35  39  54
   30]
 [  0  21  65  48  10  83  96  19   4  97  93  31   5  60  63  13  81  24
   97  94  31   6  14  61  96  45  32  78  89  42  34  65  81  79   7  53
   87   2  82  85  76  69  74  17  73  86  87   1  22  46   1  36  38  82
   22  98  71  98  76  94  77  78  73  69  32  15  87  86  73  24   6  66
   36  33  47  22  53   6  76  96  85  85  37  13   1   3  71  47  30  92
   37]
 [  0  43  39  78  42  25  56  72  34  61   9  31  53   7  82  68  42  55
   82  36  48  53  45  99  87  95  18 100  21  83  74  93   6  47  21  64
   45  68  75  97  28  79  73  34   2  38  64  17   2  86  26  79  62  27
   47  90  75  83  11  67  87  11  21  99  93  95  75  76  64  71  17 100
   21  84  12  78   4  84  39  67  74  66  92  13  63  34  47   5  19  89
   31]
 [  0  79  94  13  34  76  16  58   7  97  16  41  10  60  57  42  56  86
   36  91  41  41  11  54  16  77   8  84   8  81  76  49  44  30  15  75
   35  73  86  23  86  32  28  81  53  66  64  92  56  55  87  37  48  40
   77  73  89  56  50   8  15   3  42  76  45 100  32  86  28 100  17  70
   42  27  34  19  84  67  74  18  82  97  16  44  72  67  59  70  70  32
   50]]
end
weight
[[ 0 36 30 98 45 30 10 21 65 14 94 43 39 71 76 33 69 32 82 30 40 44 39 77
  77 89 94 16 74 29 83 38 59 85 38  5 75 70 87 65 17 23 35 52  4 67 66 84
   1 66 84 71 29  1 60 82 94 24 36 12 99 16 83  5 23 27 15 42 67 89 44 56
  45 66 86 92 96 44 58 42  4 53 12 59 43 87 79 11 30 89 22]]
end
setup_times
[[[ 0 48 38 44 56 40 56 42 44 47 38 34 41]
  [ 0  0 45 44 52 43 50 38 48 46 30 45 49]
  [ 0 38  0 36 47 57 38 42 47 51 43 58 43]
  [ 0 57 45  0 35 49 53 54 42 31 49 35 38]
  [ 0 41 57 55  0 37 54 31 51 44 43 30 54]
  [ 0 40 32 39 54  0 39 45 30 33 43 58 31]
  [ 0 35 45 34 33 54  0 34 57 40 51 57 42]
  [ 0 42 40 55 30 53 35  0 48 54 49 58 30]
  [ 0 42 37 51 43 40 56 45  0 36 57 48 37]
  [ 0 49 56 30 56 53 56 50 32  0 54 31 31]
  [ 0 44 45 58 45 45 42 42 52 56  0 54 47]
  [ 0 37 49 52 47 48 31 50 44 37 52  0 31]
  [ 0 51 57 51 54 40 56 40 56 34 34 49  0]]

 [[ 0 38 38 33 57 42 47 35 38 46 49 33 54]
  [ 0  0 55 53 42 54 40 46 38 44 43 33 40]
  [ 0 38  0 48 51 39 56 55 30 40 37 48 48]
  [ 0 42 53  0 40 34 34 48 41 51 55 35 53]
  [ 0 41 42 31  0 56 45 32 48 30 47 31 55]
  [ 0 31 40 54 37  0 49 42 38 31 42 33 55]
  [ 0 57 59 40 31 43  0 38 32 50 34 57 56]
  [ 0 56 43 52 43 38 32  0 42 44 37 58 50]
  [ 0 36 56 39 40 38 55 31  0 51 49 35 44]
  [ 0 30 31 47 31 48 32 44 40  0 34 30 57]
  [ 0 59 38 40 42 49 38 58 43 31  0 42 49]
  [ 0 54 48 46 44 43 38 46 37 38 32  0 40]
  [ 0 56 40 59 45 45 55 41 37 55 32 31  0]]

 [[ 0 31 50 34 43 49 47 49 35 38 59 45 31]
  [ 0  0 39 47 54 32 58 45 55 53 38 42 31]
  [ 0 33  0 58 57 33 46 38 44 56 51 52 33]
  [ 0 35 43  0 51 44 33 55 42 47 59 49 32]
  [ 0 53 53 48  0 49 33 53 33 35 32 58 55]
  [ 0 44 34 35 51  0 48 46 59 48 45 48 35]
  [ 0 47 43 41 41 35  0 30 52 46 35 45 50]
  [ 0 48 59 44 57 49 58  0 59 50 36 40 34]
  [ 0 40 38 54 41 47 47 38  0 50 50 41 42]
  [ 0 45 50 50 53 30 52 58 46  0 43 35 40]
  [ 0 31 31 57 37 40 51 38 50 37  0 39 38]
  [ 0 47 39 33 31 35 35 34 47 33 55  0 44]
  [ 0 45 49 46 59 38 30 56 55 33 43 47  0]]

 [[ 0 59 49 30 55 42 52 39 58 36 44 46 42]
  [ 0  0 35 49 40 40 56 43 40 30 45 53 44]
  [ 0 44  0 46 39 35 32 43 53 47 50 31 46]
  [ 0 37 38  0 33 30 55 58 40 58 52 37 43]
  [ 0 36 44 47  0 57 35 57 52 35 54 48 37]
  [ 0 34 46 49 49  0 47 38 30 46 57 38 30]
  [ 0 54 58 39 47 49  0 34 34 45 57 34 49]
  [ 0 47 32 36 45 47 38  0 30 40 41 47 53]
  [ 0 45 38 56 46 32 31 54  0 39 41 51 46]
  [ 0 48 38 59 36 36 31 44 58  0 47 38 54]
  [ 0 51 58 41 46 41 32 38 35 37  0 53 54]
  [ 0 59 55 38 30 50 32 38 34 31 53  0 45]
  [ 0 58 55 36 34 50 34 53 51 32 50 43  0]]

 [[ 0 35 34 32 43 42 58 46 41 49 49 30 36]
  [ 0  0 31 44 52 31 49 50 35 32 38 42 59]
  [ 0 53  0 36 40 59 34 47 44 47 33 59 43]
  [ 0 40 45  0 32 31 46 57 36 51 35 46 51]
  [ 0 55 32 46  0 54 32 32 57 33 59 51 34]
  [ 0 30 32 53 56  0 40 58 53 57 40 57 44]
  [ 0 45 31 33 54 55  0 40 51 33 55 31 34]
  [ 0 49 49 30 38 49 34  0 32 59 30 32 32]
  [ 0 54 59 30 30 53 31 50  0 48 38 30 48]
  [ 0 45 52 42 30 32 39 59 59  0 48 56 34]
  [ 0 55 34 37 35 33 55 32 40 59  0 53 55]
  [ 0 50 30 50 37 54 44 36 45 38 39  0 53]
  [ 0 43 42 31 52 51 49 35 51 53 53 40  0]]

 [[ 0 36 37 30 52 30 48 54 53 58 59 34 43]
  [ 0  0 32 55 33 39 45 45 43 31 54 33 46]
  [ 0 41  0 47 38 56 41 58 53 42 54 48 34]
  [ 0 35 46  0 34 33 40 31 58 56 37 37 50]
  [ 0 41 40 31  0 46 52 59 32 45 48 58 34]
  [ 0 57 39 51 39  0 41 46 57 53 45 30 36]
  [ 0 53 32 32 58 57  0 55 36 36 32 49 58]
  [ 0 31 33 34 50 42 43  0 50 53 39 35 30]
  [ 0 31 45 38 41 41 37 41  0 35 49 47 58]
  [ 0 37 38 43 46 58 47 58 55  0 45 49 55]
  [ 0 33 37 37 59 57 49 52 39 35  0 52 35]
  [ 0 32 53 59 51 47 34 58 53 42 54  0 33]
  [ 0 54 52 50 38 44 43 51 43 50 43 49  0]]

 [[ 0 57 57 52 54 58 55 40 55 54 40 37 46]
  [ 0  0 37 54 30 49 58 43 44 57 51 58 52]
  [ 0 33  0 44 31 51 54 37 45 32 41 51 37]
  [ 0 52 33  0 40 39 49 33 50 33 49 49 34]
  [ 0 58 59 34  0 31 40 42 35 33 31 37 37]
  [ 0 51 45 35 42  0 57 40 50 31 41 39 45]
  [ 0 34 39 38 52 40  0 39 51 53 47 35 52]
  [ 0 42 44 38 50 42 54  0 49 57 40 45 51]
  [ 0 49 46 30 48 43 52 59  0 55 33 41 52]
  [ 0 46 43 55 52 49 37 48 38  0 43 56 45]
  [ 0 34 44 33 52 37 48 34 37 49  0 32 51]
  [ 0 43 46 46 35 35 49 58 35 59 46  0 37]
  [ 0 51 31 31 33 53 52 49 56 59 46 57  0]]

 [[ 0 41 31 53 57 52 50 51 47 32 40 57 58]
  [ 0  0 38 58 49 47 38 48 58 31 53 56 33]
  [ 0 52  0 48 51 37 38 53 47 51 43 35 33]
  [ 0 35 41  0 56 57 40 41 55 51 58 49 49]
  [ 0 46 36 30  0 48 44 54 36 30 46 38 44]
  [ 0 30 51 39 46  0 57 32 38 48 45 56 49]
  [ 0 57 50 46 52 41  0 47 47 42 45 39 59]
  [ 0 44 50 58 52 54 57  0 46 45 58 44 47]
  [ 0 42 59 45 32 41 52 53  0 31 43 43 33]
  [ 0 38 53 56 41 42 48 47 45  0 46 52 49]
  [ 0 53 47 47 31 38 33 56 45 53  0 37 44]
  [ 0 55 32 54 59 53 54 46 35 39 56  0 32]
  [ 0 36 44 40 54 47 44 39 55 32 50 41  0]]

 [[ 0 52 49 59 51 34 33 45 43 54 51 42 31]
  [ 0  0 40 35 46 36 41 30 36 58 43 49 56]
  [ 0 33  0 51 42 40 34 36 55 47 57 53 31]
  [ 0 54 42  0 55 32 53 38 40 42 43 48 41]
  [ 0 30 36 39  0 52 52 55 49 42 36 34 40]
  [ 0 55 52 46 33  0 56 34 47 39 59 42 51]
  [ 0 53 58 38 39 40  0 53 41 46 44 33 53]
  [ 0 59 34 50 51 43 53  0 30 42 32 35 52]
  [ 0 30 51 56 36 46 53 33  0 54 43 52 30]
  [ 0 38 38 44 56 54 37 37 58  0 47 46 40]
  [ 0 44 55 41 41 41 54 36 48 41  0 57 40]
  [ 0 45 46 40 53 57 42 50 44 58 30  0 48]
  [ 0 58 47 56 55 31 50 48 39 49 47 59  0]]

 [[ 0 48 54 38 56 40 32 32 44 48 55 49 49]
  [ 0  0 33 57 41 33 52 53 48 34 31 31 43]
  [ 0 45  0 42 31 44 32 36 47 56 59 52 57]
  [ 0 30 50  0 50 51 45 30 39 58 50 36 31]
  [ 0 39 50 40  0 58 32 48 52 34 56 30 32]
  [ 0 57 49 58 58  0 44 43 39 36 46 53 39]
  [ 0 45 49 59 42 46  0 33 44 38 34 33 49]
  [ 0 36 59 51 51 49 41  0 32 47 59 36 47]
  [ 0 35 55 53 34 59 59 44  0 45 54 51 46]
  [ 0 52 56 41 45 58 51 55 36  0 59 35 42]
  [ 0 49 33 46 32 33 33 59 51 57  0 52 42]
  [ 0 39 52 38 51 44 35 33 51 46 59  0 36]
  [ 0 38 40 38 32 50 43 40 56 33 54 38  0]]]
end
fixed_cost
[[2485 2451 2510 2483 2446 2452 2514 2539 2490 2542]]
end
unit_cost
[[47 51 58 50 57 36 56 35 57 41]]
end
job2fam
[[1 0 0 0 0 0 0 0 0 0 0 0 0 0 0 0 0 0 0 0 0 0 0 0 0 0 0 0 0 0 0 0 0 0 0 0
  0 0 0 0 0 0 0 0 0 0 0 0 0 0 0 0 0 0 0 0 0 0 0 0 0 0 0 0 0 0 0 0 0 0 0 0
  0 0 0 0 0 0 0 0 0 0 0 0 0 0 0 0 0 0 0]
 [0 1 0 0 0 0 0 0 0 0 0 0 0 0 0 0 0 0 0 0 1 0 0 0 0 0 0 0 0 1 0 0 0 0 0 0
  0 0 0 0 1 0 0 1 0 0 0 0 0 0 0 0 0 0 0 0 0 0 0 0 0 0 0 0 0 0 0 0 0 0 0 0
  1 0 0 0 0 0 0 0 0 0 0 0 0 0 0 0 0 0 0]
 [0 0 0 0 0 0 0 0 0 0 0 0 0 0 0 0 0 0 1 0 0 0 0 1 0 0 1 0 0 0 0 0 0 0 0 0
  0 0 0 0 0 0 0 0 1 0 0 0 1 0 0 0 1 0 0 1 1 0 0 0 0 0 0 0 0 0 0 0 0 0 0 1
  0 0 0 0 0 0 0 0 0 1 0 0 0 0 0 0 0 0 0]
 [0 0 1 0 0 0 0 0 0 0 0 0 0 0 0 0 0 0 0 0 0 0 0 0 0 0 0 0 0 0 0 0 0 0 0 0
  0 0 0 0 0 0 1 0 0 0 0 0 0 0 0 0 0 0 0 0 0 1 0 0 0 0 0 0 0 0 0 0 0 0 0 0
  0 0 1 0 0 0 0 1 0 0 1 0 0 0 0 0 0 0 1]
 [0 0 0 1 0 0 0 0 0 0 0 0 1 0 0 0 0 1 0 0 0 0 0 0 0 0 0 0 0 0 0 0 0 0 0 0
  0 0 0 0 0 1 0 0 0 1 0 1 0 0 1 0 0 0 1 0 0 0 0 0 0 0 0 0 0 0 0 0 0 0 0 0
  0 0 0 0 0 0 0 0 0 0 0 0 0 0 0 0 0 1 0]
 [0 0 0 0 0 0 0 0 0 1 0 0 0 0 0 0 0 0 0 0 0 1 0 0 0 0 0 0 1 0 0 0 0 0 0 0
  0 0 0 0 0 0 0 0 0 0 1 0 0 0 0 0 0 0 0 0 0 0 0 0 0 0 0 0 0 1 0 1 0 0 1 0
  0 0 0 0 0 0 0 0 0 0 0 0 0 0 0 0 0 0 0]
 [0 0 0 0 0 0 0 0 0 0 0 1 0 0 0 0 0 0 0 0 0 0 1 0 0 0 0 0 0 0 0 1 0 0 0 1
  1 0 0 0 0 0 0 0 0 0 0 0 0 0 0 0 0 1 0 0 0 0 1 1 0 0 0 0 0 0 0 0 0 0 0 0
  0 0 0 0 0 0 1 0 0 0 0 0 0 0 1 0 0 0 0]
 [0 0 0 0 0 1 0 0 0 0 0 0 0 0 0 1 0 0 0 0 0 0 0 0 1 0 0 0 0 0 0 0 0 0 0 0
  0 0 0 0 0 0 0 0 0 0 0 0 0 0 0 0 0 0 0 0 0 0 0 0 0 1 1 0 0 0 0 0 0 0 0 0
  0 0 0 0 1 0 0 0 1 0 0 0 0 0 0 1 0 0 0]
 [0 0 0 0 1 0 0 0 1 0 1 0 0 1 0 0 0 0 0 0 0 0 0 0 0 1 0 1 0 0 0 0 0 0 0 0
  0 0 0 0 0 0 0 0 0 0 0 0 0 0 0 1 0 0 0 0 0 0 0 0 0 0 0 0 0 0 0 0 0 1 0 0
  0 0 0 0 0 0 0 0 0 0 0 0 1 1 0 0 0 0 0]
 [0 0 0 0 0 0 0 1 0 0 0 0 0 0 0 0 0 0 0 0 0 0 0 0 0 0 0 0 0 0 0 0 0 1 0 0
  0 0 0 0 0 0 0 0 0 0 0 0 0 1 0 0 0 0 0 0 0 0 0 0 0 0 0 0 0 0 0 0 0 0 0 0
  0 1 0 0 0 1 0 0 0 0 0 0 0 0 0 0 1 0 0]
 [0 0 0 0 0 0 1 0 0 0 0 0 0 0 1 0 1 0 0 1 0 0 0 0 0 0 0 0 0 0 0 0 1 0 0 0
  0 0 1 0 0 0 0 0 0 0 0 0 0 0 0 0 0 0 0 0 0 0 0 0 0 0 0 0 0 0 1 0 0 0 0 0
  0 0 0 0 0 0 0 0 0 0 0 0 0 0 0 0 0 0 0]
 [0 0 0 0 0 0 0 0 0 0 0 0 0 0 0 0 0 0 0 0 0 0 0 0 0 0 0 0 0 0 1 0 0 0 1 0
  0 0 0 0 0 0 0 0 0 0 0 0 0 0 0 0 0 0 0 0 0 0 0 0 1 0 0 0 1 0 0 0 0 0 0 0
  0 0 0 1 0 0 0 0 0 0 0 0 0 0 0 0 0 0 0]
 [0 0 0 0 0 0 0 0 0 0 0 0 0 0 0 0 0 0 0 0 0 0 0 0 0 0 0 0 0 0 0 0 0 0 0 0
  0 1 0 1 0 0 0 0 0 0 0 0 0 0 0 0 0 0 0 0 0 0 0 0 0 0 0 1 0 0 0 0 1 0 0 0
  0 0 0 0 0 0 0 0 0 0 0 1 0 0 0 0 0 0 0]]
end
