mac
10
end
job
90
end
fam
12
end
proc_times
[[  0  12  62  25  18  31  33  21  44   7  49   9  33  18  84  20  57  68
   13  10  56  88  92  76  72  24  41  96  41  37  41  54  10  69  19  27
   15   5  35  27  39  55  60  43  98  20  77  94  87  43  24  24  44  23
    1  71   3  61  56  13  30  18  41  14  88  83  18   9  62  69  85  71
   82   7  56  37  62   7  97  84  96   4  54  33   1  44   2  52  73   8
   33]
 [  0  66  29  86  43  68  59  65  91  84  88  80  22  93  23   7  79  16
   65   3  29  82  44   5  73  36  34   3  17  22   7  69  67  71  38   2
   73  54  99  34  48  89  29   7  37  73  56  45  92  77  78  55   2   8
   84  56  45  86   5  46  95  98  83   8  74  64  31  69  26  97  91  11
   17  67  65  23 100  71  40  57  82  24  32  46  62  42  39  17  70  86
   27]
 [  0  85   2  27  73 100   7  35  19  73  58  26  84  82  89  72  40  10
   85  79  75  76  21  87  48  12  52  17  81  48  28  70   6  97  58  89
   87  15  43  30  43  87  15   3  62  13  42  14   7  92  89  16  65  32
   81  36  96  20  64  34  32  74  69  35  41   9  40  46  67  15   6   5
   84  59  36  70  90  68   4  38  31  91  54  53  66   6  35  68  31  81
   99]
 [  0  10  52  11  15  84  76  57  28  77  80  37  13  61  32  76  94  61
   84  47  28   4  46  15  41  53  85  25  28  90   2  34  54  61  49  38
   80  26  55  17  11  51  90  58  82  92  70  65  96  37  70   3  77  84
   74  60  60  46  48  29  65  79   9  94  25  25   1  87  36  50  90  26
   36  18  12  78  96  80  38  24  61  24  34  53  68  59   1  60  87  56
    3]
 [  0  88  53  46  75  92  26  75  43  14  34  32  35  16  40  52  82  69
   76  15  31  10  44  83   7  37  51  97   8  72  22  67  13  72  29  31
   29   8  79   5  56  26  99   1  71  48  41  42  81  68  20  70  45  98
   78  77  42  93  52  96  58  58  29  99  27  86  57  56  25  13  36  39
   70  16  63  44  72  68  67  48  16  93  60  41  92  82  74  65   2  44
   16]
 [  0  19   9  86  41  45  68  86  37   3  58  73  41  85  51  32  87  70
   95  24  38  70  24  49  81  22  87  84  12  97  85  42  90  29  69  47
   28  30  44  64  12  78  89  62  94  28  64  49  16  14  13  27  53  69
   64  90   3  28  83   1  93  80  12  22  10  66  23  23  18  16  99  91
   92  72  97  32  61  12  75  14  61  16  25   1  29  50  78  53   2  31
    4]
 [  0  76  17  96  10  48  50  69  42  40  77  42  88   5   3  29  34  90
   87  60  48   1  23  76   3  91  48  55   9  92   3  79  34   8  34  84
   69  11  96  17  29   9  63   6  46  32  79  85  67  71  55  59  28  22
   36  20  27  87  49  42  31   9  78  18  13  42  93  52  79  62  56  45
   32  64   3  97  81  95  30  11  85  11  94  48  86 100  67  91  42  48
   76]
 [  0  23  75  58  61  22  72  87  72  50  10  14  18  57  63  84  27  40
   10  69  70  85  94  87  24  20  94  78  83   6  97  36  18  22   8  40
    2  65  63  56  98  48  27  26   7  47   3  20  92  35  97  54  54  29
   67  33  25  95  47  13  86  70  15  47  14  80  29  67  34  80  95  49
   73  88  60  93   2  62  90  21  39  18  87  35  55  75  67  56 100  13
    6]
 [  0  69   3  76  78  29  43  48  58  28   9  14  90  90  45   1   4  96
   38  16  47  26  99 100  75  20  51  31  66  31  74  44  10  49  85   7
   41  66  30  16   1  17  30  82  59  38  51  28   2  22  66  86  55  63
   29  66  79  99  39  59  86  49  98  73  54  60  93  87  81  63  60  46
   25  68  29  53  62   8  74   7  33  68  49   1  61  34  61  70  53  91
   18]
 [  0  76  30  98  27  26  38  91  74  85  29  44  94  81   1  43   4  57
   11  88  89  94  56  86  57  73  77   9  35  10  69  26  35   8  96  56
   96  76  70  93  31   3  19  57   3  57  58  53  53  55  44  50  25   5
   22  47  21  89  58  73  17  99   4  31  88  27  22  69  41  70  12  61
   83  21  49  99  77   1  37  58  60  55  63  63  59  26  55  47  42  43
   34]]
end
weight
[[ 0 51  6 90 84  9 90 58 43 31  4  2 14 28 63 47 18 68 31 29 45 68 23 59
  77 63 61 71 22 62 64  4 88 95  6 52 21 55 69 24 35 30 61 24 29 68 44 98
  81 84 99 60 56 33 78 58  9 75 71 55 77 44 90 14 64 73  3 51 36 97 86 33
   7 15 64 70 27 18  1 37 53 17 82  1 14 45 49 31 98 80 25]]
end
setup_times
[[[ 0 38 31 40 57 47 35 43 42 41 32 39 32]
  [ 0  0 39 56 53 44 57 34 46 31 55 34 44]
  [ 0 47  0 45 44 32 36 51 44 40 45 41 59]
  [ 0 35 33  0 56 45 39 36 55 58 50 40 55]
  [ 0 43 53 31  0 36 40 45 54 41 31 30 35]
  [ 0 48 37 34 36  0 35 41 56 52 33 33 52]
  [ 0 58 41 32 55 57  0 47 58 31 31 56 34]
  [ 0 44 58 53 33 51 45  0 39 56 51 32 36]
  [ 0 38 37 41 30 53 50 59  0 32 48 34 36]
  [ 0 39 37 41 52 38 45 58 31  0 50 43 31]
  [ 0 53 39 36 36 40 38 59 37 45  0 41 58]
  [ 0 42 34 43 30 45 40 37 45 53 32  0 42]
  [ 0 50 44 54 55 32 34 58 54 37 53 42  0]]

 [[ 0 47 58 59 56 49 31 34 41 52 33 31 40]
  [ 0  0 32 40 56 48 45 36 32 43 30 57 44]
  [ 0 55  0 55 35 41 59 48 32 59 50 35 47]
  [ 0 52 56  0 53 57 35 49 34 30 32 31 43]
  [ 0 42 44 44  0 59 59 44 49 35 38 41 58]
  [ 0 35 54 40 31  0 33 54 55 42 45 36 50]
  [ 0 56 58 37 53 54  0 51 52 45 43 56 48]
  [ 0 59 37 44 38 47 32  0 38 55 39 56 46]
  [ 0 33 35 44 46 43 32 33  0 32 37 51 45]
  [ 0 42 36 41 46 42 35 44 49  0 52 56 34]
  [ 0 40 49 42 48 54 48 35 46 36  0 53 44]
  [ 0 53 38 55 54 58 40 59 58 51 42  0 44]
  [ 0 38 39 59 39 55 35 30 40 32 44 44  0]]

 [[ 0 37 39 34 54 52 33 32 59 33 55 50 49]
  [ 0  0 58 56 37 59 44 41 37 58 46 54 55]
  [ 0 38  0 43 53 54 54 34 41 52 38 55 43]
  [ 0 38 46  0 55 31 58 36 41 40 43 31 42]
  [ 0 51 32 49  0 33 59 33 57 45 32 49 55]
  [ 0 34 32 55 32  0 33 38 30 57 50 45 45]
  [ 0 53 48 42 57 31  0 54 33 48 57 39 53]
  [ 0 47 56 52 37 32 39  0 50 43 51 59 41]
  [ 0 52 43 31 56 31 55 50  0 45 42 54 33]
  [ 0 46 41 51 59 58 56 48 58  0 50 56 57]
  [ 0 37 33 34 58 43 33 35 42 32  0 35 37]
  [ 0 53 56 56 37 35 42 30 51 50 46  0 42]
  [ 0 47 36 57 37 35 41 53 40 52 44 48  0]]

 [[ 0 33 34 41 48 44 38 49 39 57 44 56 43]
  [ 0  0 36 38 34 50 35 43 44 43 52 58 45]
  [ 0 31  0 32 58 39 30 57 40 50 50 47 47]
  [ 0 38 50  0 41 45 36 57 56 46 34 47 32]
  [ 0 35 36 40  0 45 54 46 40 35 44 53 49]
  [ 0 43 42 41 41  0 49 37 31 37 53 50 48]
  [ 0 58 48 53 44 56  0 43 40 37 56 59 30]
  [ 0 48 53 37 49 30 57  0 40 37 40 35 30]
  [ 0 42 37 52 56 36 44 59  0 54 54 48 31]
  [ 0 46 41 31 32 31 32 31 38  0 44 46 30]
  [ 0 53 32 57 55 47 52 52 41 41  0 50 47]
  [ 0 34 35 50 53 40 44 54 35 44 43  0 35]
  [ 0 52 44 51 41 33 52 56 32 39 53 53  0]]

 [[ 0 32 34 38 44 38 51 46 56 54 50 46 36]
  [ 0  0 53 59 59 35 40 59 53 51 36 44 50]
  [ 0 42  0 42 49 45 47 34 37 34 34 55 32]
  [ 0 37 31  0 49 46 58 36 46 36 44 52 45]
  [ 0 52 47 40  0 41 33 51 48 33 46 40 42]
  [ 0 49 49 38 38  0 51 44 59 43 59 43 34]
  [ 0 53 56 39 30 43  0 45 50 59 57 37 49]
  [ 0 53 31 39 54 57 30  0 45 53 56 32 44]
  [ 0 33 38 58 47 56 48 49  0 35 33 47 57]
  [ 0 47 32 30 32 54 32 33 43  0 35 48 48]
  [ 0 31 50 44 45 34 39 50 30 52  0 42 32]
  [ 0 55 59 54 50 43 32 37 43 51 34  0 51]
  [ 0 38 49 55 36 52 47 56 38 45 36 45  0]]

 [[ 0 40 45 49 36 38 53 50 50 50 34 50 43]
  [ 0  0 46 49 48 37 59 57 55 53 46 34 38]
  [ 0 39  0 54 30 55 56 42 58 53 50 41 51]
  [ 0 30 47  0 58 42 39 54 32 46 52 30 46]
  [ 0 39 53 54  0 50 51 39 55 40 57 56 33]
  [ 0 47 54 56 48  0 35 40 44 45 33 45 58]
  [ 0 35 43 45 42 42  0 42 31 30 45 35 45]
  [ 0 59 56 30 41 34 42  0 44 50 57 58 39]
  [ 0 50 33 42 34 57 56 40  0 49 53 57 53]
  [ 0 48 52 32 57 51 55 34 43  0 50 44 51]
  [ 0 49 45 40 34 35 43 34 43 39  0 55 48]
  [ 0 40 35 45 36 53 54 57 36 54 55  0 52]
  [ 0 52 53 50 37 59 32 50 51 36 41 33  0]]

 [[ 0 52 52 48 52 45 50 34 58 31 34 49 50]
  [ 0  0 33 50 31 52 39 58 51 59 43 37 55]
  [ 0 52  0 30 33 37 33 41 44 38 52 32 55]
  [ 0 43 43  0 52 34 52 36 35 40 37 54 59]
  [ 0 35 47 39  0 57 34 54 36 37 56 52 35]
  [ 0 58 52 59 30  0 57 46 36 49 45 40 58]
  [ 0 44 46 45 33 41  0 51 55 57 35 36 46]
  [ 0 30 42 39 59 56 55  0 47 50 51 32 48]
  [ 0 57 49 54 45 35 43 52  0 42 41 47 53]
  [ 0 45 57 54 49 40 38 35 38  0 55 32 31]
  [ 0 33 42 41 45 45 32 57 32 59  0 35 42]
  [ 0 55 54 49 52 47 32 59 36 41 33  0 54]
  [ 0 57 45 45 33 39 58 58 45 51 45 36  0]]

 [[ 0 57 31 57 49 37 50 48 44 53 39 52 47]
  [ 0  0 56 58 39 42 58 33 53 47 51 43 45]
  [ 0 33  0 49 31 50 34 51 59 32 35 41 44]
  [ 0 52 44  0 37 59 39 42 59 47 34 44 49]
  [ 0 51 49 35  0 41 50 31 58 35 52 34 44]
  [ 0 43 38 47 36  0 42 46 57 40 35 55 39]
  [ 0 53 32 46 55 58  0 51 46 56 38 33 38]
  [ 0 53 56 56 52 57 44  0 52 37 31 59 36]
  [ 0 56 35 47 45 31 56 34  0 58 56 34 53]
  [ 0 35 51 44 44 32 33 46 53  0 42 54 47]
  [ 0 53 51 36 52 50 33 32 53 33  0 42 39]
  [ 0 54 56 57 36 48 37 56 51 41 53  0 47]
  [ 0 59 54 39 58 46 35 46 49 45 58 38  0]]

 [[ 0 39 51 41 39 40 47 48 34 38 48 32 39]
  [ 0  0 50 57 45 47 55 52 58 43 38 54 54]
  [ 0 37  0 47 48 55 42 51 33 51 34 31 46]
  [ 0 34 40  0 47 32 45 56 55 50 58 54 33]
  [ 0 35 44 33  0 39 36 43 52 57 43 36 50]
  [ 0 56 37 37 57  0 39 57 47 37 51 35 33]
  [ 0 44 49 34 42 45  0 59 33 40 50 45 59]
  [ 0 45 45 44 42 33 33  0 59 39 30 57 54]
  [ 0 40 47 34 45 52 48 46  0 47 52 31 34]
  [ 0 55 51 53 53 42 33 52 57  0 38 36 49]
  [ 0 41 34 33 51 42 48 55 30 38  0 48 52]
  [ 0 46 34 30 33 52 50 53 52 58 56  0 49]
  [ 0 37 46 42 54 34 53 55 59 53 50 35  0]]

 [[ 0 39 52 45 40 40 45 58 46 52 31 35 31]
  [ 0  0 37 53 37 41 50 56 56 31 51 36 57]
  [ 0 52  0 37 47 59 44 39 37 49 50 45 30]
  [ 0 32 45  0 41 30 48 50 57 44 50 41 50]
  [ 0 46 48 44  0 56 56 33 30 45 35 31 43]
  [ 0 36 58 34 47  0 34 59 58 53 52 38 41]
  [ 0 52 42 42 56 57  0 44 45 46 40 40 48]
  [ 0 36 46 53 34 41 30  0 30 33 50 55 51]
  [ 0 53 33 58 31 31 32 38  0 40 32 49 41]
  [ 0 41 52 31 41 40 36 35 58  0 57 43 56]
  [ 0 52 59 52 57 54 34 40 33 57  0 58 32]
  [ 0 32 53 43 59 59 43 42 42 34 55  0 46]
  [ 0 34 54 58 47 31 59 33 56 36 42 45  0]]]
end
fixed_cost
[[2477 2474 2460 2537 2484 2472 2541 2489 2509 2519]]
end
unit_cost
[[37 58 57 43 44 68 33 47 55 63]]
end
job2fam
[[1 0 0 0 0 0 0 0 0 0 0 0 0 0 0 0 0 0 0 0 0 0 0 0 0 0 0 0 0 0 0 0 0 0 0 0
  0 0 0 0 0 0 0 0 0 0 0 0 0 0 0 0 0 0 0 0 0 0 0 0 0 0 0 0 0 0 0 0 0 0 0 0
  0 0 0 0 0 0 0 0 0 0 0 0 0 0 0 0 0 0 0]
 [0 1 0 0 0 0 0 0 0 0 0 0 0 0 0 0 0 0 0 0 1 0 0 0 0 0 0 0 0 1 0 0 0 0 0 0
  0 0 0 0 1 0 0 1 0 0 0 0 0 0 0 0 0 0 0 0 0 0 0 0 0 0 0 0 0 0 0 0 0 0 0 0
  1 0 0 0 0 0 0 0 0 0 0 0 0 0 0 0 0 0 0]
 [0 0 0 0 0 0 0 0 0 0 0 0 0 0 0 0 0 0 1 0 0 0 0 1 0 0 1 0 0 0 0 0 0 0 0 0
  0 0 0 0 0 0 0 0 1 0 0 0 1 0 0 0 1 0 0 1 1 0 0 0 0 0 0 0 0 0 0 0 0 0 0 1
  0 0 0 0 0 0 0 0 0 1 0 0 0 0 0 0 0 0 0]
 [0 0 1 0 0 0 0 0 0 0 0 0 0 0 0 0 0 0 0 0 0 0 0 0 0 0 0 0 0 0 0 0 0 0 0 0
  0 0 0 0 0 0 1 0 0 0 0 0 0 0 0 0 0 0 0 0 0 1 0 0 0 0 0 0 0 0 0 0 0 0 0 0
  0 0 1 0 0 0 0 1 0 0 1 0 0 0 0 0 0 0 1]
 [0 0 0 1 0 0 0 0 0 0 0 0 1 0 0 0 0 1 0 0 0 0 0 0 0 0 0 0 0 0 0 0 0 0 0 0
  0 0 0 0 0 1 0 0 0 1 0 1 0 0 1 0 0 0 1 0 0 0 0 0 0 0 0 0 0 0 0 0 0 0 0 0
  0 0 0 0 0 0 0 0 0 0 0 0 0 0 0 0 0 1 0]
 [0 0 0 0 0 0 0 0 0 1 0 0 0 0 0 0 0 0 0 0 0 1 0 0 0 0 0 0 1 0 0 0 0 0 0 0
  0 0 0 0 0 0 0 0 0 0 1 0 0 0 0 0 0 0 0 0 0 0 0 0 0 0 0 0 0 1 0 1 0 0 1 0
  0 0 0 0 0 0 0 0 0 0 0 0 0 0 0 0 0 0 0]
 [0 0 0 0 0 0 0 0 0 0 0 1 0 0 0 0 0 0 0 0 0 0 1 0 0 0 0 0 0 0 0 1 0 0 0 1
  1 0 0 0 0 0 0 0 0 0 0 0 0 0 0 0 0 1 0 0 0 0 1 1 0 0 0 0 0 0 0 0 0 0 0 0
  0 0 0 0 0 0 1 0 0 0 0 0 0 0 1 0 0 0 0]
 [0 0 0 0 0 1 0 0 0 0 0 0 0 0 0 1 0 0 0 0 0 0 0 0 1 0 0 0 0 0 0 0 0 0 0 0
  0 0 0 0 0 0 0 0 0 0 0 0 0 0 0 0 0 0 0 0 0 0 0 0 0 1 1 0 0 0 0 0 0 0 0 0
  0 0 0 0 1 0 0 0 1 0 0 0 0 0 0 1 0 0 0]
 [0 0 0 0 1 0 0 0 1 0 1 0 0 1 0 0 0 0 0 0 0 0 0 0 0 1 0 1 0 0 0 0 0 0 0 0
  0 0 0 0 0 0 0 0 0 0 0 0 0 0 0 1 0 0 0 0 0 0 0 0 0 0 0 0 0 0 0 0 0 1 0 0
  0 0 0 0 0 0 0 0 0 0 0 0 1 1 0 0 0 0 0]
 [0 0 0 0 0 0 0 1 0 0 0 0 0 0 0 0 0 0 0 0 0 0 0 0 0 0 0 0 0 0 0 0 0 1 0 0
  0 0 0 0 0 0 0 0 0 0 0 0 0 1 0 0 0 0 0 0 0 0 0 0 0 0 0 0 0 0 0 0 0 0 0 0
  0 1 0 0 0 1 0 0 0 0 0 0 0 0 0 0 1 0 0]
 [0 0 0 0 0 0 1 0 0 0 0 0 0 0 1 0 1 0 0 1 0 0 0 0 0 0 0 0 0 0 0 0 1 0 0 0
  0 0 1 0 0 0 0 0 0 0 0 0 0 0 0 0 0 0 0 0 0 0 0 0 0 0 0 0 0 0 1 0 0 0 0 0
  0 0 0 0 0 0 0 0 0 0 0 0 0 0 0 0 0 0 0]
 [0 0 0 0 0 0 0 0 0 0 0 0 0 0 0 0 0 0 0 0 0 0 0 0 0 0 0 0 0 0 1 0 0 0 1 0
  0 0 0 0 0 0 0 0 0 0 0 0 0 0 0 0 0 0 0 0 0 0 0 0 1 0 0 0 1 0 0 0 0 0 0 0
  0 0 0 1 0 0 0 0 0 0 0 0 0 0 0 0 0 0 0]
 [0 0 0 0 0 0 0 0 0 0 0 0 0 0 0 0 0 0 0 0 0 0 0 0 0 0 0 0 0 0 0 0 0 0 0 0
  0 1 0 1 0 0 0 0 0 0 0 0 0 0 0 0 0 0 0 0 0 0 0 0 0 0 0 1 0 0 0 0 1 0 0 0
  0 0 0 0 0 0 0 0 0 0 0 1 0 0 0 0 0 0 0]]
end
