mac
10
end
job
90
end
fam
12
end
proc_times
[[  0  43   6  51  95  64  37  63  26  99  88  32  22  45  52  74  21  97
  100  38  87  51  74  77  61  72  74  86  50  73  61  65  39  52  15  44
   54   2  42  85  95  57  21  86  57  76  99  67  33  54  26  88  32  17
   32  45  58  71  26  38  58  38  54  43  19  91  11  21  16  16  24  71
   97  31  48  89  46  40  37   4  80  23  84  77  37  66  80  78  17  68
   25]
 [  0  89  38  77  23  57  90  53  10  69  55  73  21  44  75  45  14  74
   90  62   2  59  67  60  73  37  12  13  18  66  25  62  37  21  81  96
   88   8  92  75  43  79  94  54  24  75  28  43  97  40  41  66  15  14
   87  66  87  28  87  34  37  72  59  96  26  94  33  26  17  30  78  57
   22  74   8  84  64  57  32  83  48  97  69  83  89  33  69  45  54  37
   83]
 [  0  10  95   9  40  47  78  76  60  13  46  77  22  82  77  54  64  90
   11  47  22  83  74  55  93  91  27   8  91  14  11  71  42  93  35  51
   80  49  59  81  27  49  85  55  21  33  13  49  96  46  77  36  43  39
   46  20  77  81  75  55  57  79  59  57  26  55  48  80  23   1  73  19
   28  26  63  23  40  64  53  28  37  77  72  39  13  61  58  98  12  25
    9]
 [  0  63  62  18  48  84  46  18  72  69  17  69  87  45  16  43  87  51
   93  45  19  92  87   5  30  24  58 100  24   2  33  37  44  89  40  70
    7  29  44  85   7  50  42  11  90  50  41  33  60  20  75  95  91  55
   19  48  34  19  13  84  57  99  59  58  13  66  17  54  25  34  59  80
   35  58  63  88   9  23  65  12   4   4  82  17  62  12  30  74   7  53
   69]
 [  0  76   3  53  95   5  89  56  64  35  91  37  54  90  34   2  92  79
   11  60  86  89  78  40  90  34  30  51  26  66  48  17  63   1  53  16
   98  77   8  47  90 100  41  69  36  63  54  35  83   9  62  92  16  65
   78  27  93  70  61  27  84  74  59  42  70 100  32  19  48   8  77 100
   62  92  85  25   2  83  81  45  31  18  24  16   3  64  46   7  94  22
   49]
 [  0  23  27  62  84  69  39  99  72   2  93  59  33  37  74  38  60  39
   29  31  51  44  80  88  45  35  52  66  58  52  24  21  87  38  82   4
   34  81  83  55  83  13  48  69  94  61  16  38   6  52  20  65  56  76
   27  13  26  75  66  68   9  71  96  22  53  71  56  67  11   3  23  74
   68  90  46  81  23  20  95  76  29  71   1  20  57  10  72  30  36  43
   38]
 [  0  98  37  52   5  47  71  10  56  41  93  64  77  97  70  82  67  59
   35  68  47  49  11  99  75  22  34  40   7  86  38  95  50  99  39  39
    9  50   2  26  96  97  50   1  30  38  65  51  42  27   6  61  14  49
   70  94  70  40  60  44  18   1  46  79   3  35  98  93  21  49  15  79
   16  14  17  24  83  10  63  63  41  23  26  93  84  13  45   1  84  35
   81]
 [  0   4  74  83  91  54  26  82  12  81  97  10  39  84  56  89  50  52
   17  33 100   5  27  60  94  91   4  76  28  89  38   9  57  36  27  46
   36  62  77  57  23  18  12  14   7  37  59  55  69  26  38  29  55  81
   42  39  14  89  21  92  51  65  42   8  26  28  16  66  17  28   9  53
  100  23  16  97  19  66  85  84  51  83  12  96  98   7  63  92  42  22
   59]
 [  0   4  69  46  15  42  61  21  82  70  67  16  39  71  95  29  75  44
   95  60  88  99   6  42  21  48  44  74  77  77  81  94  68  93  31  96
   31  86  36  40  87  84  22  37  70  72  81  45  65  20  91  31  80  58
   63  34  66  66  42  60   5  99  54  96  61  60  67  86  40  41  95  95
   67  27  55  89  30  19  48  42  34  61  50  38  71  40  57  65  53  85
   70]
 [  0  17   3   6  34  85   7  35  24  74  42  25  82  15  50  39  73  58
   37  55  30  82  37  46  82  76  58  75  10  30  60  69  96  34  14  27
   12  64  55  73  39  47  93  98  35  22  90  45  20  59  73   5  21   6
   24  94  95  25  53  54  39  48  22  59  51  43  10  16  50  70  83  26
   58  36  73  47  10  34   8   7  74 100  90  84  87  13  17  83  92  12
   47]]
end
weight
[[ 0 40 82 22 12 52 40 58 54 79 72 18 69 97 25 43 66 75 51 95 52 68 98 10
  64 34  6 52 43 67 14 16 29 59 27 10  3 21 99  2 46 62 26 71 71 72 94 33
  67 58 17 61  6 50 95 70 52 22 56 31 95 39 81 69 27 63  5 50 76 63 23 60
   7 80 35 44 85 73 71 62 42 80 71 94 92 76 14 72 67 23 84]]
end
setup_times
[[[ 0 31 33 38 48 30 34 46 36 40 45 51 30]
  [ 0  0 35 50 38 33 53 36 55 39 55 57 37]
  [ 0 59  0 44 56 36 41 43 31 56 36 30 36]
  [ 0 33 48  0 52 50 45 38 54 52 59 34 37]
  [ 0 37 43 53  0 56 52 51 47 37 57 49 53]
  [ 0 41 57 40 56  0 36 33 41 45 49 56 44]
  [ 0 45 35 34 50 52  0 32 36 48 57 41 41]
  [ 0 55 31 34 59 30 37  0 54 52 53 37 41]
  [ 0 39 41 44 43 55 38 41  0 45 47 56 43]
  [ 0 57 44 44 35 45 47 58 42  0 47 47 39]
  [ 0 56 59 57 37 44 44 42 49 51  0 47 59]
  [ 0 59 54 38 45 56 39 36 40 45 59  0 44]
  [ 0 57 58 56 52 35 49 35 45 47 38 32  0]]

 [[ 0 54 49 50 47 41 49 52 51 35 45 40 35]
  [ 0  0 51 46 47 46 52 43 52 30 55 47 37]
  [ 0 33  0 56 30 36 37 49 56 38 38 47 40]
  [ 0 38 33  0 42 37 48 43 50 32 38 40 42]
  [ 0 33 36 44  0 50 42 41 39 40 41 33 41]
  [ 0 42 48 45 51  0 56 34 36 49 30 42 58]
  [ 0 43 51 55 48 41  0 53 57 36 32 49 44]
  [ 0 56 37 58 49 52 33  0 33 31 31 33 46]
  [ 0 30 32 45 30 47 42 40  0 51 32 34 33]
  [ 0 41 43 42 50 30 36 33 41  0 35 43 54]
  [ 0 56 44 56 39 32 33 58 33 31  0 42 30]
  [ 0 53 37 53 56 56 34 59 57 30 56  0 48]
  [ 0 59 43 38 58 33 59 43 53 40 42 47  0]]

 [[ 0 45 31 57 34 59 38 43 56 36 46 55 51]
  [ 0  0 47 36 46 38 53 46 39 30 30 52 37]
  [ 0 41  0 50 39 50 53 31 46 46 46 53 33]
  [ 0 49 44  0 53 47 52 49 54 31 45 43 53]
  [ 0 57 57 59  0 54 49 47 41 33 31 47 48]
  [ 0 30 38 38 47  0 47 52 54 46 40 48 41]
  [ 0 50 36 59 51 41  0 42 53 35 58 55 33]
  [ 0 52 40 42 30 30 55  0 59 52 45 41 37]
  [ 0 51 50 35 40 32 43 53  0 54 30 33 46]
  [ 0 48 51 33 39 42 45 33 38  0 32 59 32]
  [ 0 33 55 42 57 34 32 45 42 34  0 51 31]
  [ 0 51 57 50 59 42 40 38 54 53 41  0 39]
  [ 0 45 35 57 50 56 45 38 32 58 41 51  0]]

 [[ 0 49 39 50 40 36 34 40 55 45 49 32 36]
  [ 0  0 32 58 34 52 41 39 38 30 46 55 51]
  [ 0 51  0 58 36 47 40 43 55 55 36 35 38]
  [ 0 33 33  0 45 46 32 30 55 41 58 52 43]
  [ 0 37 31 31  0 30 51 40 40 47 50 36 43]
  [ 0 36 58 39 52  0 50 32 30 38 31 53 56]
  [ 0 49 45 41 30 47  0 46 33 35 51 49 31]
  [ 0 41 59 48 55 40 39  0 44 37 54 58 47]
  [ 0 59 41 42 39 55 40 39  0 33 48 47 45]
  [ 0 52 31 56 32 41 43 48 33  0 37 50 42]
  [ 0 49 38 45 46 50 37 49 52 42  0 59 46]
  [ 0 58 57 39 53 39 44 57 30 48 44  0 41]
  [ 0 52 44 56 49 58 37 41 49 40 49 34  0]]

 [[ 0 58 30 37 48 44 38 58 38 47 45 31 42]
  [ 0  0 43 37 59 52 57 41 43 33 47 37 59]
  [ 0 37  0 58 43 32 40 54 38 39 49 50 50]
  [ 0 52 45  0 49 48 54 58 53 52 51 54 38]
  [ 0 33 30 32  0 30 38 56 41 43 34 41 36]
  [ 0 47 56 39 50  0 57 54 59 33 30 34 44]
  [ 0 50 32 57 50 37  0 35 34 41 48 55 52]
  [ 0 59 30 31 54 36 40  0 55 32 54 39 30]
  [ 0 54 47 53 34 59 58 36  0 40 33 49 42]
  [ 0 40 52 54 50 44 38 57 40  0 40 52 45]
  [ 0 37 50 32 52 32 48 54 56 48  0 54 32]
  [ 0 45 39 49 36 31 47 43 48 46 50  0 33]
  [ 0 39 39 37 59 58 43 43 50 37 38 54  0]]

 [[ 0 47 52 55 56 34 47 55 44 50 32 36 55]
  [ 0  0 41 38 49 42 37 43 30 56 53 39 54]
  [ 0 43  0 50 59 35 31 56 30 31 54 57 49]
  [ 0 43 50  0 47 32 56 35 50 58 31 49 46]
  [ 0 34 31 31  0 44 50 56 49 59 32 51 30]
  [ 0 31 41 51 52  0 55 56 47 38 32 55 39]
  [ 0 55 54 34 59 47  0 35 39 30 46 45 37]
  [ 0 33 42 30 56 53 47  0 52 49 45 30 32]
  [ 0 58 46 50 44 49 57 36  0 53 41 45 53]
  [ 0 48 34 42 43 59 36 52 32  0 59 38 43]
  [ 0 40 39 57 52 54 31 40 51 51  0 54 57]
  [ 0 45 44 38 35 33 45 58 39 32 48  0 47]
  [ 0 36 39 41 44 30 44 49 54 57 37 47  0]]

 [[ 0 47 34 46 58 40 53 55 49 40 36 36 37]
  [ 0  0 49 56 47 59 46 38 41 48 33 42 30]
  [ 0 40  0 42 47 54 45 36 44 31 48 37 51]
  [ 0 44 49  0 32 49 35 46 53 48 34 56 51]
  [ 0 38 31 43  0 52 34 59 42 56 43 30 50]
  [ 0 48 31 41 35  0 41 33 52 49 40 47 50]
  [ 0 47 52 39 48 54  0 57 45 44 38 35 47]
  [ 0 48 56 38 43 40 33  0 38 35 51 31 44]
  [ 0 33 35 43 32 40 31 50  0 35 49 52 41]
  [ 0 37 37 43 35 46 46 40 52  0 39 34 49]
  [ 0 59 53 40 59 38 41 43 52 58  0 37 30]
  [ 0 34 39 58 37 57 36 32 33 37 53  0 48]
  [ 0 40 39 44 33 32 34 58 35 40 53 41  0]]

 [[ 0 41 49 47 57 57 52 57 30 41 53 47 44]
  [ 0  0 30 58 48 44 36 47 38 47 44 53 47]
  [ 0 54  0 48 30 38 32 44 48 39 56 54 36]
  [ 0 44 39  0 59 40 44 41 51 43 46 47 56]
  [ 0 48 37 44  0 53 49 36 49 58 50 59 59]
  [ 0 53 38 51 41  0 30 40 55 42 54 47 51]
  [ 0 40 57 39 34 31  0 37 33 41 50 32 52]
  [ 0 39 47 31 44 36 56  0 34 55 47 56 30]
  [ 0 52 31 48 44 59 54 57  0 38 58 59 35]
  [ 0 34 39 55 40 33 55 31 44  0 49 52 40]
  [ 0 57 43 50 31 37 49 46 39 35  0 53 54]
  [ 0 44 51 51 57 52 37 45 44 46 43  0 53]
  [ 0 57 40 37 39 58 46 59 48 37 40 34  0]]

 [[ 0 34 30 52 55 53 34 55 31 59 31 36 46]
  [ 0  0 53 37 59 30 36 46 46 49 39 40 57]
  [ 0 50  0 40 47 47 52 45 39 33 31 42 38]
  [ 0 35 47  0 42 32 59 54 33 33 45 44 36]
  [ 0 53 38 58  0 31 43 51 52 59 55 30 32]
  [ 0 47 52 33 53  0 40 50 40 30 55 44 42]
  [ 0 38 30 39 43 52  0 57 36 46 33 51 56]
  [ 0 35 59 40 32 35 44  0 46 58 46 47 35]
  [ 0 37 32 57 51 36 46 58  0 35 50 39 31]
  [ 0 32 52 51 54 42 42 59 40  0 40 56 44]
  [ 0 38 45 31 41 56 53 42 48 58  0 42 37]
  [ 0 42 50 35 35 40 55 56 55 39 43  0 59]
  [ 0 45 58 34 47 36 38 44 55 40 36 44  0]]

 [[ 0 51 42 39 56 47 45 59 52 37 30 40 38]
  [ 0  0 37 49 45 35 30 46 42 48 30 52 56]
  [ 0 58  0 58 47 35 34 50 32 31 52 56 43]
  [ 0 39 33  0 49 39 51 54 35 34 40 50 40]
  [ 0 32 42 49  0 55 58 46 53 56 32 39 58]
  [ 0 37 41 58 33  0 54 35 47 56 44 41 44]
  [ 0 53 51 38 34 45  0 49 38 52 49 58 49]
  [ 0 34 30 41 47 57 57  0 41 54 59 52 56]
  [ 0 55 42 31 56 49 35 31  0 35 37 39 38]
  [ 0 41 44 49 33 54 55 41 33  0 42 46 35]
  [ 0 48 43 33 58 51 31 35 50 36  0 58 56]
  [ 0 34 37 52 50 30 58 49 46 33 47  0 46]
  [ 0 39 43 31 49 33 44 38 35 48 51 35  0]]]
end
fixed_cost
[[2809 2829 2759 2783 2767 2832 2780 2848 2778 2793]]
end
unit_cost
[[33 62 65 65 51 68 55 49 52 50]]
end
job2fam
[[1 0 0 0 0 0 0 0 0 0 0 0 0 0 0 0 0 0 0 0 0 0 0 0 0 0 0 0 0 0 0 0 0 0 0 0
  0 0 0 0 0 0 0 0 0 0 0 0 0 0 0 0 0 0 0 0 0 0 0 0 0 0 0 0 0 0 0 0 0 0 0 0
  0 0 0 0 0 0 0 0 0 0 0 0 0 0 0 0 0 0 0]
 [0 1 0 0 0 0 0 0 0 0 0 0 0 0 0 0 0 0 0 0 1 0 0 0 0 0 0 0 0 1 0 0 0 0 0 0
  0 0 0 0 1 0 0 1 0 0 0 0 0 0 0 0 0 0 0 0 0 0 0 0 0 0 0 0 0 0 0 0 0 0 0 0
  1 0 0 0 0 0 0 0 0 0 0 0 0 0 0 0 0 0 0]
 [0 0 0 0 0 0 0 0 0 0 0 0 0 0 0 0 0 0 1 0 0 0 0 1 0 0 1 0 0 0 0 0 0 0 0 0
  0 0 0 0 0 0 0 0 1 0 0 0 1 0 0 0 1 0 0 1 1 0 0 0 0 0 0 0 0 0 0 0 0 0 0 1
  0 0 0 0 0 0 0 0 0 1 0 0 0 0 0 0 0 0 0]
 [0 0 1 0 0 0 0 0 0 0 0 0 0 0 0 0 0 0 0 0 0 0 0 0 0 0 0 0 0 0 0 0 0 0 0 0
  0 0 0 0 0 0 1 0 0 0 0 0 0 0 0 0 0 0 0 0 0 1 0 0 0 0 0 0 0 0 0 0 0 0 0 0
  0 0 1 0 0 0 0 1 0 0 1 0 0 0 0 0 0 0 1]
 [0 0 0 1 0 0 0 0 0 0 0 0 1 0 0 0 0 1 0 0 0 0 0 0 0 0 0 0 0 0 0 0 0 0 0 0
  0 0 0 0 0 1 0 0 0 1 0 1 0 0 1 0 0 0 1 0 0 0 0 0 0 0 0 0 0 0 0 0 0 0 0 0
  0 0 0 0 0 0 0 0 0 0 0 0 0 0 0 0 0 1 0]
 [0 0 0 0 0 0 0 0 0 1 0 0 0 0 0 0 0 0 0 0 0 1 0 0 0 0 0 0 1 0 0 0 0 0 0 0
  0 0 0 0 0 0 0 0 0 0 1 0 0 0 0 0 0 0 0 0 0 0 0 0 0 0 0 0 0 1 0 1 0 0 1 0
  0 0 0 0 0 0 0 0 0 0 0 0 0 0 0 0 0 0 0]
 [0 0 0 0 0 0 0 0 0 0 0 1 0 0 0 0 0 0 0 0 0 0 1 0 0 0 0 0 0 0 0 1 0 0 0 1
  1 0 0 0 0 0 0 0 0 0 0 0 0 0 0 0 0 1 0 0 0 0 1 1 0 0 0 0 0 0 0 0 0 0 0 0
  0 0 0 0 0 0 1 0 0 0 0 0 0 0 1 0 0 0 0]
 [0 0 0 0 0 1 0 0 0 0 0 0 0 0 0 1 0 0 0 0 0 0 0 0 1 0 0 0 0 0 0 0 0 0 0 0
  0 0 0 0 0 0 0 0 0 0 0 0 0 0 0 0 0 0 0 0 0 0 0 0 0 1 1 0 0 0 0 0 0 0 0 0
  0 0 0 0 1 0 0 0 1 0 0 0 0 0 0 1 0 0 0]
 [0 0 0 0 1 0 0 0 1 0 1 0 0 1 0 0 0 0 0 0 0 0 0 0 0 1 0 1 0 0 0 0 0 0 0 0
  0 0 0 0 0 0 0 0 0 0 0 0 0 0 0 1 0 0 0 0 0 0 0 0 0 0 0 0 0 0 0 0 0 1 0 0
  0 0 0 0 0 0 0 0 0 0 0 0 1 1 0 0 0 0 0]
 [0 0 0 0 0 0 0 1 0 0 0 0 0 0 0 0 0 0 0 0 0 0 0 0 0 0 0 0 0 0 0 0 0 1 0 0
  0 0 0 0 0 0 0 0 0 0 0 0 0 1 0 0 0 0 0 0 0 0 0 0 0 0 0 0 0 0 0 0 0 0 0 0
  0 1 0 0 0 1 0 0 0 0 0 0 0 0 0 0 1 0 0]
 [0 0 0 0 0 0 1 0 0 0 0 0 0 0 1 0 1 0 0 1 0 0 0 0 0 0 0 0 0 0 0 0 1 0 0 0
  0 0 1 0 0 0 0 0 0 0 0 0 0 0 0 0 0 0 0 0 0 0 0 0 0 0 0 0 0 0 1 0 0 0 0 0
  0 0 0 0 0 0 0 0 0 0 0 0 0 0 0 0 0 0 0]
 [0 0 0 0 0 0 0 0 0 0 0 0 0 0 0 0 0 0 0 0 0 0 0 0 0 0 0 0 0 0 1 0 0 0 1 0
  0 0 0 0 0 0 0 0 0 0 0 0 0 0 0 0 0 0 0 0 0 0 0 0 1 0 0 0 1 0 0 0 0 0 0 0
  0 0 0 1 0 0 0 0 0 0 0 0 0 0 0 0 0 0 0]
 [0 0 0 0 0 0 0 0 0 0 0 0 0 0 0 0 0 0 0 0 0 0 0 0 0 0 0 0 0 0 0 0 0 0 0 0
  0 1 0 1 0 0 0 0 0 0 0 0 0 0 0 0 0 0 0 0 0 0 0 0 0 0 0 1 0 0 0 0 1 0 0 0
  0 0 0 0 0 0 0 0 0 0 0 1 0 0 0 0 0 0 0]]
end
