mac
10
end
job
100
end
fam
5
end
proc_times
[[  0  48  19  74  29  22  23  85  89  52  22  27  92  69  16  53   1  18
   28  47  10  11  37  45  50  96  61  85   7  46  16   5  33   3  50  97
   72  56  15  99  95  88   1  86  67  56  72  33  94  21  90  14  50  69
    1  15  55  14  23  64  96  72  73  73  81  34  60  11  91  19  70   6
   14  85  89  11  56   5  88  30  39   3  33 100  26  28  16  80  37  76
   90   1  62  92  20  82  19  77  21  42  16]
 [  0  87  10  23  69  55   5  99  68  85  93  36  89  46  26  33  51  64
   73  80  11  36  32  91  33  14  96  46  75  19   2  67  43  14   8  15
   15  79  92  49  30  26  16  92  15  56  84  50  86  96  95  95  66   9
   24  44  52  32  12  40  46  99   6  39  35  72  22  80  51  29  87  79
   67  17  85  38  43  72  98  31  81  82   2  46   1  65  64  92  64  91
   62   5  49  74  94  90  16  85  34  70   6]
 [  0  63  77  94  57  79   8  40  13  54  91 100  98  96  97  38  85  68
    5  98  91  10  65  52  63  12  54  46  77  87  89   4  49  93  90  43
   49  21  36  17  96  91  29  19  21  85  53  42  33  79  43  23  90  19
   40  20  73  70  67  18  21  75  76  69  88  19  92  92  30  30 100  10
   21  97  29  74  26  54  82  70  76  79  47  41  46  20  85  35  53  70
   36  54  91  48  10   8  94  82  29  77  76]
 [  0  92  77  88  82   7  13  86  99  54  82  27  88  16  28  53  80  71
    2  68  88  78  31  88  96  38  18  40  64  41  22  20  86  79 100  82
   17  76  53  24  33  31  54  93  87  61  41  88  88  91  90  18  37  83
   89  87   1  81  47  76  47  42  90  39  59  37  86  56  38  25  27  12
   35  14  43  12  66  80  98   3   6  65  32  12  61  69  76   5  54   8
   96  53   4  79  21  54  56   6  53  40  54]
 [  0  91   9  10  51  43  91  47  55  26  93  23  53  44  78  42  81  98
   39  79  94  55  15  47  43   6  67  64  71  28  23  29  10  53  75  13
   57  53  98  97  10  82  64  71  70  76  82  43  48  58  55  21  13   3
   11  13  85  41 100  38  87  71  86  25  74  45  95  24  50  32  10  79
   33 100  80  22   2  94  74  46  81  61  58  85   5  67   5  34  65  48
   91  39  51   7  73  54  11  17  29  93  67]
 [  0  79  36  56  19  36  16  93  70  19  38  65  44  15  27  23  78   9
   19  35   5  39  81  56  27  78   9  81  98  57  75  30  89  51   8  44
   61  42  49   5  94  97  96   8  65  29  86  28  26  88  85 100  89  96
   45  58  43   1  33  23  65  71   7  49  88  58  61  84  25  79  80  34
    6  13  20  18  78  47  89  34  75  56  99  36  76  47  75   9  70  88
   96  50  22  75  25  52  39  28  44  24  43]
 [  0  16  30  33  41  58  47  76  53  91  69  59  99  44  92  61  67   1
    2  97  35  89  82  51  75  10  16  77  66  38  31  58  98  81  60   6
   50  29  74  61  20  66  41  76  21  28  94  33  54  74  23  83  72  86
   76  87  74  69  25  99  74  18  32  43  54  22  29  45  96  76 100  26
   13  44   8  91  92  42 100  51  46  57  64  87  54  74  19  12  90   6
   16  37  32  90  65  76  42  49  65  79  82]
 [  0  40  59  14  50  37  12  77  66  14  10  21  15  46  41  63  57  89
    1  92  74   3  85  71  25  49  90  55  77  98  37  39  32  58  26   4
   97   7  77  60   6  91  67  75   8  22  70  57  49  37  73  23  35  54
    1  80  98  53  73  11  34  41   6  79  51  17  56  84  86  75  92  20
    1   7  91  44  57  63   1  55  75  90  63   4  55   2  29  97   6  89
   77  72  28  72  67  87  21  81  47  25  15]
 [  0   8  94  80  73  85  14  34  86   9  94  82  37  76  24  52  92  70
   44  84   2  36  11  21  83  49  99  90  35  99  86  94   2  56   8  88
   48  78  82  46  59  92  71  98  75  24  39  14  68  41  40  70  92  49
   15  86   4  48  74  52   6  72  66  50  28  27  63  70  88  25  20  63
   45  95  70  79  70  82  14   2  13  82  87  63  81  19  14   7  61  86
   34  62  61  57   6  55  61  37  54  18  88]
 [  0  13   7  14  18  22  84  42  84  14  39  46 100  55  38  50  68  37
   45  41  42  65  27  75  95  74  78  59  40  72  81  31  71   6  65  37
   63  64   7  48  82  58  15  16  63  85  72  72  68  74  87  19  89  66
   40  87  86  31  40 100  58  38  58  86  28  83  98  42  14  24  75  19
   31  14  78  19  57  91  82  91  43  80  57  86  12  33   7  15  37  59
   94  72  38  20  27  42  76  19  42   1   1]]
end
weight
[[ 0 73 76  3 98 20 70 85 60 37 53 36 47 30 25 96 63 43 69 50 28 94 22 80
  68 71 24 12 80 89 50 71 55 89  9 78 39 20 33 57 10  9 23 90 96 14 74 82
  45 28 66 48 10 88 63 78 87 40 96 68 52 61 54 27 10 55 82  5 42 16 29 24
  81 72 77 60 16 81  4  2 90 53 25 49  5 81 41 77 91 86 13 59 84 14 60 60
  64 13 79 43 71]]
end
setup_times
[[[ 0 33 32 32 42 58]
  [ 0  0 32 57 54 37]
  [ 0 51  0 38 51 53]
  [ 0 53 42  0 41 58]
  [ 0 34 46 31  0 44]
  [ 0 46 57 57 51  0]]

 [[ 0 54 50 55 31 38]
  [ 0  0 51 31 42 41]
  [ 0 46  0 52 39 57]
  [ 0 34 39  0 41 58]
  [ 0 44 37 36  0 40]
  [ 0 41 40 42 58  0]]

 [[ 0 40 46 30 57 52]
  [ 0  0 38 59 47 52]
  [ 0 33  0 43 43 39]
  [ 0 53 47  0 48 58]
  [ 0 38 48 45  0 43]
  [ 0 56 56 52 30  0]]

 [[ 0 41 30 33 34 50]
  [ 0  0 33 45 42 44]
  [ 0 45  0 50 33 56]
  [ 0 54 52  0 58 45]
  [ 0 48 44 37  0 37]
  [ 0 53 38 30 31  0]]

 [[ 0 43 30 57 43 39]
  [ 0  0 46 42 40 38]
  [ 0 55  0 49 45 42]
  [ 0 42 35  0 32 31]
  [ 0 47 47 52  0 51]
  [ 0 37 49 58 39  0]]

 [[ 0 32 46 46 37 40]
  [ 0  0 42 35 31 54]
  [ 0 56  0 37 48 43]
  [ 0 31 48  0 34 53]
  [ 0 39 33 42  0 59]
  [ 0 55 51 50 42  0]]

 [[ 0 30 59 52 31 33]
  [ 0  0 42 46 44 47]
  [ 0 57  0 45 51 48]
  [ 0 48 35  0 39 39]
  [ 0 45 37 58  0 49]
  [ 0 38 40 50 44  0]]

 [[ 0 55 49 50 40 54]
  [ 0  0 31 54 59 59]
  [ 0 35  0 43 55 37]
  [ 0 39 38  0 35 53]
  [ 0 38 50 38  0 59]
  [ 0 34 45 35 36  0]]

 [[ 0 58 52 36 50 48]
  [ 0  0 57 55 52 41]
  [ 0 34  0 34 44 59]
  [ 0 39 41  0 34 34]
  [ 0 57 55 41  0 51]
  [ 0 58 46 30 30  0]]

 [[ 0 41 41 36 54 40]
  [ 0  0 46 52 44 53]
  [ 0 58  0 54 58 44]
  [ 0 52 41  0 37 48]
  [ 0 35 56 56  0 48]
  [ 0 43 51 40 44  0]]]
end
fixed_cost
[[2727 2715 2742 2714 2768 2783 2714 2774 2736 2706]]
end
unit_cost
[[57 41 37 61 60 70 38 49 67 47]]
end
job2fam
[[1 0 0 0 0 0 0 0 0 0 0 0 0 0 0 0 0 0 0 0 0 0 0 0 0 0 0 0 0 0 0 0 0 0 0 0
  0 0 0 0 0 0 0 0 0 0 0 0 0 0 0 0 0 0 0 0 0 0 0 0 0 0 0 0 0 0 0 0 0 0 0 0
  0 0 0 0 0 0 0 0 0 0 0 0 0 0 0 0 0 0 0 0 0 0 0 0 0 0 0 0 0]
 [0 0 0 0 0 0 0 0 0 0 0 0 0 0 0 0 1 0 1 0 0 0 0 0 0 0 0 1 0 0 0 0 0 0 0 0
  0 1 0 0 1 0 0 0 0 1 0 0 0 0 0 0 0 1 1 1 0 0 0 0 1 0 1 1 0 0 0 0 0 0 0 0
  0 0 0 0 1 0 0 0 0 0 1 0 0 0 0 0 1 1 1 0 0 0 0 0 0 1 0 0 0]
 [0 0 1 0 0 0 1 1 0 0 1 0 0 0 0 1 0 0 0 0 0 0 1 0 0 0 1 0 0 0 0 1 0 1 0 0
  0 0 0 0 0 0 0 1 0 0 0 0 1 0 0 1 1 0 0 0 0 0 0 0 0 0 0 0 0 0 1 1 0 0 0 1
  0 0 0 0 0 1 0 0 0 0 0 0 0 0 1 0 0 0 0 1 0 1 0 0 1 0 1 0 0]
 [0 1 0 0 1 0 0 0 0 0 0 0 1 1 1 0 0 1 0 0 1 0 0 0 1 0 0 0 0 1 0 0 0 0 0 1
  1 0 0 0 0 1 0 0 0 0 0 0 0 1 1 0 0 0 0 0 0 1 0 0 0 0 0 0 0 0 0 0 1 1 0 0
  0 0 0 1 0 0 0 0 0 1 0 0 1 0 0 0 0 0 0 0 0 0 0 0 0 0 0 0 0]
 [0 0 0 0 0 1 0 0 1 1 0 0 0 0 0 0 0 0 0 1 0 1 0 0 0 0 0 0 1 0 0 0 1 0 0 0
  0 0 1 1 0 0 1 0 0 0 1 0 0 0 0 0 0 0 0 0 0 0 0 1 0 0 0 0 1 1 0 0 0 0 1 0
  1 0 0 0 0 0 1 0 1 0 0 1 0 1 0 0 0 0 0 0 1 0 1 0 0 0 0 0 1]
 [0 0 0 1 0 0 0 0 0 0 0 1 0 0 0 0 0 0 0 0 0 0 0 1 0 1 0 0 0 0 1 0 0 0 1 0
  0 0 0 0 0 0 0 0 1 0 0 1 0 0 0 0 0 0 0 0 1 0 1 0 0 1 0 0 0 0 0 0 0 0 0 0
  0 1 1 0 0 0 0 1 0 0 0 0 0 0 0 1 0 0 0 0 0 0 0 1 0 0 0 1 0]]
end
