mac
10
end
job
100
end
fam
5
end
proc_times
[[  0  52  38  37  27  64  59   3  15  32  85  68  70  41  66  87  46  88
   46  86  82  62   3  80  60  33   2  63  13  70  49  57  83  45  31  95
   25   2  59  33  83  84  46   3  69  31   8  93  19   5  29  94  42  44
   99   4  61  58  65  43  53  24   7  23  60  26   3  85  84  72  95  33
   85  10  66 100  65  40  95  69   6  64  38  88  64  44  46  85   8  36
  100  10   7  34  62  67  10  16  63  74  53]
 [  0  40  97  20  96  16  89  50  35  56   7  14  60  58  56  11  35   2
   10  47  34  81  22  77  15  20  51  32  49  12  97  25   8  30  65  13
   12  30  88  36  22  52  48  26  30  40  12  56  47  87  42  11  31  93
   61  28  85  28  75  12  75  85  39  86  77  26  89  43   6  61  77  92
   99  92  59  56  29  57  96  62  35  97  68  92  14  11   6  70  68  88
   40  25   6  18  30  40   7  36   6  84   7]
 [  0  14  29  37  61  87  29  49  84  57  93  97  45  77  21  43  81  30
   26  93  25  95  25  59  66  39  39  76   8  39   3  86  76  98  49  81
   39  87  64 100  82  46  23  61  13  73  89  52   8   2  45  52   7  68
    7  86  68   8   8  98  32  51   1  35  55   4   3  27  51  93  36 100
    1  66  99  10  68  66  78  69  98  19  11  41  96  23  23  46  95  65
   82  39   5   5   2  92  32  88  63  79  79]
 [  0  41  17  13  76  99  84  32  12   5  23  74  29  78   4  32  32  34
   52  15  69  37  40  73  51  54   9 100  94  99  69   3  22  93  18  13
   77  89  38  26  52  21  13  35  50  79  59  15  21  91  96  21  43  19
   40  77  25  82  98  24  48  96  99  83  29  35  45  58  34  95  84   5
   59  55  42  60  59  52  63  10  93  85  13  89  30  83  97  20  17  56
    3  18  52   8  87   9  69  57  13  29  38]
 [  0  50  85  73   7  94  96  58  38  26  55  66  65  97  83  38  79   8
   34  42  46  28  24  58  44  37  87  47  79   2  25  15  87  69  18  73
   11  35  64  59  97  77  25  94  98  26  18  96  74 100  61  28  36  55
   34   1  35  44  47  34  18  41  92   6  40  47  73  55  57  51  59  70
   18  38  10  67  77  42  31 100  99  63  58  91  40   4  10  26  21  44
   16  72  20  44  60  98  68  59  90  84  85]
 [  0  37  30  28  97  27  96  70  97   7   7  32  73  36  23  13  85  50
   67  12  29  50  47  90  32  52  33  36  56   4  42  95   6  39  39  20
   71   4  19  81  25  75  15  16   8  33  75  56  95  15  58  80  33  53
   14 100  71  41  90  94  38   7  94  50   3  79  71  12  79  68  19  28
   86  97  24  36  73  59  89  94  13  89  86  11  86  28   5  75  77  36
   85  15  73  66  15  31  22  87  15  32  42]
 [  0  94  62  46  29  96   2  72  54  31  85  43  60  11  86  29  31  16
   58  26  59  59  39   2  48  50  34   8  34  22  90   1  84  83  38  93
   85   2  90  22  11   9  69  14  61  52  67  33  87  65  27  38  22  43
   46  84  91  21  86  61  10  52   5  95  56  80  12  43  81  34  73  49
   54  19  57  91  41   5  27   6  20  42  15  79  35  18  95  70  78  50
   81  28   1  32  95   4   1  39  80  75  81]
 [  0  87  56  34  26  68  43  44  73  12  98  42  43  26  23  51  99  79
   23  41   3 100  32  20  40   3  22  97  55  73  59  63  64  72  26  80
   79  12  29  41  81  79  89  64  36  61  22  31  70  51  46  15  58  97
   24  69  59  78  45  59  89  13  23  82  11  35  74  95  15  76  84  12
   14  79  85  94   6  47  61   7  65   5   8  51  65   3  76  22  14  52
   69  99  60  74  32  15  70  51  74  96  20]
 [  0  21  80  83   6  23  24  86  71  10  57  86  39  27  52  10  86  57
   97   8  97  64  21  39  71   8  68   5  46  36  60  84  36   2  28  91
   69   5  52  22  49  68  51  88  27  77  29  61  88  25  21  21  40  85
    8  62   8 100  68 100  80  79  78  50  76  43  29  65  49  15  10   1
   75  54  20  37   4  72 100  39  95  44  84  87  71   4  40  98  47  22
   18  89  88  65  22  80  91  62  74  99  81]
 [  0  94  41  46  84  42  86  81  54  54  26  81  92  27  55  30  15  75
   27  71  11  70  69   7  24  51  81  92  54  44  55  92  92  67  20  23
   34  10  20   7  76  10   7  99  22   5  25  78  39  85  76  30  59  48
    7   8  62  57  47  93  63  85  40  63  81  79  51  63   9  93  90  60
   98  43  34   2   1  60  40  61  55  99  65  73  44  90  40  25  88  21
   41   1  57  87  41  63  30  39  23  16  83]]
end
weight
[[ 0 23 35 21 56 89 82 25 80 80 24 68 46 75 63 39 80 54 25 83 56 30 51 10
   5 47 43 61  4 84 14 85 72 84 48 68 45 13 34 33 59 74 79  5 39 14 24 75
  36 37  8 85 15 93 62 17 73 77 39 36 76 95 93 27 24 79 52 86 32 90 22 14
  78 38  9 38  4 48  2  3 24 68 91 32 73 93 43 58 80 76 75 97 77 20  3 41
  35 75 82 17 60]]
end
setup_times
[[[ 0 50 44 56 36 35]
  [ 0  0 35 54 40 51]
  [ 0 39  0 34 44 49]
  [ 0 54 47  0 36 51]
  [ 0 39 47 44  0 49]
  [ 0 53 53 37 51  0]]

 [[ 0 48 49 55 56 51]
  [ 0  0 51 48 30 55]
  [ 0 42  0 33 43 37]
  [ 0 36 45  0 47 52]
  [ 0 39 54 51  0 41]
  [ 0 52 47 54 37  0]]

 [[ 0 52 36 44 41 31]
  [ 0  0 50 36 56 36]
  [ 0 53  0 44 45 43]
  [ 0 44 34  0 52 41]
  [ 0 36 32 50  0 35]
  [ 0 44 47 51 44  0]]

 [[ 0 56 55 36 30 42]
  [ 0  0 58 32 51 52]
  [ 0 36  0 35 52 53]
  [ 0 57 46  0 41 39]
  [ 0 35 59 44  0 47]
  [ 0 59 41 46 34  0]]

 [[ 0 45 57 49 42 38]
  [ 0  0 33 36 43 38]
  [ 0 34  0 41 46 39]
  [ 0 36 51  0 51 53]
  [ 0 36 31 48  0 42]
  [ 0 32 40 54 30  0]]

 [[ 0 57 57 33 37 59]
  [ 0  0 30 49 43 49]
  [ 0 59  0 48 35 57]
  [ 0 40 50  0 53 45]
  [ 0 33 30 48  0 59]
  [ 0 42 45 40 45  0]]

 [[ 0 33 58 45 54 42]
  [ 0  0 57 36 31 51]
  [ 0 38  0 31 38 34]
  [ 0 55 40  0 48 30]
  [ 0 49 44 37  0 30]
  [ 0 58 42 43 39  0]]

 [[ 0 30 53 54 31 33]
  [ 0  0 48 37 54 32]
  [ 0 48  0 41 38 41]
  [ 0 53 48  0 47 41]
  [ 0 54 40 38  0 51]
  [ 0 57 50 53 45  0]]

 [[ 0 30 38 54 38 45]
  [ 0  0 32 38 52 34]
  [ 0 54  0 48 55 36]
  [ 0 45 56  0 30 32]
  [ 0 34 38 58  0 59]
  [ 0 33 36 31 30  0]]

 [[ 0 57 45 36 55 51]
  [ 0  0 49 51 42 54]
  [ 0 48  0 56 35 49]
  [ 0 55 46  0 51 46]
  [ 0 32 32 44  0 53]
  [ 0 46 40 30 57  0]]]
end
fixed_cost
[[2483 2499 2469 2444 2447 2460 2530 2459 2523 2512]]
end
unit_cost
[[35 48 68 44 35 45 60 39 54 70]]
end
job2fam
[[1 0 0 0 0 0 0 0 0 0 0 0 0 0 0 0 0 0 0 0 0 0 0 0 0 0 0 0 0 0 0 0 0 0 0 0
  0 0 0 0 0 0 0 0 0 0 0 0 0 0 0 0 0 0 0 0 0 0 0 0 0 0 0 0 0 0 0 0 0 0 0 0
  0 0 0 0 0 0 0 0 0 0 0 0 0 0 0 0 0 0 0 0 0 0 0 0 0 0 0 0 0]
 [0 0 0 0 0 0 0 0 0 0 0 0 0 0 0 0 1 0 1 0 0 0 0 0 0 0 0 1 0 0 0 0 0 0 0 0
  0 1 0 0 1 0 0 0 0 1 0 0 0 0 0 0 0 1 1 1 0 0 0 0 1 0 1 1 0 0 0 0 0 0 0 0
  0 0 0 0 1 0 0 0 0 0 1 0 0 0 0 0 1 1 1 0 0 0 0 0 0 1 0 0 0]
 [0 0 1 0 0 0 1 1 0 0 1 0 0 0 0 1 0 0 0 0 0 0 1 0 0 0 1 0 0 0 0 1 0 1 0 0
  0 0 0 0 0 0 0 1 0 0 0 0 1 0 0 1 1 0 0 0 0 0 0 0 0 0 0 0 0 0 1 1 0 0 0 1
  0 0 0 0 0 1 0 0 0 0 0 0 0 0 1 0 0 0 0 1 0 1 0 0 1 0 1 0 0]
 [0 1 0 0 1 0 0 0 0 0 0 0 1 1 1 0 0 1 0 0 1 0 0 0 1 0 0 0 0 1 0 0 0 0 0 1
  1 0 0 0 0 1 0 0 0 0 0 0 0 1 1 0 0 0 0 0 0 1 0 0 0 0 0 0 0 0 0 0 1 1 0 0
  0 0 0 1 0 0 0 0 0 1 0 0 1 0 0 0 0 0 0 0 0 0 0 0 0 0 0 0 0]
 [0 0 0 0 0 1 0 0 1 1 0 0 0 0 0 0 0 0 0 1 0 1 0 0 0 0 0 0 1 0 0 0 1 0 0 0
  0 0 1 1 0 0 1 0 0 0 1 0 0 0 0 0 0 0 0 0 0 0 0 1 0 0 0 0 1 1 0 0 0 0 1 0
  1 0 0 0 0 0 1 0 1 0 0 1 0 1 0 0 0 0 0 0 1 0 1 0 0 0 0 0 1]
 [0 0 0 1 0 0 0 0 0 0 0 1 0 0 0 0 0 0 0 0 0 0 0 1 0 1 0 0 0 0 1 0 0 0 1 0
  0 0 0 0 0 0 0 0 1 0 0 1 0 0 0 0 0 0 0 0 1 0 1 0 0 1 0 0 0 0 0 0 0 0 0 0
  0 1 1 0 0 0 0 1 0 0 0 0 0 0 0 1 0 0 0 0 0 0 0 1 0 0 0 1 0]]
end
