mac
10
end
job
100
end
fam
5
end
proc_times
[[  0  57  96  47  50  88  47  21   1  74  18  58  82  33  60  35  62  98
   28  79  79   8  24  49  79  65  96  22  46  85  20  39  25  53  55 100
    6  29  65  70  70  62  92  29  59  28  40  86  23   4  81  59  20  90
   26  16  77  68  38  40   7  72  84  41  28  10  28  45   8  25   9  52
   63  64  13   1  28  58  49  90  44  23  76  72  32  52   9  75  73  17
   27   7  18  26  87  80  58  93  79  47  67]
 [  0  87  39   9  88   9  94  50  71  53  32  83  66  12  30  23  23  64
   56  65  82  23  34  30  32   4  43  21  66  26  99  98  74   5   4  23
    7  25  18  63  30  96  36  13  79  47  54  29  43   9  11   7  53  67
   28  36  74  24  59  36   7  37   9  17  22  84  13  89  43  96  55  39
   66  13  81  20  94  78  97  21  97  71  53  98  74  40  14  42  54  89
   64  47  13  86  53  79   1  72  22  24  33]
 [  0  46  82   7   9  48  76  24  93   6  65  10  91  29  58  27  29  38
    4  13  61   4  19  23  82  82  89  11  60   2  61   9  58  94  15  98
   99  24  56  43  22  22  53  74   1  84  64  63  33  16  36  45  22  74
   57  45  80  98   9  29  29  78  84  38  77  97  39  97   3  43  35  18
   31  24  26  48  82  73  51  24  30  37  82  27  87  60  69  52   7   8
   66  45  91   4  64  32  49  81  85  69  30]
 [  0  49  24  50  59  80  47  64  85  80  47  22  70  25  74  40  72  32
   41  41  34  82  33  74  87  53  25  37  82  61  96 100  43  19  65  87
   56  27  36  43  96  97  33  73  77   4  95  76  56  20  81  10  72  35
   81  74  25  19  53   7  55  49  15  39  27  96  29   5   2  45  13  92
   16  54  87  89  28  53  24  36  34  35  82  19  93  17  41  69  32   3
   49   4  56  21  15   8  10  53  47   7  34]
 [  0  63  77  39  72  21  30  57  39 100  35  54  36  85  89  87  48  80
   92  76  38  24  62  93  58  82  73  64  90  41  67  91  78  62  60  75
   66  36  48  89  47  43  16  73  81  11  29  82  22  43  23  54  96  74
   33  53  68  68  15  13   4  66  17  20 100  87  22  83  43  34  81  43
   69  61  25  18  16  58  17  99  69  93  33   7  67  11  38  54  23  28
   35  30  53   9  64  33  53  14  65  40  92]
 [  0  28  71  69  10  30  69  10  93  49  44  71  73  98  17  16  97  54
   84  83  98   9  30  56  49  80   2  24  69  41  95  27  24  80  20  81
   56  36  32  36  44  73  15  11  51  65  10  99  48  20  68  50   2   8
   20  53   8  25  11  75  74  64  73  13  66   4  43  85  47  95  95  34
   29  50   9  65  49  70   1  21  67   6  66  58   2  22  38  19   7  14
   18  70  54  16  70  73  59  98  50  13  72]
 [  0  93  89  68  57  45  87  94  63  60  87  71  52  61  94  76  72 100
   20  36  20  14  54  92   5   5  14  11  44  66  19  50  20  71  51  23
   27  58  60  47  82  22  37  99  98  80  86  46  78  39  51  93  24  47
   74   3  44  33  18   4  48  76  19  60   4  51  33  24  84  98   4  15
   47  35  96  68  63  46  33  40  92  71  82  90  20  50  78  18  70  87
   66  76  91  39  23  92  68  44  98  30  32]
 [  0   1  85  24  51  59  57  35  12  36   1  31  26  52  54  87  84  17
   86  72  83  34  62  33  83   3  41  12  66  78  17  25  24  15  83  47
   33  57  12  88  19  78  81   9  17   2  96  32  89  81  61  52  41  22
    7  68  27  44  49  73  72  24  63  89  33   4  68  19  47  16  27  98
   80  20  45  47  37  72  67  49  29  99   1  16  66  80  11  11  87  97
   84  47  66  80  76  67  98  83  92  49  20]
 [  0  30  65  78  99  12  27  31  94  15  67  97  30  49  18  87  77  74
   39   3 100  17  98  42  71  35   5  13  18  35  22  29  85  47  99   5
   33  63  44  35  86  47  53  45  66  21  19  27  58  10  69  15  72  45
   27  39  17  60  59   4  59  11  65   8  45  87  95   9  36  23  61  31
   94  37  88  80  28   1  32 100  40  95  56  93   9  53  73  20  54  55
   45  21  55  63   4  46  89  19  58  19  36]
 [  0  36  71  30  74  89  70  46  74  38  82  46  42  13  90  88  32  14
    8  94  84  63  10  57   2  44  74   7   2  78   9  66  49  90  77  77
   43  84  35   9  88  64  24  57  43  83  90  99  52  27  11  48  51   2
   32  30  22  84  56  35   5 100  20  60  87  96  15  76  49  68  70  44
   40  54  11  31  53  87  57  27   5  50  91  10  70  21  90  23  29  24
   90  27  92  97  52  26  49  37   6  40  68]]
end
weight
[[ 0 47 62 68 70  9  9  4 17 54 45 79 43 87 68 69 29 93 89 68 91 51 29 90
  16 69 54 50  9 20 86 53 88 85 31 59 34  1  1 93 40 84  4 28 97 25 62 70
   5  9 32 99 74 57 57 10  6 86  6 32 40  3 61 62 60 67  7 16 92 29 79 32
  30 51 84 57 19 25 89 60 13 48 16  2 82 13  1  8 77 48 66 94 22 98 25 11
  70 90 31 27 73]]
end
setup_times
[[[ 0 49 39 36 50 51]
  [ 0  0 59 33 47 30]
  [ 0 41  0 34 34 49]
  [ 0 54 31  0 56 53]
  [ 0 43 52 48  0 49]
  [ 0 38 50 42 42  0]]

 [[ 0 48 32 39 33 41]
  [ 0  0 45 45 56 45]
  [ 0 56  0 56 58 38]
  [ 0 43 55  0 55 46]
  [ 0 49 45 43  0 36]
  [ 0 59 51 41 45  0]]

 [[ 0 49 54 36 48 51]
  [ 0  0 52 35 37 56]
  [ 0 44  0 36 33 46]
  [ 0 45 55  0 34 34]
  [ 0 31 36 36  0 49]
  [ 0 31 33 45 53  0]]

 [[ 0 33 38 51 44 57]
  [ 0  0 55 54 58 36]
  [ 0 38  0 58 38 59]
  [ 0 50 38  0 40 41]
  [ 0 42 46 44  0 56]
  [ 0 41 45 55 47  0]]

 [[ 0 38 58 40 33 53]
  [ 0  0 57 48 33 53]
  [ 0 30  0 56 50 59]
  [ 0 45 59  0 34 39]
  [ 0 35 31 32  0 42]
  [ 0 54 55 41 40  0]]

 [[ 0 49 34 55 55 48]
  [ 0  0 53 44 39 41]
  [ 0 45  0 45 32 53]
  [ 0 43 34  0 56 44]
  [ 0 32 51 44  0 31]
  [ 0 46 31 55 48  0]]

 [[ 0 51 41 46 36 47]
  [ 0  0 48 39 49 52]
  [ 0 40  0 36 38 39]
  [ 0 54 31  0 44 46]
  [ 0 31 57 35  0 52]
  [ 0 53 55 54 47  0]]

 [[ 0 51 45 37 52 56]
  [ 0  0 33 57 40 35]
  [ 0 59  0 37 54 47]
  [ 0 42 37  0 37 40]
  [ 0 38 57 35  0 31]
  [ 0 47 50 48 37  0]]

 [[ 0 39 58 58 53 38]
  [ 0  0 37 51 42 36]
  [ 0 39  0 38 49 34]
  [ 0 44 43  0 53 38]
  [ 0 53 59 44  0 43]
  [ 0 32 42 34 32  0]]

 [[ 0 45 35 34 40 33]
  [ 0  0 47 50 32 45]
  [ 0 44  0 36 38 34]
  [ 0 33 35  0 38 34]
  [ 0 32 45 54  0 48]
  [ 0 30 52 43 38  0]]]
end
fixed_cost
[[2177 2229 2165 2193 2221 2190 2231 2211 2168 2218]]
end
unit_cost
[[61 58 32 48 36 40 53 48 39 33]]
end
job2fam
[[1 0 0 0 0 0 0 0 0 0 0 0 0 0 0 0 0 0 0 0 0 0 0 0 0 0 0 0 0 0 0 0 0 0 0 0
  0 0 0 0 0 0 0 0 0 0 0 0 0 0 0 0 0 0 0 0 0 0 0 0 0 0 0 0 0 0 0 0 0 0 0 0
  0 0 0 0 0 0 0 0 0 0 0 0 0 0 0 0 0 0 0 0 0 0 0 0 0 0 0 0 0]
 [0 0 0 0 0 0 0 0 0 0 0 0 0 0 0 0 1 0 1 0 0 0 0 0 0 0 0 1 0 0 0 0 0 0 0 0
  0 1 0 0 1 0 0 0 0 1 0 0 0 0 0 0 0 1 1 1 0 0 0 0 1 0 1 1 0 0 0 0 0 0 0 0
  0 0 0 0 1 0 0 0 0 0 1 0 0 0 0 0 1 1 1 0 0 0 0 0 0 1 0 0 0]
 [0 0 1 0 0 0 1 1 0 0 1 0 0 0 0 1 0 0 0 0 0 0 1 0 0 0 1 0 0 0 0 1 0 1 0 0
  0 0 0 0 0 0 0 1 0 0 0 0 1 0 0 1 1 0 0 0 0 0 0 0 0 0 0 0 0 0 1 1 0 0 0 1
  0 0 0 0 0 1 0 0 0 0 0 0 0 0 1 0 0 0 0 1 0 1 0 0 1 0 1 0 0]
 [0 1 0 0 1 0 0 0 0 0 0 0 1 1 1 0 0 1 0 0 1 0 0 0 1 0 0 0 0 1 0 0 0 0 0 1
  1 0 0 0 0 1 0 0 0 0 0 0 0 1 1 0 0 0 0 0 0 1 0 0 0 0 0 0 0 0 0 0 1 1 0 0
  0 0 0 1 0 0 0 0 0 1 0 0 1 0 0 0 0 0 0 0 0 0 0 0 0 0 0 0 0]
 [0 0 0 0 0 1 0 0 1 1 0 0 0 0 0 0 0 0 0 1 0 1 0 0 0 0 0 0 1 0 0 0 1 0 0 0
  0 0 1 1 0 0 1 0 0 0 1 0 0 0 0 0 0 0 0 0 0 0 0 1 0 0 0 0 1 1 0 0 0 0 1 0
  1 0 0 0 0 0 1 0 1 0 0 1 0 1 0 0 0 0 0 0 1 0 1 0 0 0 0 0 1]
 [0 0 0 1 0 0 0 0 0 0 0 1 0 0 0 0 0 0 0 0 0 0 0 1 0 1 0 0 0 0 1 0 0 0 1 0
  0 0 0 0 0 0 0 0 1 0 0 1 0 0 0 0 0 0 0 0 1 0 1 0 0 1 0 0 0 0 0 0 0 0 0 0
  0 1 1 0 0 0 0 1 0 0 0 0 0 0 0 1 0 0 0 0 0 0 0 1 0 0 0 1 0]]
end
