mac
3
end
job
30
end
fam
8
end
proc_times
[[  0  88  45  44  51  88  98  81  84  67  74  48  37   9  11  44  63  24
   27  89  17  85  56  77  74  61  78   6  18  55   1]
 [  0  37  20  99  99  76  46  44   5  38  20  11  97  41  60  19  81  10
   22  96  51  15  42  53  27  25  84  79  87  70  56]
 [  0  92  14  91  26  18  14  16  80  64  15  30  32  72  50  54  45  93
   47  25  98  35  25  38 100  58 100  74  87   3  30]]
end
weight
[[ 0 15 83 39 76 98 57 29 53 55 33 35 37 23 68  6 35 95 35  5 47 79 21 38
  68 85 71 96 51 73  8]]
end
setup_times
[[[ 0 32 59 51 40 57 39 38 35]
  [ 0  0 39 31 58 38 48 44 35]
  [ 0 35  0 44 46 58 32 53 42]
  [ 0 32 31  0 51 48 52 51 58]
  [ 0 40 38 50  0 36 40 42 51]
  [ 0 48 39 54 37  0 51 31 30]
  [ 0 56 50 54 45 42  0 54 41]
  [ 0 45 51 40 42 51 37  0 33]
  [ 0 37 56 52 48 58 56 35  0]]

 [[ 0 49 34 35 46 47 44 56 38]
  [ 0  0 30 58 35 42 38 39 50]
  [ 0 50  0 37 37 33 31 31 35]
  [ 0 44 58  0 49 54 59 57 59]
  [ 0 58 48 44  0 31 46 41 32]
  [ 0 31 35 58 44  0 43 48 40]
  [ 0 50 33 58 54 35  0 40 34]
  [ 0 52 57 52 32 46 41  0 58]
  [ 0 49 30 45 49 30 41 38  0]]

 [[ 0 37 52 37 37 47 50 51 48]
  [ 0  0 38 33 41 39 38 56 33]
  [ 0 59  0 48 40 56 33 58 59]
  [ 0 31 30  0 53 30 34 55 53]
  [ 0 49 54 42  0 40 49 50 49]
  [ 0 55 58 37 58  0 34 42 59]
  [ 0 36 44 59 52 34  0 32 34]
  [ 0 36 39 54 44 48 56  0 32]
  [ 0 48 47 31 57 33 41 44  0]]]
end
fixed_cost
[[2714 2701 2706]]
end
unit_cost
[[55 55 47]]
end
job2fam
[[1 0 0 0 0 0 0 0 0 0 0 0 0 0 0 0 0 0 0 0 0 0 0 0 0 0 0 0 0 0 0]
 [0 0 0 0 0 0 0 0 0 0 0 0 0 1 0 0 0 0 0 0 0 0 0 0 0 0 0 0 1 0 1]
 [0 1 0 0 1 1 0 0 0 0 0 0 0 0 0 0 0 1 0 0 0 0 0 0 1 0 0 0 0 0 0]
 [0 0 0 0 0 0 0 0 1 0 0 1 0 0 1 0 0 0 0 0 0 0 0 0 0 0 0 1 0 0 0]
 [0 0 0 0 0 0 0 0 0 0 0 0 1 0 0 0 1 0 0 0 1 0 0 0 0 0 1 0 0 0 0]
 [0 0 1 0 0 0 0 0 0 0 0 0 0 0 0 0 0 0 0 0 0 0 0 0 0 1 0 0 0 0 0]
 [0 0 0 0 0 0 0 0 0 1 1 0 0 0 0 0 0 0 0 0 0 1 0 1 0 0 0 0 0 0 0]
 [0 0 0 1 0 0 1 1 0 0 0 0 0 0 0 1 0 0 0 0 0 0 0 0 0 0 0 0 0 0 0]
 [0 0 0 0 0 0 0 0 0 0 0 0 0 0 0 0 0 0 1 1 0 0 1 0 0 0 0 0 0 1 0]]
end
