mac
10
end
job
100
end
fam
8
end
proc_times
[[  0  12  66  46   9  22  31  45  13   2  95  17  34  66  49  81  10  47
   73  97   3  42  41  75  37  88  15  82  53  46  24  25  87  13  48  33
    3  63  46  66  65  18  88  12  95  76  31  51  31  69  10  85   7  42
   99  11  96  41  45  18  68  86  78  14  74  15  60  98  32  10  36  32
   75  68  89  89 100  35  84  93  86   6  26   3  27  58  23  24  80  35
   47  71  90  39  14  23  16  88   2  64   7]
 [  0  97  31  54  42  52  92  70  96  23   9  28  61  86  66  40  71  67
   40  24 100  24  71  24  83  16  35  29  33  45  30  53  76  36   9  18
   10  89  38  26  75  45  69  20  46  87  59  70  44   3  63  43  24  90
   25  31  79  92  31  91  57  66  93  70  36   6  99  32  15  42   3  69
   48   7  53  35  13   9  63  73  90  88 100  78   9  16  45  98  47  61
    1  40  24  79  78  70  12  38  53  59  24]
 [  0  44  25  68  80  45  45  26  35  67  76  54  21  23  84  85  42  61
   67  24  88  46  12  55  43  95  45  76  16  17  37   5  94  86   1  58
   61  15  57  50  50  50  22  64  29  50   7  15  53  83   9  76  84  53
   50  54  66   4  10  94  37  78  17  52  41  99  69  45  91  51  39  50
   61  41  41  82  81  57  39  34  62  31  57  52  50  49  47  85  63   4
   65  57  46   9  29  67  29   6  88  61  73]
 [  0  64   9  22  21   7  59  10  42  69  89  62  72  80  15  96  56  88
   74  21  67  94  74  48   2  52  21  54  69  57  10  50 100  84  47  98
    1  91  28  79  32  99  48  35  69  27   8  16  46  77  38  49  73  64
   49  40  92  57  88  23  72  64  60  70  32  76  23  11  62  20  63   1
   80   6   3  14  58  13  46  20  49  98  44  41   7  27  46  21  21  58
   90  91  42  23  42  27  66  42  33  48  81]
 [  0  71  15  94  98  50  78  61  47  56   2  18  84  82  42  33 100  37
   90  96  78  22  11  38  80  99  10  35  37  34  43   1  36  46   6  67
   49  82  86  84  25  13  46   8  12  37  91  71  84  49  30  31  69  26
   74  35  63  78  22  30  97  51  20  47  30  95  79  94  60  49  62   9
   77  29  41  22  74 100  92  62  96  28  61  28  40  26  12  35  92  32
   43  65  13  99  99  76  68  97  38  52  23]
 [  0  39  78  59  47  84  10  20  35  43  17  73  69  63  92  82  61  17
    9  94  20  64  69  14  38  13  25  65  11  27  86   3  75  57  97   1
   14  69  10  91  67  28  49   1  97  24  69  11  96   2  80  36  52  14
   29  11  94  77  31   3  57  14  46  97  15  94  43  14  51 100  80  39
   22  91  53  78  63  33  63  31  37  32   5  89  13  74  87  77  63  35
   70  23  79  55  90  28  77  78  40   8  76]
 [  0   8  46  79  54  32  84  10  29  59  34  89   9  14  95 100  85   8
   55  41  28  59  51 100  73  71  74  95   3  70   8  90  44  98  49  51
   69  64  79  29  50  84  98  48  93  97  22  40  31  77  46  12  87  27
   52  15  70  22  29  20  11  20  96  51   1   6  99  50  33  55  21  93
   78  70  77  46  40  32  26  54  48  69  92  24  96  49  80  97   8  76
    2  76  59  53  30  35  87  72  49  98  62]
 [  0  46   3  86  33  60  93  63  73  31  90  34  81  56  99  29  81  49
   84  50  44   7  24  61  64  99  55 100  96   9  87  72  15  76  16  79
   47  65  75  33  59  60  81  97  49  85  47  74  89  77  49  87  93  66
   81  24  71  25  38  73  45  83  83  42  22  73  54  85  51  57  82  72
   69  85   5  95  92  60  71  81  33  88  60  97  68  63  28  19  20  48
   96  54  77  56  29  83  17  20  62  29  79]
 [  0   7  76  83  41  17  90  94  35  91  26  87  23  19  78  54  23  16
   76  46  23  80  65  57  12  74  61  68  82  59  79  12  63  78  91  17
   32  13  72  40  27  80  69  25  58  27  19  44  58  25   7   8  83  88
   24  85  54  23  90  49  14  20  87  88  11  27  74  18  61  44   1  56
   32  21  96  56  37  43  15  64  61  66  60  89  70  56  72  83  53  35
   12  33  57  50  61  26  16  39  60  56  82]
 [  0  22  27  32  26  87  65   8  88  20  21  39  37  33  62  60  13  60
    7  17  47  18  49 100  64  44  79  33   3   5  85  26  41  69   7  30
   59  32  26  58  10  22  68  70  40 100  39  37  70  67  25  43  77  94
   91  69  10  60  88   1  20  61  67  54  52  19  26  75  54  74  29  43
   49  62  11  21  21  60   2  72  77  29  69  14  23  87  49  78  84  54
    9  62  74  39  14  53  72  31  34  64  60]]
end
weight
[[ 0 35 47 50 70 71 59 59 98 58 46 77 15  6 12 24 46 36 91 66 19 90 61 31
  38 17 56 98 82 55 38 44 15 25 31 94 89 40 59 12 54 70 63 82 90 55 86  1
  63 46 40 69 81 11 25 99  9 67 53 48 63 34 79 54 43 67 95 55 67  4 23  7
  48 75 13 97 97 40 37 17  1 97 20 81 27 22 44 32 19 92 92 43 90  6 51 86
  81 92 22 33 38]]
end
setup_times
[[[ 0 36 31 30 34 55 35 48 59]
  [ 0  0 44 50 44 33 30 45 45]
  [ 0 41  0 40 36 47 55 57 35]
  [ 0 46 57  0 42 58 54 55 49]
  [ 0 33 57 37  0 41 46 31 38]
  [ 0 31 36 44 48  0 49 36 45]
  [ 0 55 40 57 49 55  0 59 38]
  [ 0 30 55 38 43 31 43  0 55]
  [ 0 32 58 59 45 34 44 54  0]]

 [[ 0 54 59 39 31 51 44 54 38]
  [ 0  0 54 51 50 55 57 36 54]
  [ 0 32  0 38 58 55 36 57 46]
  [ 0 30 53  0 35 43 51 39 56]
  [ 0 53 42 48  0 30 54 36 39]
  [ 0 47 34 43 58  0 53 35 35]
  [ 0 47 49 45 54 40  0 37 41]
  [ 0 51 33 41 56 34 58  0 51]
  [ 0 45 48 45 30 55 32 46  0]]

 [[ 0 33 50 54 48 34 35 52 36]
  [ 0  0 50 31 40 40 58 32 48]
  [ 0 56  0 42 55 39 48 43 30]
  [ 0 30 54  0 52 52 34 38 50]
  [ 0 33 34 47  0 31 52 30 46]
  [ 0 32 51 38 36  0 53 44 31]
  [ 0 51 34 52 58 45  0 43 58]
  [ 0 43 35 52 43 40 41  0 39]
  [ 0 39 38 48 59 50 59 40  0]]

 [[ 0 36 45 34 58 57 52 37 59]
  [ 0  0 46 58 53 40 44 33 59]
  [ 0 50  0 47 34 38 32 48 58]
  [ 0 45 40  0 54 58 40 57 46]
  [ 0 30 37 46  0 38 42 32 51]
  [ 0 34 51 50 31  0 59 41 53]
  [ 0 58 38 38 55 57  0 40 47]
  [ 0 36 30 55 49 57 46  0 48]
  [ 0 57 42 58 47 49 47 50  0]]

 [[ 0 59 31 34 49 46 53 33 44]
  [ 0  0 41 51 42 57 31 36 49]
  [ 0 37  0 31 31 41 44 52 44]
  [ 0 47 46  0 39 46 31 54 38]
  [ 0 31 56 41  0 59 56 58 33]
  [ 0 37 31 42 58  0 56 36 45]
  [ 0 33 51 52 54 32  0 49 35]
  [ 0 44 45 45 48 53 48  0 40]
  [ 0 55 44 46 46 35 43 39  0]]

 [[ 0 49 52 51 46 45 38 48 55]
  [ 0  0 31 34 47 42 56 45 58]
  [ 0 59  0 47 47 37 58 55 45]
  [ 0 56 53  0 55 43 35 58 57]
  [ 0 43 38 39  0 36 39 46 30]
  [ 0 38 52 39 37  0 38 32 32]
  [ 0 55 50 38 46 53  0 47 45]
  [ 0 33 52 43 53 43 36  0 31]
  [ 0 41 50 36 33 32 38 58  0]]

 [[ 0 32 53 30 36 34 33 40 55]
  [ 0  0 46 35 49 42 54 41 49]
  [ 0 42  0 36 35 47 35 47 47]
  [ 0 59 42  0 49 45 35 37 37]
  [ 0 46 32 33  0 52 36 30 35]
  [ 0 55 59 34 42  0 42 49 59]
  [ 0 34 54 39 38 42  0 55 54]
  [ 0 37 53 39 31 47 40  0 32]
  [ 0 58 37 39 58 57 57 37  0]]

 [[ 0 39 53 59 39 39 32 57 59]
  [ 0  0 45 52 46 51 43 41 57]
  [ 0 44  0 55 48 56 46 37 40]
  [ 0 38 55  0 48 59 59 40 59]
  [ 0 59 48 48  0 58 53 36 51]
  [ 0 48 50 54 47  0 44 55 41]
  [ 0 49 40 31 53 34  0 32 41]
  [ 0 47 47 33 30 43 35  0 48]
  [ 0 39 34 51 59 57 32 59  0]]

 [[ 0 51 49 58 42 57 51 46 41]
  [ 0  0 45 38 31 46 59 30 30]
  [ 0 38  0 34 42 59 35 50 44]
  [ 0 51 57  0 46 41 49 34 41]
  [ 0 51 55 56  0 46 57 42 46]
  [ 0 43 39 48 39  0 49 48 50]
  [ 0 58 40 53 43 47  0 51 49]
  [ 0 47 52 37 43 49 49  0 48]
  [ 0 41 35 52 39 44 42 52  0]]

 [[ 0 41 46 38 48 55 45 31 45]
  [ 0  0 43 49 47 52 40 34 34]
  [ 0 42  0 56 33 53 41 33 57]
  [ 0 56 37  0 52 45 42 47 58]
  [ 0 54 38 46  0 40 34 52 58]
  [ 0 51 59 38 32  0 43 50 59]
  [ 0 49 54 48 32 41  0 31 31]
  [ 0 35 51 55 49 57 55  0 48]
  [ 0 34 57 58 55 54 31 32  0]]]
end
fixed_cost
[[2520 2484 2472 2494 2544 2536 2483 2486 2533 2483]]
end
unit_cost
[[40 54 40 33 35 39 69 61 57 57]]
end
job2fam
[[1 0 0 0 0 0 0 0 0 0 0 0 0 0 0 0 0 0 0 0 0 0 0 0 0 0 0 0 0 0 0 0 0 0 0 0
  0 0 0 0 0 0 0 0 0 0 0 0 0 0 0 0 0 0 0 0 0 0 0 0 0 0 0 0 0 0 0 0 0 0 0 0
  0 0 0 0 0 0 0 0 0 0 0 0 0 0 0 0 0 0 0 0 0 0 0 0 0 0 0 0 0]
 [0 0 0 0 0 0 0 0 0 0 0 0 0 0 0 0 0 0 0 0 0 0 0 0 0 0 0 0 0 0 0 0 1 0 0 0
  0 0 0 0 0 1 0 0 0 0 0 0 1 0 1 0 1 0 0 0 0 0 0 0 1 0 1 0 0 0 0 0 0 0 0 0
  0 0 0 0 0 0 0 1 0 0 1 0 0 0 0 0 0 0 0 0 0 0 0 0 0 0 0 0 0]
 [0 0 0 0 0 0 1 0 0 0 0 0 0 0 0 0 1 0 1 0 0 0 1 0 1 0 0 0 0 0 0 0 0 0 0 0
  0 1 0 0 0 0 1 0 0 0 0 0 0 1 0 0 0 0 0 0 0 0 0 0 0 0 0 0 0 0 0 0 0 0 0 0
  0 0 1 0 0 0 0 0 0 0 0 1 0 0 0 0 0 0 0 0 1 0 0 0 0 0 0 1 0]
 [0 1 1 0 0 0 0 0 1 0 0 0 1 0 0 1 0 0 0 0 0 0 0 0 0 0 1 0 0 1 0 0 0 0 0 0
  0 0 0 0 0 0 0 0 0 0 0 0 0 0 0 0 0 0 1 0 0 1 0 0 0 0 0 1 1 0 1 1 0 0 1 0
  1 0 0 0 0 0 0 0 0 0 0 0 0 0 0 0 0 1 0 1 0 1 0 0 0 0 1 0 0]
 [0 0 0 0 0 0 0 0 0 0 0 0 0 1 1 0 0 0 0 1 0 0 0 0 0 0 0 0 0 0 0 1 0 0 0 1
  1 0 0 0 0 0 0 0 0 1 0 1 0 0 0 0 0 0 0 0 0 0 0 1 0 0 0 0 0 1 0 0 0 1 0 0
  0 0 0 0 0 0 0 0 0 0 0 0 0 0 1 0 0 0 0 0 0 0 1 0 1 1 0 0 0]
 [0 0 0 0 0 0 0 1 0 0 0 0 0 0 0 0 0 0 0 0 0 0 0 0 0 0 0 0 0 0 0 0 0 0 1 0
  0 0 0 0 0 0 0 0 1 0 0 0 0 0 0 0 0 0 0 1 0 0 1 0 0 0 0 0 0 0 0 0 1 0 0 0
  0 0 0 0 0 0 0 0 1 0 0 0 0 0 0 0 0 0 1 0 0 0 0 0 0 0 0 0 0]
 [0 0 0 0 0 1 0 0 0 1 0 0 0 0 0 0 0 0 0 0 1 0 0 0 0 1 0 0 0 0 0 0 0 1 0 0
  0 0 0 0 1 0 0 1 0 0 0 0 0 0 0 0 0 0 0 0 0 0 0 0 0 0 0 0 0 0 0 0 0 0 0 0
  0 1 0 0 0 1 0 0 0 1 0 0 1 0 0 1 1 0 0 0 0 0 0 1 0 0 0 0 0]
 [0 0 0 1 1 0 0 0 0 0 0 1 0 0 0 0 0 0 0 0 0 1 0 0 0 0 0 0 0 0 1 0 0 0 0 0
  0 0 0 1 0 0 0 0 0 0 0 0 0 0 0 1 0 1 0 0 0 0 0 0 0 1 0 0 0 0 0 0 0 0 0 0
  0 0 0 1 0 0 1 0 0 0 0 0 0 1 0 0 0 0 0 0 0 0 0 0 0 0 0 0 0]
 [0 0 0 0 0 0 0 0 0 0 1 0 0 0 0 0 0 1 0 0 0 0 0 1 0 0 0 1 1 0 0 0 0 0 0 0
  0 0 1 0 0 0 0 0 0 0 1 0 0 0 0 0 0 0 0 0 1 0 0 0 0 0 0 0 0 0 0 0 0 0 0 1
  0 0 0 0 1 0 0 0 0 0 0 0 0 0 0 0 0 0 0 0 0 0 0 0 0 0 0 0 1]]
end
