mac
10
end
job
100
end
fam
5
end
proc_times
[[  0  87  34  43  80  59  90  85  96  15  49  56  45  93  35  35  15  55
   20  54  87  76  71  75   9  49  46  55  32  67  97  20  47  95  79   5
   96  46   2  16  55  52  19   6  84  75  87  91  97  65  77  72  25  43
   32  52  12  39  69  17  89  84  40  60  26  53  41  83  79 100  16  96
   21  57  42  22  33  54  67   1  13  37  90  10  12   8  29 100  83  78
    7   7  20  69  23  65  46  55   1  61  38]
 [  0  69  93  33   7  74  46  93  73  98  35  45  34  48 100  80  47  29
    8  56  91  10  74   1  39  50  17  58  13  81  38  46  43  79  92  24
   21  53  18  58  24  40  69  14  48  73  91  57  74  29  37  61  69  49
   79   6  44  40  21  16   7  92  76  83  75   9  67  34  24  71  72  71
   50  42  15  30 100   8  60  63  96  88   2  21   6  69   5  48  72  32
   73  20  56  74  76  72  59  25  98  57  50]
 [  0  63  31  84  17  39  57  12  10  85  95  48  34  21  20  72  42  35
   39  65  19  78  49   6  36  78  15  19  72   3  89  93  58  58  27  56
   75   2   6  46  77  85  53  59  31  85  74  33  57  87   7  44  46   7
   97  38   8  54  10   3  80  23  63  27   1  75  46  24  12  75  18  37
   24  89  48   7  13  78  90  61  74  81  60 100  31  56  97   9  23  41
   33  72   1  47  78  52  57  88  61  77  59]
 [  0  94  68  38  87  63  38   8  66  88  53  95   5  37  82  93  69  68
   24  21  56  35  30  68  45  72  12  26  53  48  64  76  40   4  30  65
   60  94  41  40   5  52  20  17  37  50  12   8  45  12   1  10   3  18
   90  69  64  90  48  49   3  17  95   4  35  67  46  87  33  58   7  46
   86  90  75  61  42  13   9  86  20  23  49  22  94  26  96  27  72  56
   22  88  43  78  13  81  60  80  36  75  35]
 [  0  86  17  96  70  57  85  59  66  39  44   7  95  50   1  61  44   8
   73   4  25  99  54  63  88  53  97   7  28   5  17  54  72  20  82   8
   77  36  33  53  88  85  35  41  55  82  96  23  41  77  47  61  15  69
   56  79  87  70  16 100  63  26  46  99  91  68  34  23   1  50  80  68
   83   5  63  30  73  89  77  98  64  32  24  18  95  29  87  50   2  44
   78  19  62  92  63  38  83  14  88  89  74]
 [  0  21  82  28  85  54   7  30  97  81  74  90  38  27  43  61  13  61
   71  12  59  32  32  22  65  99  24  75 100  32  73  18  23  34  17  63
   99  31  51  70  90  15  22  77  72  56  38  38  36  17   7  48   2  42
    6  33   1  48   1  39  95  44  62  14   9  48  94  84  69  86   5   2
   92   9  20  16  34  38  16  88  93  39  46  50  53  15  43  45  54  39
   29  27  11   9  65   2  79  17  58  17  56]
 [  0  73  93  66 100  40  78  27  78   3  28  96  12  15  34  37  88  45
   60  63  17  50  44  72   9  18  96  30  89  39  85  65   8  83 100  17
   49  87  73  41  65  60  57  53  14  26  54  49   1  53  76  39   7  31
   37   2  45  46  14  71  22  97  66  69  85  14  22  13  28  48  39  87
   96  67  66  66  80  44   9  95  53  83  90  89  86  39  25  53  84  75
   87  46   9  84  44  66   2  95  92  59  84]
 [  0   4  33  17  51  33   5  91  69  98  81   9  96  59  51   5   1  81
    5  36  13  17  32  27  91   1  66  15  76  56  55  19  88  71  32  91
   92  20  90  31  66  46  18  94  93   2  53  79   9  51  97  47  82  75
   34  23   2  39  56  95  33  54  25  18  13  81  99  64  51   4  86  38
   39  64  69  17   4  57  79   5  27  97  51   8  19  25  20  40  42  88
   43  43  41  81  66  88  73   2  29  67   5]
 [  0  33  63  79  14  14  87  65  71  47  76  85  59  70  74  62  28  53
   65  40  98  28  38  70  84  51  90  84  43  97   7  47  80   5  77  16
   78  48  49  64  46  50  23  29  53  46  19  73  73  22  25  21  90  80
   38  86  19  70  58  13  68  13  66  48  73   5  35  29  27  21  37  38
    8  10  13  24  27  93  28   9  39  66  56  28  40  57  89  28  40  90
   34  58  50  30  77  38  89  83  89  79  70]
 [  0  17  49  55  95  80  43  85  27  17  73  25  89   2  45  15  22  75
   50  92  76  83  16  48  34  66  43  37  44   7  19  62  79  16  72  12
   20  88  11  95  40  42  44  92  90  31  50   8  87  18  36  39  76   1
   49  42  77  42  13  73  18  14  86  69  60  31  42  46  89  51  57  11
   22  86  13  49  89  87  72  35  48  47   7   2  65   3  18  56  77  57
   57  31  39  27  88  26  96  14  68  54  75]]
end
weight
[[ 0 99 14 19 42 89 85 84 25 70 91 40 65 96 46 59  6 52 75 72 65 64 79 67
  21 86 38 14 51 40 17 63 57  9  2 85 27 64 51 58 75 21 30 85 37 46 90 83
  69 42 71  3 73 59 10 26 48 53 47 40  9 82 12 14 35 21 50 35 19 98 56 38
  64 56 82 17 49 34 42 73 63 63 54 44  8 91 71 36 73 57 25 72 77 60 60 18
  96 59  9 53 51]]
end
setup_times
[[[ 0 51 48 41 51 56]
  [ 0  0 38 31 58 45]
  [ 0 58  0 37 37 30]
  [ 0 39 40  0 35 37]
  [ 0 49 32 42  0 38]
  [ 0 44 32 54 40  0]]

 [[ 0 54 47 38 57 36]
  [ 0  0 59 32 33 34]
  [ 0 46  0 32 50 30]
  [ 0 38 34  0 51 56]
  [ 0 44 53 33  0 51]
  [ 0 47 43 33 40  0]]

 [[ 0 59 59 39 38 39]
  [ 0  0 46 52 54 36]
  [ 0 42  0 45 56 38]
  [ 0 57 51  0 42 39]
  [ 0 48 53 48  0 46]
  [ 0 34 47 37 31  0]]

 [[ 0 48 35 31 49 32]
  [ 0  0 58 55 53 35]
  [ 0 33  0 50 54 50]
  [ 0 43 48  0 33 57]
  [ 0 30 48 33  0 57]
  [ 0 57 36 48 58  0]]

 [[ 0 50 50 33 57 38]
  [ 0  0 57 32 42 41]
  [ 0 43  0 51 43 45]
  [ 0 44 48  0 38 31]
  [ 0 52 33 49  0 56]
  [ 0 39 47 54 48  0]]

 [[ 0 52 59 44 45 38]
  [ 0  0 49 46 53 58]
  [ 0 55  0 33 38 55]
  [ 0 47 57  0 58 51]
  [ 0 53 44 42  0 42]
  [ 0 51 59 52 50  0]]

 [[ 0 55 59 58 34 49]
  [ 0  0 59 54 39 50]
  [ 0 46  0 51 55 36]
  [ 0 53 58  0 52 51]
  [ 0 52 42 50  0 38]
  [ 0 36 49 44 44  0]]

 [[ 0 48 31 40 56 53]
  [ 0  0 37 40 38 58]
  [ 0 40  0 41 43 49]
  [ 0 38 38  0 59 40]
  [ 0 51 54 31  0 45]
  [ 0 51 58 50 42  0]]

 [[ 0 57 35 31 54 56]
  [ 0  0 47 55 56 53]
  [ 0 52  0 40 56 54]
  [ 0 40 39  0 45 49]
  [ 0 32 44 35  0 51]
  [ 0 35 33 53 36  0]]

 [[ 0 43 56 33 53 45]
  [ 0  0 36 32 42 53]
  [ 0 59  0 37 48 57]
  [ 0 42 56  0 34 43]
  [ 0 34 40 38  0 39]
  [ 0 58 54 54 57  0]]]
end
fixed_cost
[[2248 2245 2281 2285 2323 2249 2296 2273 2328 2318]]
end
unit_cost
[[66 49 38 46 38 63 38 34 42 48]]
end
job2fam
[[1 0 0 0 0 0 0 0 0 0 0 0 0 0 0 0 0 0 0 0 0 0 0 0 0 0 0 0 0 0 0 0 0 0 0 0
  0 0 0 0 0 0 0 0 0 0 0 0 0 0 0 0 0 0 0 0 0 0 0 0 0 0 0 0 0 0 0 0 0 0 0 0
  0 0 0 0 0 0 0 0 0 0 0 0 0 0 0 0 0 0 0 0 0 0 0 0 0 0 0 0 0]
 [0 0 0 0 0 0 0 0 0 0 0 0 0 0 0 0 1 0 1 0 0 0 0 0 0 0 0 1 0 0 0 0 0 0 0 0
  0 1 0 0 1 0 0 0 0 1 0 0 0 0 0 0 0 1 1 1 0 0 0 0 1 0 1 1 0 0 0 0 0 0 0 0
  0 0 0 0 1 0 0 0 0 0 1 0 0 0 0 0 1 1 1 0 0 0 0 0 0 1 0 0 0]
 [0 0 1 0 0 0 1 1 0 0 1 0 0 0 0 1 0 0 0 0 0 0 1 0 0 0 1 0 0 0 0 1 0 1 0 0
  0 0 0 0 0 0 0 1 0 0 0 0 1 0 0 1 1 0 0 0 0 0 0 0 0 0 0 0 0 0 1 1 0 0 0 1
  0 0 0 0 0 1 0 0 0 0 0 0 0 0 1 0 0 0 0 1 0 1 0 0 1 0 1 0 0]
 [0 1 0 0 1 0 0 0 0 0 0 0 1 1 1 0 0 1 0 0 1 0 0 0 1 0 0 0 0 1 0 0 0 0 0 1
  1 0 0 0 0 1 0 0 0 0 0 0 0 1 1 0 0 0 0 0 0 1 0 0 0 0 0 0 0 0 0 0 1 1 0 0
  0 0 0 1 0 0 0 0 0 1 0 0 1 0 0 0 0 0 0 0 0 0 0 0 0 0 0 0 0]
 [0 0 0 0 0 1 0 0 1 1 0 0 0 0 0 0 0 0 0 1 0 1 0 0 0 0 0 0 1 0 0 0 1 0 0 0
  0 0 1 1 0 0 1 0 0 0 1 0 0 0 0 0 0 0 0 0 0 0 0 1 0 0 0 0 1 1 0 0 0 0 1 0
  1 0 0 0 0 0 1 0 1 0 0 1 0 1 0 0 0 0 0 0 1 0 1 0 0 0 0 0 1]
 [0 0 0 1 0 0 0 0 0 0 0 1 0 0 0 0 0 0 0 0 0 0 0 1 0 1 0 0 0 0 1 0 0 0 1 0
  0 0 0 0 0 0 0 0 1 0 0 1 0 0 0 0 0 0 0 0 1 0 1 0 0 1 0 0 0 0 0 0 0 0 0 0
  0 1 1 0 0 0 0 1 0 0 0 0 0 0 0 1 0 0 0 0 0 0 0 1 0 0 0 1 0]]
end
