mac
10
end
job
100
end
fam
8
end
proc_times
[[  0  79  32  24  74  13  24  66  65  39  78  10  28  27  14  51  77  20
   56  42  45  42   8  13  49  22  29  62  57  34  63  40  76  40 100  95
   24  81  37  79  22  66  15   2  12  44   7  99  95  45  87  57  96  83
   19  29  72  26  35  23  86  57  30  15  34   5  50   6  75  28  50  31
   60  13  30  61  44   4   1  75  51  29  30  80  21  24  23  57  46  73
   21  22  25 100  14  65  29  49  59  71  39]
 [  0  21  42  18  23  25   5  41  44  53  51  30  17  21  35  35  48  36
   54  68  64  17  14  38  53  13  99  66  33  23  34  37  61  97  94  14
   47  78  18  22  86  10  45  30  72  77  83  22  98  90  99  32  68  28
    8  14  50  41   2  59  20  65   8  93  63  18  11   9   8  42  40  14
   13 100  33  96  30  88  98  96  26  90  61  57  71  44   2   5  54  99
   71  97  39  47  76  40  52  47 100  59  42]
 [  0   6  70  68  78  11  34  33  42  95   1  16  33  85  89  73  52  91
   63  47  15  22   9  59   9  26  76  82  73  36 100  12   2  44  11  30
   68  14  32  34  76  36  37  62  31  86  58  41   1  55  86  24  47  22
   77  41  25  27  21  84   1  74  14  42  45  72   7  14  93  92   6  58
   96  83   4  14  57  97  45  77  45  42  89  34  71  56  92  50  53   6
   15  70  89  69   3  11  19  88  37  62  49]
 [  0  27  52  85  13  30  79  61  72  16  96  73  97  34  88  83  33  35
   30  24  57  61  37  57  37  54  83  68  43  62  49  67  49  86  54  49
   14  92  39  50   2   4  65  11  85  36  42   2  38  11  88   6  26  57
   40  98  96   6  44  48  41  68  33  61  96  35  13  68  54  91  30  46
   15  32  46  49  75  61  31  88  82  19  46  83  93  63  88  45  47   3
   54  97  40  95  57  73  36  93  21  89  26]
 [  0   3  32  47  20  90  23  91  27  22   1  53  87  73  54  41  20  54
   60  69  70  88   8  74  71  44  68  66  34  13  54  45  29  92  77  90
   86   1  53  98  86  15  28  69  97  43   2  20  38  59  22  70  26  39
   36  22   1  53  51  22  14  34  12  35  88  17  85  67   4  99  43  90
   50  77  58  82  85  71  11  59  49  72  89  25  19  85  83  88  84  10
   54  29  21  48  32  13  45  24  95  96  68]
 [  0  38   4  62  69  10  47  29  16  34  64  97  42  66  38  82  68  13
   13  26  86  88  14  20   8  72  85  92  86  12  32  24  22   2  81  63
   10  18   2  57  64  94  13  36  73  43   5  66  67  73  48  49  69  30
   38  42  90  36  71  37  49  85  31  61  34  76  89  50  40  61  83  31
   50  60  56  82  75  79  98  67  99   9  98   2  26  26  14  47  46   9
   36  89  53  40  89  18  55  59  74  51  31]
 [  0  65   6  75  30  75  49  15  38  36  21  27  50   7  98  72  46  76
   68  38  35  80  47   1  89  40  49  97   9  13  56   6  41  37   7   6
   18  13  39  35  22  53  78  20  98  73  30  50   3  57  18   4  79  54
   42   5  52  89  17  66  40   8  32  39   9  22  86  55  81   2   4  86
   41  11  29  96  98  28  89  38  90  59  43  30   8  40  88  15  53  99
   17  74  41  80  52  72  86  45  18  27  88]
 [  0   8  30  68  50  25  75  88  95  85   5  25  40  93  47 100   4  28
    5  98  87  77  58  12   5  20  70  98  60   4  19  24   5   9  50  52
   52   4   8  64   6  27  85  31  33  68  71  45   2  77  81  17  26  43
   34  31  32  31  56  52  80  78  63  90  61  48 100  66  25   6  14  34
   10   4  12  72  80  36  30  40  90  52  98  58   1  87   5  49  65   7
   57  42  21  49  34  85  35  46  70  94  58]
 [  0   5  52  33  96  12  83  60  42  14  87  46  74 100  82  63  47  29
   64  84  73  19  34 100  19  14  33  14  99   5  18  26  89  90  17  60
    5   2  11  88   5  95  95  42  76  18  77  92  35  79  38  48  84  51
   31  61  13   3  28  60  56  40  11   7   5  36  18  59  25  19  84  56
   45   9  26  84 100  35  79  59  49  18  85  77  57  79  10  54  42  16
   26   3  72  84  91  24  96  77  92  59  64]
 [  0  75  18  40  88  21  77  55  76  58  48  75  73  53   7  47  84  43
   62  83  71  77  69  71  94   5  26  97  94  38  69  79  15  16  55  31
   85  85  40  45  88  54  34  12   9  53  12  33  33  50  64  39  40  22
  100  42  86  56  47  20  85 100  96   4   3  17  72  29  11  33  38  46
   13  91  91  22  78  35  95  31   4  28  54  41   4   8  94  41  89  30
   80   7  53  31  68  38  53   3  74  17  25]]
end
weight
[[ 0 18 53 42 38 27 40 79 49 93 66 52 54 91 63 92 83 29 19 55 86 16 31 55
  70 53 10 88 72 26 27 64 31 32 38 16 60 30  9 69 50 28 69 71  2 95 37 47
  82  6 96 58 94 15 19 89 79 88 11 18 28  7 37 52 43 89 36 57 19 91 13 68
  32 84 56  7 93 90 28 38 22 16 11 34 31 38 30 26 88 36 70 43 94 19 77 64
  23 15 63 72 37]]
end
setup_times
[[[ 0 52 56 30 48 53 52 33 55]
  [ 0  0 57 59 44 44 54 44 42]
  [ 0 32  0 31 48 52 49 55 40]
  [ 0 59 46  0 54 54 55 47 51]
  [ 0 49 46 51  0 37 40 34 44]
  [ 0 35 32 41 39  0 53 44 37]
  [ 0 49 49 46 51 49  0 42 35]
  [ 0 57 34 30 45 53 49  0 40]
  [ 0 55 43 59 45 57 30 58  0]]

 [[ 0 57 47 32 50 58 55 31 48]
  [ 0  0 42 51 51 47 41 54 50]
  [ 0 53  0 37 53 31 38 53 38]
  [ 0 54 51  0 48 46 48 36 53]
  [ 0 59 48 30  0 33 41 55 57]
  [ 0 56 39 42 55  0 42 41 55]
  [ 0 52 54 55 31 53  0 58 38]
  [ 0 44 40 56 54 39 41  0 49]
  [ 0 38 45 37 33 37 38 37  0]]

 [[ 0 35 51 47 38 40 31 32 31]
  [ 0  0 35 51 35 46 53 34 38]
  [ 0 42  0 53 53 40 34 58 40]
  [ 0 37 36  0 36 52 46 57 49]
  [ 0 45 42 53  0 36 45 42 42]
  [ 0 59 45 52 31  0 31 33 40]
  [ 0 58 50 30 44 47  0 44 33]
  [ 0 34 50 33 47 35 50  0 41]
  [ 0 42 36 41 48 46 57 34  0]]

 [[ 0 33 39 55 42 40 55 42 44]
  [ 0  0 51 46 50 42 38 32 31]
  [ 0 51  0 54 56 39 33 52 33]
  [ 0 55 45  0 51 54 36 50 48]
  [ 0 54 32 33  0 32 32 51 50]
  [ 0 37 50 30 42  0 53 41 40]
  [ 0 38 48 59 41 45  0 34 47]
  [ 0 34 35 33 50 38 37  0 49]
  [ 0 38 56 46 41 57 42 37  0]]

 [[ 0 47 45 43 36 33 32 44 49]
  [ 0  0 59 36 58 39 40 53 49]
  [ 0 39  0 35 37 46 50 44 49]
  [ 0 45 51  0 44 32 54 30 42]
  [ 0 34 59 55  0 44 53 46 55]
  [ 0 44 37 48 51  0 54 49 38]
  [ 0 50 52 42 55 48  0 54 33]
  [ 0 39 44 33 35 45 57  0 51]
  [ 0 37 41 55 53 31 55 45  0]]

 [[ 0 58 36 34 41 49 55 37 34]
  [ 0  0 38 32 31 36 38 39 42]
  [ 0 48  0 55 57 58 32 47 53]
  [ 0 46 53  0 48 54 53 30 59]
  [ 0 35 31 31  0 51 45 42 33]
  [ 0 43 49 45 31  0 57 46 34]
  [ 0 33 56 56 48 30  0 37 39]
  [ 0 52 46 58 55 49 39  0 52]
  [ 0 32 48 49 48 32 43 42  0]]

 [[ 0 47 54 45 40 55 44 53 37]
  [ 0  0 49 39 38 47 53 52 58]
  [ 0 38  0 53 36 37 58 35 36]
  [ 0 57 51  0 51 46 50 30 50]
  [ 0 55 51 35  0 43 34 50 35]
  [ 0 54 58 34 38  0 59 54 30]
  [ 0 34 51 57 47 33  0 42 37]
  [ 0 41 59 33 49 55 41  0 32]
  [ 0 42 56 40 47 55 43 54  0]]

 [[ 0 30 38 46 30 30 32 53 50]
  [ 0  0 34 49 47 52 43 39 50]
  [ 0 56  0 56 37 48 31 34 39]
  [ 0 42 31  0 57 32 46 36 51]
  [ 0 33 34 33  0 31 41 35 57]
  [ 0 41 36 49 40  0 37 51 42]
  [ 0 40 54 48 46 33  0 42 46]
  [ 0 51 49 56 56 46 50  0 40]
  [ 0 35 30 56 36 54 46 59  0]]

 [[ 0 38 35 45 55 43 39 38 37]
  [ 0  0 57 56 51 55 51 46 48]
  [ 0 40  0 57 35 52 46 42 40]
  [ 0 46 49  0 59 36 48 30 54]
  [ 0 58 59 30  0 41 34 38 58]
  [ 0 48 38 47 51  0 33 54 34]
  [ 0 44 43 52 45 50  0 56 56]
  [ 0 48 47 48 38 58 36  0 33]
  [ 0 47 53 50 48 58 35 34  0]]

 [[ 0 38 54 38 58 37 48 44 42]
  [ 0  0 54 36 41 38 40 37 37]
  [ 0 48  0 31 39 42 39 34 56]
  [ 0 30 58  0 59 44 56 54 37]
  [ 0 47 30 44  0 39 35 47 45]
  [ 0 42 40 41 53  0 57 49 46]
  [ 0 35 59 48 46 53  0 31 49]
  [ 0 30 30 45 46 38 36  0 54]
  [ 0 33 32 44 37 51 35 54  0]]]
end
fixed_cost
[[2764 2694 2716 2730 2725 2715 2742 2759 2695 2674]]
end
unit_cost
[[63 55 59 43 59 60 43 58 56 69]]
end
job2fam
[[1 0 0 0 0 0 0 0 0 0 0 0 0 0 0 0 0 0 0 0 0 0 0 0 0 0 0 0 0 0 0 0 0 0 0 0
  0 0 0 0 0 0 0 0 0 0 0 0 0 0 0 0 0 0 0 0 0 0 0 0 0 0 0 0 0 0 0 0 0 0 0 0
  0 0 0 0 0 0 0 0 0 0 0 0 0 0 0 0 0 0 0 0 0 0 0 0 0 0 0 0 0]
 [0 0 0 0 0 0 0 0 0 0 0 0 0 0 0 0 0 0 0 0 0 0 0 0 0 0 0 0 0 0 0 0 1 0 0 0
  0 0 0 0 0 1 0 0 0 0 0 0 1 0 1 0 1 0 0 0 0 0 0 0 1 0 1 0 0 0 0 0 0 0 0 0
  0 0 0 0 0 0 0 1 0 0 1 0 0 0 0 0 0 0 0 0 0 0 0 0 0 0 0 0 0]
 [0 0 0 0 0 0 1 0 0 0 0 0 0 0 0 0 1 0 1 0 0 0 1 0 1 0 0 0 0 0 0 0 0 0 0 0
  0 1 0 0 0 0 1 0 0 0 0 0 0 1 0 0 0 0 0 0 0 0 0 0 0 0 0 0 0 0 0 0 0 0 0 0
  0 0 1 0 0 0 0 0 0 0 0 1 0 0 0 0 0 0 0 0 1 0 0 0 0 0 0 1 0]
 [0 1 1 0 0 0 0 0 1 0 0 0 1 0 0 1 0 0 0 0 0 0 0 0 0 0 1 0 0 1 0 0 0 0 0 0
  0 0 0 0 0 0 0 0 0 0 0 0 0 0 0 0 0 0 1 0 0 1 0 0 0 0 0 1 1 0 1 1 0 0 1 0
  1 0 0 0 0 0 0 0 0 0 0 0 0 0 0 0 0 1 0 1 0 1 0 0 0 0 1 0 0]
 [0 0 0 0 0 0 0 0 0 0 0 0 0 1 1 0 0 0 0 1 0 0 0 0 0 0 0 0 0 0 0 1 0 0 0 1
  1 0 0 0 0 0 0 0 0 1 0 1 0 0 0 0 0 0 0 0 0 0 0 1 0 0 0 0 0 1 0 0 0 1 0 0
  0 0 0 0 0 0 0 0 0 0 0 0 0 0 1 0 0 0 0 0 0 0 1 0 1 1 0 0 0]
 [0 0 0 0 0 0 0 1 0 0 0 0 0 0 0 0 0 0 0 0 0 0 0 0 0 0 0 0 0 0 0 0 0 0 1 0
  0 0 0 0 0 0 0 0 1 0 0 0 0 0 0 0 0 0 0 1 0 0 1 0 0 0 0 0 0 0 0 0 1 0 0 0
  0 0 0 0 0 0 0 0 1 0 0 0 0 0 0 0 0 0 1 0 0 0 0 0 0 0 0 0 0]
 [0 0 0 0 0 1 0 0 0 1 0 0 0 0 0 0 0 0 0 0 1 0 0 0 0 1 0 0 0 0 0 0 0 1 0 0
  0 0 0 0 1 0 0 1 0 0 0 0 0 0 0 0 0 0 0 0 0 0 0 0 0 0 0 0 0 0 0 0 0 0 0 0
  0 1 0 0 0 1 0 0 0 1 0 0 1 0 0 1 1 0 0 0 0 0 0 1 0 0 0 0 0]
 [0 0 0 1 1 0 0 0 0 0 0 1 0 0 0 0 0 0 0 0 0 1 0 0 0 0 0 0 0 0 1 0 0 0 0 0
  0 0 0 1 0 0 0 0 0 0 0 0 0 0 0 1 0 1 0 0 0 0 0 0 0 1 0 0 0 0 0 0 0 0 0 0
  0 0 0 1 0 0 1 0 0 0 0 0 0 1 0 0 0 0 0 0 0 0 0 0 0 0 0 0 0]
 [0 0 0 0 0 0 0 0 0 0 1 0 0 0 0 0 0 1 0 0 0 0 0 1 0 0 0 1 1 0 0 0 0 0 0 0
  0 0 1 0 0 0 0 0 0 0 1 0 0 0 0 0 0 0 0 0 1 0 0 0 0 0 0 0 0 0 0 0 0 0 0 1
  0 0 0 0 1 0 0 0 0 0 0 0 0 0 0 0 0 0 0 0 0 0 0 0 0 0 0 0 1]]
end
