mac
10
end
job
100
end
fam
12
end
proc_times
[[  0  52  78  82  52   8  19  48  29  80  53  45  48  33  48  51  55  99
   73  10  50  93  82  39  37  93  87   5  36  41  44  24  96  44   3  56
   42  60  90  30  64  86  21  53  19  65  42  30  51  55  46  58  79  41
   88  65  46   7  87  41  12  76  10  62  33  59  50  42  23  97  61  62
   18  89  61  83   3  50  99  97  78  93  30  92  12  16   7  39  89  39
   56  70  48  63  48  29   4  66  62  17  23]
 [  0  53  93  94  57   4  86  69  12  97  13  49  57  25   7  39  94  83
   25  69  60  30  51  12  83  83  95  92  65  29  89  65   3 100  90  66
   10  29  42  40  14  78  31  67  52  51  79  60  48  83  16  36  90  90
   42  73   3  65  61  16  81  59  32  83  68  23  96  90  56  56   6  68
   63  14  53  29  27   1  80  64  73  42  17  67  48  72  18  81  39  80
   18  16  46  26  29  88  63  52  26  90  75]
 [  0  14  60  73   7  68  59  15  74   3  36  98  68   4  95  42  71  21
   55   1  54   4  72  33  97   1  87  65  88  39  27  23  38  85  92  19
   88   4   3  72  20  26  38  26  60  23  97   8   1  75  54  89  93  30
   14  20  96  26  50   8  26  42  17  67  71  64  15   7  68  20   4  69
   93 100  97  47   4  88  43  50  73  68  83  32  14  42  35  39  54  10
   87  57  47  96  48  38  75  16  51  71  16]
 [  0  28   3  58  92  26  77  58   6  75   8  57  47  16  16  77   2  94
   96  92  66  91  10  30  36  96  23  15  72  40  18  61   7 100  92  41
   79  93  44  30  59  98  49   2  22 100  10  23  55  28  83  87  67  74
   39  68  51  73  56  78  29  16  58  85  13  45  91   8  98  67  47  38
   19  87  92   4  57  50  77   3  10  64  66  69  71  73  37  83  54  27
   24  80  90  14  85  82  83  80  65  69  79]
 [  0  34  99  66  12  55  73  48  34  87  81  19  77  70  48  38  79  11
   13  33  38   4  18  31 100  32  42  36  34  78   6  82  30  63  31  32
   56  99  19  16   8  49  20  85  38  15  32  40  21  16  94  70  61  88
    4  41  28  22  54  45  76  98  17  17  29  37  41  43  31  37  91  37
   18  13  32  20  63  26  11   8  19  89  75  83  46  72  20  92  20  19
   55   9  62  52  43  41  92  69  22  81  10]
 [  0  90  66  17  97  55  46  28  10  13   5  10  90  36  40  44  34  24
   45  15  90  31  10  57  60  20  85   1  63  57  69  53  65  50  60  10
   15  59  85  82  62  72  47  46  63  61  72   6  66  26  25  20   7  83
    7  64  14  64  25  31  86  83  93  34 100  40  70  70  89  72  70  73
   16  94  69 100  66  72  47  30  85  95  18  76  58  20  53  87  30  76
   28  77  63  89  37  94   8  87   6  86  24]
 [  0  84   4  90  46  62  30  11  99  28   5  15  10   2  48  95  83  25
   53  73  33  42  81  20  54  85   3  19  11  59  64  41  84   7  36  17
   28  66  88   5   9  67   5  44  92  59  95  82  40  16  27  79  18  94
   55  51   3  66  62   2  90  62  66  79  68  40  47  58  30  55  76  81
   42  48  18  29  77  47  65  63  27  71  94  26  41  20   3  42  11  50
   42  86  39   8  39  99   5  41  69  57  14]
 [  0  87   1  73  26  52  17  77  56  68  84  78  42  53  44  90  28  15
   44  94   7  24  53  12 100  23  94  37  84  90  13   1  17  23  99  17
   11  30  72  49  76  88  48   2  71  37  96  36  19  72  50  83  37  50
   27  85  18  96   9  76  72   6  48  53  51  78  62  56  73  95  60   7
   95  35  64  52   9  40  13  19  83  25  52  64  64  42  37  60  94  45
   62  45  11  94  81  65  28  38  77  31  80]
 [  0  95  67  65  17  77  83  62  89  93  57  29  57  27   8  36  78  57
   23   8  98  22   1   8  85  85  72  19  74  94  54  95  79  23  19  89
   50  13  44  97  13  32  35  79   7  12  91  91  49  12  48  71   4  68
   91  55  87  91  93  84  85  72  81 100  18  39  13  29  13  96  58  52
   48  32  90  36  52  31  15  92  16   7  94  14  33  78  23  14   9  41
   39  60  13  16  73  48  55  88  62  29  69]
 [  0  41  19  21  90  61  72  15  60  76  20  44   2  33  38  46  77  44
    8  20  31  14  48  13  89  52  59  24  99  64  89  30  74  17  54  33
   25  16  50  74   4   2  15  94  76  50  10  20  18   1  18  31   8  16
   52  88  71  28  22  51  65  66  60  62  75   5  79  14  51  83  55  31
    5  82  95  27  79  89   2  25  85  81  30  33  80  72  45  76   3  61
   65  75   8  60  96  14 100  19  35  45  67]]
end
weight
[[ 0 85  3 76 12 43 16 43  6 61 64 72 32 83 14 27 27  4 95 41 15 42 98 94
  72 72 91 38 60 53 73 45 60 20 84  9 77 32 58 10 78 51 74 90 69 13  4  3
  71 79 47 44 17  7 19 78 48 11  4 97 28 23 53 89 68 13  3 12 98 19 71 63
  77 73 77 53 74 82 35 85 85 36 29 83 36 41 14 82 32  3 96 27 68  5 31 86
  11 43 20 83 62]]
end
setup_times
[[[ 0 54 44 35 52 49 59 42 31 51 48 56 55]
  [ 0  0 56 34 49 44 33 45 48 55 58 58 36]
  [ 0 57  0 41 52 55 44 56 47 47 53 51 36]
  [ 0 35 53  0 49 52 30 55 56 46 34 51 48]
  [ 0 59 30 43  0 32 46 43 49 31 43 47 34]
  [ 0 37 57 33 33  0 54 37 57 35 50 41 43]
  [ 0 33 35 57 56 31  0 51 52 56 57 51 42]
  [ 0 42 30 47 35 57 35  0 50 47 50 48 51]
  [ 0 40 35 37 52 32 53 30  0 41 50 30 50]
  [ 0 39 30 43 38 39 37 51 57  0 58 41 52]
  [ 0 35 48 35 35 35 59 50 59 47  0 46 32]
  [ 0 57 53 42 52 47 48 43 50 57 51  0 58]
  [ 0 33 41 39 43 37 41 40 33 58 43 32  0]]

 [[ 0 33 54 55 46 49 49 33 51 45 48 50 47]
  [ 0  0 34 43 53 49 31 59 59 50 47 54 36]
  [ 0 59  0 49 43 57 33 57 33 45 54 42 34]
  [ 0 39 59  0 57 54 36 59 51 32 58 45 32]
  [ 0 51 33 47  0 32 35 38 36 37 35 54 42]
  [ 0 43 43 54 35  0 55 46 46 48 30 45 35]
  [ 0 39 54 54 43 57  0 47 36 45 56 39 53]
  [ 0 49 48 57 34 52 31  0 30 56 44 52 32]
  [ 0 50 35 37 57 50 58 54  0 37 45 58 46]
  [ 0 57 38 52 42 52 45 43 54  0 41 38 51]
  [ 0 39 58 59 34 37 54 58 40 35  0 49 56]
  [ 0 47 47 34 52 41 59 54 39 59 33  0 46]
  [ 0 31 32 30 46 37 32 53 56 39 43 48  0]]

 [[ 0 38 36 43 40 38 46 52 35 31 54 43 55]
  [ 0  0 57 55 53 50 35 36 54 32 41 42 46]
  [ 0 57  0 48 49 35 47 46 51 45 43 32 38]
  [ 0 46 37  0 59 50 50 45 50 45 48 41 36]
  [ 0 50 30 44  0 36 58 57 34 53 51 51 42]
  [ 0 45 42 44 57  0 58 43 44 59 37 43 57]
  [ 0 47 33 57 31 35  0 50 41 36 33 46 58]
  [ 0 31 35 33 35 59 51  0 37 38 50 39 33]
  [ 0 43 49 36 58 31 47 53  0 49 30 35 43]
  [ 0 43 38 50 34 31 56 52 37  0 32 52 57]
  [ 0 57 33 44 32 37 51 53 57 48  0 38 53]
  [ 0 46 35 40 42 34 57 53 56 55 48  0 46]
  [ 0 57 55 52 43 38 51 55 38 35 58 30  0]]

 [[ 0 41 43 33 42 34 43 59 52 30 35 43 36]
  [ 0  0 47 58 58 35 43 37 47 50 34 36 46]
  [ 0 44  0 49 57 43 31 31 37 36 45 32 49]
  [ 0 51 40  0 41 30 31 44 46 50 34 38 39]
  [ 0 50 44 38  0 35 37 42 42 49 43 47 30]
  [ 0 42 34 53 42  0 30 52 58 41 44 50 58]
  [ 0 55 36 57 56 30  0 59 32 36 34 57 51]
  [ 0 43 53 56 54 46 36  0 49 51 30 48 58]
  [ 0 47 38 33 52 43 43 53  0 39 55 53 33]
  [ 0 34 31 48 45 38 57 53 51  0 45 57 37]
  [ 0 44 35 43 33 58 50 48 32 35  0 56 53]
  [ 0 54 44 42 52 49 39 32 41 48 44  0 51]
  [ 0 58 57 44 30 49 31 30 48 37 40 52  0]]

 [[ 0 51 57 46 50 54 55 48 44 39 56 37 42]
  [ 0  0 57 32 49 50 47 54 40 40 58 51 56]
  [ 0 34  0 53 46 44 59 50 30 37 57 45 38]
  [ 0 58 34  0 31 57 44 38 44 55 46 35 46]
  [ 0 36 32 30  0 40 45 54 43 36 35 52 58]
  [ 0 55 30 49 44  0 44 38 33 42 33 46 31]
  [ 0 39 50 34 32 57  0 52 32 46 59 46 37]
  [ 0 55 33 47 31 33 42  0 35 42 54 52 45]
  [ 0 56 43 48 59 58 51 46  0 49 56 56 52]
  [ 0 44 31 51 36 32 35 31 31  0 40 47 33]
  [ 0 59 50 58 47 46 49 34 55 42  0 56 55]
  [ 0 51 43 54 44 47 51 45 53 40 40  0 35]
  [ 0 35 34 54 42 38 51 40 31 45 32 45  0]]

 [[ 0 41 57 50 42 35 32 39 50 40 54 42 43]
  [ 0  0 49 44 47 51 42 54 41 39 38 33 35]
  [ 0 59  0 30 37 52 42 52 59 31 53 44 56]
  [ 0 32 48  0 45 38 57 30 49 53 47 30 53]
  [ 0 52 40 57  0 40 40 51 33 32 51 51 54]
  [ 0 49 56 50 33  0 32 32 48 35 49 40 57]
  [ 0 45 37 38 55 37  0 56 50 45 45 34 38]
  [ 0 57 43 34 45 51 57  0 59 46 37 47 53]
  [ 0 55 39 35 59 42 52 53  0 42 59 53 37]
  [ 0 37 34 59 34 59 57 48 39  0 58 40 56]
  [ 0 56 58 53 36 51 42 40 34 38  0 58 44]
  [ 0 37 49 54 48 57 45 39 42 48 32  0 32]
  [ 0 34 39 35 44 30 40 58 53 44 39 40  0]]

 [[ 0 54 47 40 34 38 33 56 34 37 45 51 55]
  [ 0  0 41 35 34 50 36 59 46 51 45 47 37]
  [ 0 43  0 34 37 35 44 31 40 34 56 44 51]
  [ 0 45 43  0 56 37 31 47 52 56 52 43 40]
  [ 0 47 47 45  0 31 34 50 51 35 42 54 41]
  [ 0 58 50 42 48  0 31 37 42 55 36 54 30]
  [ 0 43 43 41 47 36  0 47 44 36 39 41 50]
  [ 0 34 52 31 56 42 47  0 32 37 42 59 59]
  [ 0 36 47 58 32 40 52 41  0 39 59 45 45]
  [ 0 49 56 50 32 35 42 34 30  0 52 36 55]
  [ 0 39 51 46 51 51 32 33 31 44  0 32 41]
  [ 0 31 48 57 52 43 51 54 59 36 41  0 57]
  [ 0 51 42 48 51 44 32 37 33 59 31 40  0]]

 [[ 0 59 32 39 47 46 53 57 33 42 53 33 30]
  [ 0  0 58 38 51 57 37 46 40 38 41 42 50]
  [ 0 50  0 53 45 32 58 54 42 52 30 49 52]
  [ 0 38 55  0 45 30 58 36 52 56 59 35 37]
  [ 0 50 56 34  0 59 38 56 49 58 45 49 36]
  [ 0 45 55 49 42  0 34 52 48 36 52 40 48]
  [ 0 50 31 32 55 59  0 44 45 42 57 37 39]
  [ 0 57 53 46 46 56 55  0 30 50 57 57 46]
  [ 0 50 50 31 38 47 45 32  0 44 48 32 43]
  [ 0 42 33 56 52 39 53 53 42  0 36 48 31]
  [ 0 59 44 58 35 55 51 54 59 47  0 53 47]
  [ 0 41 47 40 49 45 35 41 45 53 30  0 52]
  [ 0 58 41 36 53 34 38 56 45 41 54 52  0]]

 [[ 0 39 54 48 59 32 32 45 50 43 35 52 38]
  [ 0  0 38 46 58 36 39 55 30 38 33 33 51]
  [ 0 55  0 44 39 56 59 36 53 48 32 54 38]
  [ 0 31 33  0 54 46 49 41 48 50 55 42 49]
  [ 0 39 39 35  0 44 47 35 37 54 34 41 45]
  [ 0 52 41 52 57  0 42 33 51 43 35 32 31]
  [ 0 30 41 44 51 32  0 52 31 50 32 30 58]
  [ 0 34 32 38 55 37 57  0 57 45 39 40 57]
  [ 0 39 38 37 42 41 45 38  0 59 53 50 58]
  [ 0 44 50 34 33 46 33 32 45  0 31 33 52]
  [ 0 58 34 35 34 36 42 36 58 38  0 55 56]
  [ 0 56 56 51 46 56 40 44 50 45 50  0 41]
  [ 0 44 41 36 58 33 35 31 43 36 49 34  0]]

 [[ 0 51 32 54 51 53 31 47 44 51 54 37 59]
  [ 0  0 37 35 33 46 37 41 30 39 49 55 34]
  [ 0 56  0 51 50 55 55 48 44 52 41 53 36]
  [ 0 33 55  0 56 30 49 57 51 50 30 30 33]
  [ 0 55 49 59  0 30 43 33 37 34 37 51 39]
  [ 0 54 52 57 42  0 38 47 49 33 32 59 37]
  [ 0 34 36 50 33 49  0 32 58 53 32 55 46]
  [ 0 45 45 41 35 49 42  0 41 36 56 51 58]
  [ 0 44 37 47 45 40 37 45  0 45 56 40 45]
  [ 0 32 51 45 52 54 41 57 44  0 30 58 52]
  [ 0 50 52 47 44 40 40 46 30 42  0 47 38]
  [ 0 48 32 30 50 48 39 36 30 41 35  0 48]
  [ 0 37 30 50 39 58 40 33 42 38 58 35  0]]]
end
fixed_cost
[[2318 2326 2276 2243 2279 2306 2289 2247 2307 2261]]
end
unit_cost
[[61 36 42 59 58 31 65 33 41 32]]
end
job2fam
[[1 0 0 0 0 0 0 0 0 0 0 0 0 0 0 0 0 0 0 0 0 0 0 0 0 0 0 0 0 0 0 0 0 0 0 0
  0 0 0 0 0 0 0 0 0 0 0 0 0 0 0 0 0 0 0 0 0 0 0 0 0 0 0 0 0 0 0 0 0 0 0 0
  0 0 0 0 0 0 0 0 0 0 0 0 0 0 0 0 0 0 0 0 0 0 0 0 0 0 0 0 0]
 [0 0 0 0 0 1 0 1 0 0 0 0 0 0 1 0 0 0 0 0 0 0 0 0 0 0 0 0 0 0 0 0 0 0 0 0
  0 0 0 0 0 0 0 0 0 0 0 0 0 0 0 0 0 0 0 0 0 0 0 0 1 0 0 0 0 0 0 0 0 0 0 0
  0 0 0 0 0 0 0 0 0 1 0 0 0 0 0 1 0 0 0 0 0 0 0 0 0 0 0 0 0]
 [0 0 0 0 0 0 0 0 0 1 1 0 0 0 0 0 0 1 0 0 0 0 1 0 0 0 0 0 0 0 0 0 0 0 0 0
  0 0 0 0 0 0 0 0 0 0 0 0 0 0 1 0 0 0 0 0 1 0 0 0 0 1 0 0 0 0 0 0 0 0 0 0
  0 0 0 0 1 0 0 0 0 0 0 0 0 0 0 0 0 0 0 0 0 0 0 1 1 0 0 0 0]
 [0 0 0 0 0 0 1 0 0 0 0 0 0 0 0 0 0 0 0 0 0 0 0 0 0 0 0 0 0 0 0 0 0 0 0 1
  0 0 0 0 0 0 0 0 0 0 0 0 0 0 0 0 0 0 0 0 0 1 0 0 0 0 0 0 0 0 0 0 0 0 1 0
  0 0 0 0 0 0 0 0 0 0 0 0 0 0 0 0 0 0 0 0 1 0 0 0 0 0 0 0 0]
 [0 0 0 0 0 0 0 0 0 0 0 1 1 0 0 0 0 0 0 1 0 0 0 1 0 1 0 0 0 0 0 0 1 0 0 0
  0 1 0 0 0 0 0 0 0 0 0 0 0 1 0 0 0 0 0 0 0 0 1 0 0 0 1 0 1 0 0 0 0 0 0 0
  0 0 0 1 0 0 0 0 0 0 0 0 0 0 0 0 0 0 0 0 0 0 0 0 0 0 0 0 0]
 [0 0 0 0 0 0 0 0 0 0 0 0 0 1 0 1 0 0 0 0 0 0 0 0 0 0 0 0 0 1 0 0 0 0 1 0
  0 0 0 0 0 0 0 0 0 0 0 0 0 0 0 0 0 1 0 0 0 0 0 0 0 0 0 0 0 0 1 0 0 0 0 0
  0 0 0 0 0 0 0 0 0 0 0 0 1 1 0 0 0 0 0 0 0 0 0 0 0 0 0 0 0]
 [0 0 0 0 1 0 0 0 0 0 0 0 0 0 0 0 1 0 0 0 0 0 0 0 0 0 0 0 0 0 0 1 0 0 0 0
  1 0 0 0 0 0 1 1 1 0 0 0 0 0 0 0 0 0 1 0 0 0 0 1 0 0 0 0 0 1 0 1 0 0 0 1
  0 0 0 0 0 0 0 0 0 0 0 1 0 0 0 0 0 0 0 0 0 0 0 0 0 0 0 1 0]
 [0 0 0 0 0 0 0 0 0 0 0 0 0 0 0 0 0 0 0 0 0 0 0 0 0 0 0 0 0 0 0 0 0 1 0 0
  0 0 0 0 0 0 0 0 0 0 0 0 0 0 0 1 0 0 0 0 0 0 0 0 0 0 0 0 0 0 0 0 0 0 0 0
  0 0 0 0 0 1 0 1 0 0 0 0 0 0 1 0 0 0 0 1 0 0 0 0 0 0 0 0 0]
 [0 0 1 0 0 0 0 0 1 0 0 0 0 0 0 0 0 0 0 0 0 1 0 0 0 0 0 0 1 0 0 0 0 0 0 0
  0 0 0 0 0 0 0 0 0 0 0 0 1 0 0 0 0 0 0 1 0 0 0 0 0 0 0 0 0 0 0 0 0 0 0 0
  0 0 0 0 0 0 0 0 0 0 0 0 0 0 0 0 0 0 0 0 0 0 0 0 0 0 0 0 1]
 [0 1 0 0 0 0 0 0 0 0 0 0 0 0 0 0 0 0 0 0 0 0 0 0 1 0 0 1 0 0 1 0 0 0 0 0
  0 0 1 0 0 0 0 0 0 1 0 0 0 0 0 0 0 0 0 0 0 0 0 0 0 0 0 0 0 0 0 0 0 0 0 0
  0 0 1 0 0 0 0 0 0 0 0 0 0 0 0 0 0 0 1 0 0 1 0 0 0 0 0 0 0]
 [0 0 0 0 0 0 0 0 0 0 0 0 0 0 0 0 0 0 0 0 0 0 0 0 0 0 0 0 0 0 0 0 0 0 0 0
  0 0 0 0 0 0 0 0 0 0 1 1 0 0 0 0 1 0 0 0 0 0 0 0 0 0 0 1 0 0 0 0 0 0 0 0
  1 0 0 0 0 0 1 0 0 0 1 0 0 0 0 0 1 1 0 0 0 0 1 0 0 0 0 0 0]
 [0 0 0 1 0 0 0 0 0 0 0 0 0 0 0 0 0 0 1 0 0 0 0 0 0 0 0 0 0 0 0 0 0 0 0 0
  0 0 0 0 0 0 0 0 0 0 0 0 0 0 0 0 0 0 0 0 0 0 0 0 0 0 0 0 0 0 0 0 0 1 0 0
  0 0 0 0 0 0 0 0 0 0 0 0 0 0 0 0 0 0 0 0 0 0 0 0 0 1 0 0 0]
 [0 0 0 0 0 0 0 0 0 0 0 0 0 0 0 0 0 0 0 0 1 0 0 0 0 0 1 0 0 0 0 0 0 0 0 0
  0 0 0 1 1 1 0 0 0 0 0 0 0 0 0 0 0 0 0 0 0 0 0 0 0 0 0 0 0 0 0 0 1 0 0 0
  0 1 0 0 0 0 0 0 1 0 0 0 0 0 0 0 0 0 0 0 0 0 0 0 0 0 1 0 0]]
end
