mac
3
end
job
40
end
fam
3
end
proc_times
[[  0  41  27  46  90  94  93  10  10  29  77  97  28  24  65  81   4   2
   85   1  43  63  34  42  33  95  30  40  32  14  66  20   9  89  58   6
   64  10  96  48  46]
 [  0  51  34   4   1  61  88  91  11  85  86  30  92  70  39  48  48  13
   88  90  47  79  19  29  66  48  16 100  85  30  51   4  67  81  61  77
   56  31  18  70  71]
 [  0  87  76  19  98  23  73  92  99  92  99  44  50  51  83  57  13  26
   11  10  76  41  86  72  99  85  47  94  21  89  48  41  45  25  36  79
    5  71  91  34  89]]
end
weight
[[ 0 45 88 19 28 60 14 21 50 17 76 57 19 77 52 62 65 94 77 48  1 13 40 68
  13 14 68 65 60  2 29 14 91  2 55 60 56 25 85 24 91]]
end
setup_times
[[[ 0 38 54 59]
  [ 0  0 48 44]
  [ 0 50  0 40]
  [ 0 59 44  0]]

 [[ 0 58 50 34]
  [ 0  0 58 53]
  [ 0 31  0 42]
  [ 0 36 55  0]]

 [[ 0 54 46 49]
  [ 0  0 44 34]
  [ 0 47  0 44]
  [ 0 40 36  0]]]
end
fixed_cost
[[2205 2168 2179]]
end
unit_cost
[[41 41 41]]
end
job2fam
[[1 0 0 0 0 0 0 0 0 0 0 0 0 0 0 0 0 0 0 0 0 0 0 0 0 0 0 0 0 0 0 0 0 0 0 0
  0 0 0 0 0]
 [0 0 1 1 1 0 0 0 0 0 0 1 0 0 0 0 0 1 0 0 0 0 0 0 1 1 0 0 0 0 0 0 1 1 0 0
  0 0 0 0 0]
 [0 1 0 0 0 1 1 1 1 1 0 0 0 1 1 1 0 0 1 0 0 0 0 1 0 0 0 0 1 1 1 0 0 0 0 0
  0 1 1 0 0]
 [0 0 0 0 0 0 0 0 0 0 1 0 1 0 0 0 1 0 0 1 1 1 1 0 0 0 1 1 0 0 0 1 0 0 1 1
  1 0 0 1 1]]
end
