mac
3
end
job
40
end
fam
3
end
proc_times
[[  0  86   1   6  26  26  36  74  14  20  43   5  76   2  58  43  48  54
   10  54  26  59  40  64  16  31  62  94   3  52  91  17  24  10  51  24
   16  53 100  70  40]
 [  0  45  29  14  52  18   1   1  56  64  92  68  86   2  22  74   3  83
   28  18  74  27   2  85  30  68  76  94  22  73  37  93  34  21  68  64
   48  64  21  45  56]
 [  0  35  34  85 100  30  45 100  43  46  61  74  70  17  70  32  29  29
   37  83  44  84  61  35  27   1  88   3  16  27  18  13  95  23  93   2
   79  27  97   7  87]]
end
weight
[[ 0 69 46 42 75 27  8 85 52  1  5 45 91  3 59 63 76 76  1  5 53 51 72 16
   8 32 61 90 56 53 63 35 99 79 41 42 67 63  3  6 65]]
end
setup_times
[[[ 0 59 58 41]
  [ 0  0 54 41]
  [ 0 33  0 40]
  [ 0 35 58  0]]

 [[ 0 35 43 59]
  [ 0  0 40 30]
  [ 0 41  0 48]
  [ 0 50 42  0]]

 [[ 0 47 50 30]
  [ 0  0 36 45]
  [ 0 47  0 33]
  [ 0 45 44  0]]]
end
fixed_cost
[[2066 2085 2129]]
end
unit_cost
[[45 50 43]]
end
job2fam
[[1 0 0 0 0 0 0 0 0 0 0 0 0 0 0 0 0 0 0 0 0 0 0 0 0 0 0 0 0 0 0 0 0 0 0 0
  0 0 0 0 0]
 [0 0 1 1 1 0 0 0 0 0 0 1 0 0 0 0 0 1 0 0 0 0 0 0 1 1 0 0 0 0 0 0 1 1 0 0
  0 0 0 0 0]
 [0 1 0 0 0 1 1 1 1 1 0 0 0 1 1 1 0 0 1 0 0 0 0 1 0 0 0 0 1 1 1 0 0 0 0 0
  0 1 1 0 0]
 [0 0 0 0 0 0 0 0 0 0 1 0 1 0 0 0 1 0 0 1 1 1 1 0 0 0 1 1 0 0 0 1 0 0 1 1
  1 0 0 1 1]]
end
